1432993051
3414509159
3414509159
860129059
342906269
987334723
860129059
987334723
860129059
987334723
860129059
20854389
860129059
2180608131
172694845
46846624
20008618
3445004655
14305137
2341869265
2180608131
33885551
1240005710311759876
3414509159
14305137
849207961
352306584
95238065
1316289968164286464
95238065
391243055
344347135
1383058278255632384
365603504
454057836
44371342
20224408
4892202885
229493821
848152513027166208
75388843
138356914
712645860
16903035
2613797256
449971328
1139577989564440576
1139577989564440576
1139577989564440576
31397933
418200427
57064417
368505134
2801247624
31397933
1630778671
1630778671
820014318
286750097
360187079
360187079
37761004
1268113275868381185
24746466
66217612
23436442
636381599
135173461
34656014
1077597337508331531
2180608131
34656014
1077597337508331531
156201907
156201907
2923520194
820906803630313472
2341869265
359379800
427734625
72645772
2949310325
820906803630313472
215942678
2415957962
14291311
236403619
173847764
43726157
2415957962
14291311
2415957962
2415957962
30439759
62121469
2415957962
992162588233527296
1064231754750484483
215942678
215942678
1200940969
215942678
215942678
1077597337508331531
215942678
2589898190
19389900
215942678
215942678
215942678
2742671437
2415957962
1412331872
48974071
72228773
29716556
48974071
48974071
48974071
48974071
1347254283562061827
48974071
48974071
48974071
32352209
858674768
62522258
193611372
48974071
1155012744271343616
23436442
14291331
48974071
48974071
23436442
48974071
48974071
1109952151885963264
41804156
18156456
106126363
796712285305798656
81697039
356852568
3430090557
1115264166
332401454
29716556
1630778671
1630778671
25669359
23436442
1134122147268485122
18156456
332401454
489479693
47646982
20868447
2818756895
47974057
14365312
95238065
152213286
47974057
112871323
402377699
112871323
18387289
43062590
3002192253
43062590
43062590
2415957962
317101757
136939611
1240005710311759876
1518809059
152945375
720589683093303296
720589683093303296
2425458465
1311296533720072197
14305137
183356975
1234039680502550529
2180608131
1234039680502550529
2180608131
2180608131
1008706767390478336
915516061444866048
3457292777
915516061444866048
3457292777
1167061771
2180608131
419788091
873304134
2180608131
2180608131
43062590
227241501
21863942
1899937987
3171637277
1281971462656729088
721435315026665472
317101757
2415957962
25977779
16903035
249076776
1342246146
175187994
2415957962
612972910
18387289
1261862418
236403619
1261862418
31397933
2180608131
542697658
74677398
30840835
74677398
17691017
30840835
360838847
2356403817
3431120265
976922158197891074
2415957962
284025416
1382215398
284025416
1382215398
284025416
1382215398
284025416
1382215398
284025416
27716729
172694845
2415957962
204276552
296748793
2415957962
293586346
819702318
352306584
1342246146
309126789
309126789
112871323
309126789
112871323
20667905
25669546
2546282090
28148610
2385651978
286907186
408159075
113002313
2560459421
6393892
18475198
18760790
18475198
18760790
18760790
18475198
18760790
33667980
168508977
730462334649573376
46081160
46081160
1239238620613087233
61340005
20854389
399601474
393448735
907214403573035009
730462334649573376
46081160
3414509159
18934005
14617551
18934005
992162588233527296
2415957962
83831809
83831809
83831809
175357776
83831809
108856784
175357776
1261862418
2481844412
204276552
838753427207380992
204276552
1261862418
204276552
204276552
48966732
576587453
57064417
304331315
966666031166054400
18387289
46081160
24169740
23925022
250435513
23925022
2790094654
23925022
23925022
2790094654
112871323
337332303
23925022
871701848444555264
716750286883266561
2790094654
2790094654
337332303
2790094654
932785156284350465
2790094654
2790094654
337332303
2790094654
618965660
38451208
10107052
812431372174454786
337332303
2790094654
59569015
337332303
95575706
607016620
402983524
824160598103588871
37904694
824160598103588871
1224960974102368257
18934005
824160598103588871
1056639852748460032
56676419
29659136
333903537
29659136
333903537
29659136
31976183
29659136
31976183
29659136
20672548
127268367
29659136
98576755
31976183
29659136
41908037
31397933
471709113
14246923
471709113
14246923
471709113
2180608131
41908037
31397933
1199976282924158976
39599815
471709113
872837084926627843
4885135192
820014318
295361148
16448150
219465351
3414509159
2180608131
471709113
33497800
2742671437
26601441
31397933
40873211
2180608131
393387610
17813010
886608697
732397975
3369648803
3369648803
421125838
1653771666
115513510
1041237779135397888
1111997261121273856
295361148
462893360
2742671437
539445926
3369648803
141744721
141744721
141744721
1037031822
42845459
31662242
2285421987
2874173163
95169910
78864889
886608697
78864889
133683225
3457292777
596422929
1123593352857968642
1246771147
398606542
93486562
18844062
460042429
27314433
123796114
31397933
2180608131
204525639
982793893
138376196
2180608131
72228773
873304134
204525639
2180608131
138376196
204525639
2180608131
61250638
204525639
204525639
204525639
204525639
61250638
2180608131
204525639
2180608131
2180608131
61250638
204525639
204525639
2180608131
3457292777
1097908154594148352
47361819
17471820
14617551
40873211
2818756895
63266077
365635604
873304134
873304134
2180608131
106769293
112428297
95238065
95238065
596422929
219653856
25144335
1019946362
3445004655
3369648803
3369648803
204525639
471709113
2976837525
109591967
596422929
798228198
3128858487
281173124
830546635
3457292777
976922158197891074
18934005
48514346
352306584
88236209
68391443
45565446
2203804504
819702318
429313316
1009923719861501960
90534982
90534982
31397933
288341428
1923047580
31397933
40845779
715982333329977344
3411639460
3457292777
387118980
1159597940
66664753
795929759200976896
990200006157185024
106769293
596422929
595444214
596422929
831986306
789580
224996231
467446719
3230796695
365603504
712645860
2896604975
848152513027166208
1887331411
2982609633
20667905
2818756895
824160598103588871
338557070
596422929
596422929
64385966
824160598103588871
596422929
402983524
24680416
838081680879529986
1860429764
19119226
824160598103588871
18490910
1586216377
819702318
954411663167549440
88236209
31110822
38135837
20676292
20676292
20676292
54530632
27113674
60900925
60900925
224240042
224240042
18490910
27692462
88236209
377945512
19414413
858012764870148096
18934005
1070857573
18934005
1070857573
95410045
1923047580
219465351
402983524
18934005
36882824
146917335
563235947
1432993051
18897831
160891836
3377892790
3377892790
19646280
18761782
2825747327
39239833
2946239062
76264443
76264443
3354083716
74677398
3354083716
879733803325018116
2976837525
874736502500200448
874736502500200448
195073490
108856784
18934005
14907863
1160856546
18934005
93614555
18934005
752523992058200064
1923047580
80109709
317101757
619475949
304041005
838081680879529986
873304134
619475949
14907863
304041005
14907863
195073490
3221210499
1513333748
838081680879529986
838081680879529986
1513333748
838081680879529986
3044288870
786808732327870465
1513333748
3044288870
786808732327870465
3044288870
304041005
22767441
84842549
84842549
19603174
276905731
11287362
780057012
304041005
304041005
504496562
1513333748
873304134
1513333748
292200400
38033026
873304134
17066475
874736502500200448
138134771
2180608131
2180608131
852635347007795201
619017291
18934005
99347701
28957526
28957526
28957526
9695912
9695912
9695912
9695912
9695912
28957526
28957526
28957526
28957526
28957526
28957526
28957526
28957526
28957526
28957526
28957526
28957526
28957526
28957526
40873211
46081160
22475991
782305332
47974057
18934005
116872803
18934005
219465351
2180608131
40873211
1456920548
21868875
317101757
2180532753
2180532753
2180532753
2180532753
2180532753
2180532753
717610795
18934005
400864184
1653771666
34656014
32671410
90534982
136184787
1696260572
219465351
18669139
219465351
40873211
17066475
17066475
17066475
17066475
17066475
17066475
17066475
17066475
17066475
17066475
17066475
34941106
34941106
40873211
3369648803
1112477467
40873211
33281373
56199360
56199360
56199360
56199360
110828274
18897831
108856784
355348269
2801247624
25262480
31397933
797005100699021312
1456920548
17187058
136392057
317101757
Result_count_tot:755