3248077611
3076779896
3043489048
3043489048
987038060
3076779896
3076779896
21991593
2415957962
2333828866
1382215398
169662017
511707320
2996731568
47134635
1450906933
24418670
152213286
14273617
827259086563479552
1705451886
1705451886
120192000
873304134
120192000
520379022
2341869265
1342246146
27714681
1362544471
60868457
33305235
96010420
33305235
1356297846
793733880012570624
579065545
873304134
606448747
236827326
87666695
2996731568
2996731568
511707320
2996731568
2996731568
2996731568
2996731568
2996731568
2996731568
2996731568
2996731568
2996731568
34285054
2996731568
2996731568
39217768
873304134
511707320
1658424937
1011728104862179328
1011728104862179328
1011728104862179328
60868457
881866381586771969
852852697
852852697
1011728104862179328
1264209457808015360
511707320
1011728104862179328
1011728104862179328
53367893
1658424937
31405598
1148709864
1658424937
511707320
271094740
159158744
511707320
1658424937
29273536
1658424937
1362544471
72245600
3421915379
3421915379
72245600
3421915379
803159667618828289
72245600
803159667618828289
588174156
4812587356
2180912931
217530764
34285054
939818513472114688
437373893
1264209457808015360
1148709864
1148709864
18716146
939818513472114688
806963350643101696
385361442
939818513472114688
806963350643101696
1148709864
752523992058200064
752523992058200064
752523992058200064
752523992058200064
752523992058200064
72245600
25144335
34285054
1918240832
1148709864
1148709864
620392738
1088736761285656576
26798240
1062474152890810369
796444128
237767215
235367304
235367304
41866303
1181108894409601024
250095166
72245600
217530764
56331217
2610412760
28351105
595048686
968955060
332397150
734478434
987038060
987038060
1335706644
1335706644
1335706644
1335706644
987038060
25938121
33305235
38842425
353919680
38842425
60868457
34285054
987038060
987038060
56331217
987038060
987038060
987038060
987038060
34013960
34285054
1148709864
987038060
1335706644
1335706644
1335706644
1335706644
1335706644
1335706644
1335706644
107475104
107475104
107475104
838111239750447104
107475104
838111239750447104
107475104
923679078
28957526
1126967225766662145
1126967225766662145
387118980
28885223
188256896
33013018
89025622
33013018
188256896
25144335
33013018
306227173
34013960
838111239750447104
2610412760
2308216804
1129236186
2308216804
53367893
53367893
873304134
2849941060
38842425
72128493
605593658
112871323
34013960
22471399
34013960
34013960
34013960
1527864668
1527864668
34013960
1527864668
34013960
144813427
28885223
306227173
987038060
987038060
33013018
4142772243
4867120059
34013960
306227173
306227173
4867120059
2971462813
64366720
2418099208
18716146
40873211
46926016
Result_count_tot:236