2572733922
2572733922
2572733922
279251607
279251607
20667905
279251607
973869990
279251607
244983461
279251607
244983461
24938748
279251607
279251607
24938748
1483731527674601473
149806757
226281624
226281624
279251607
876303781
18886395
31153092
250095166
279251607
1382743280
279251607
82670042
1478107545147482112
111060431
804132241
474858512
998476071292035072
36362393
1252937001214644224
1343500261982089216
1343500261982089216
563235947
1090208064098258945
355348269
56044169
14214281
570744394
56044169
177917586
45565440
619475949
966251334960902144
1173340108306755589
1093248857784418316
1192479630701289472
45565440
1148709864
82670042
283452616
377427650
3663759801
76099002
1382814794
237524449
14350556
237524449
14350556
136659446
1216619657744080896
998476071292035072
1324452698
1324452698
1324452698
1252937001214644224
1252937001214644224
752523992058200064
752523992058200064
752523992058200064
3663759801
91327726
107524621
91327726
91327726
91327726
91327726
91327726
91327726
91327726
570744394
47974057
863073687855149056
1252937001214644224
40713696
40713696
49774380
47974057
108728225
47974057
1252937001214644224
1252937001214644224
1252937001214644224
1252937001214644224
250435513
36345076
1252937001214644224
19584064
791949818
1252937001214644224
838081680879529986
55487753
2718593403
838081680879529986
55487753
55487753
838081680879529986
1214907373481054209
1252937001214644224
993417457
317101757
317101757
1196168066339655681
280019924
20778180
Result_count_tot:120