2284280579
1365250976
3326797414
976922158197891074
976922158197891074
976922158197891074
220774885
1231820270
245287878
1365250976
1365250976
1365250976
67013494
376149624
220774885
1231820270
245287878
976922158197891074
3037875657
3037875657
954646879932952576
184205574
954646879932952576
184205574
54530632
3037875657
954646879932952576
54530632
1067153634717241355
1067153634717241355
1067153634717241355
54530632
3037875657
54530632
954646879932952576
838081680879529986
2718593403
2727239239
374417128
1134122147268485122
14694707
781568024683900928
375888089
781568024683900928
14694707
2718334706
2718334706
14694707
592077899
592077899
3037875657
11946382
11946382
14694707
3037875657
11946382
11946382
781568024683900928
Result_count_tot:58