752523992058200064
2540482822
1450298253476388866
1450298253476388866
1450298253476388866
2540482822
1498970542266802179
2540482822
380249246
946038681781047301
608828776
946038681781047301
506317379
946038681781047301
155027569
946038681781047301
1373315947562475524
1619767424
19334026
1373315947562475524
32104191
34571000
1386911471616118785
504496562
39311450
133798612
14214281
81578629
14214281
1373315947562475524
946038681781047301
946038681781047301
2182598418
1373315947562475524
946038681781047301
1238154611309101057
946038681781047301
615476387
1422624319168032776
1373315947562475524
946038681781047301
1373315947562475524
380249246
233665155
477122511
615476387
946038681781047301
1238154611309101057
946038681781047301
1373315947562475524
273837244
133798612
31362764
1235293230377447424
2481844412
1373315947562475524
1373315947562475524
1373315947562475524
838753427207380992
1373315947562475524
838753427207380992
813329250
58028047
23418810
838753427207380992
23418810
838753427207380992
23418810
838753427207380992
838753427207380992
838753427207380992
838753427207380992
838753427207380992
838753427207380992
838753427207380992
838753427207380992
838753427207380992
838753427207380992
838753427207380992
946038681781047301
838753427207380992
838753427207380992
919388376
838753427207380992
919388376
838753427207380992
838753427207380992
838753427207380992
838753427207380992
919388376
23418810
919388376
23418810
23418810
919388376
23418810
838753427207380992
838753427207380992
919388376
838753427207380992
919388376
838753427207380992
838753427207380992
838753427207380992
919388376
838753427207380992
838753427207380992
838753427207380992
838753427207380992
838753427207380992
838753427207380992
838753427207380992
838753427207380992
838753427207380992
838753427207380992
476153918
838753427207380992
476153918
838753427207380992
838753427207380992
476153918
838753427207380992
476153918
476153918
838753427207380992
838753427207380992
838753427207380992
838753427207380992
946038681781047301
476153918
838753427207380992
476153918
838753427207380992
838753427207380992
93486562
838753427207380992
93486562
838753427207380992
175187994
38451208
58028047
58028047
38451208
946038681781047301
178659694
838753427207380992
58028047
58028047
2600974059
838753427207380992
2600974059
718349821153832960
838753427207380992
838753427207380992
838753427207380992
2600974059
718349821153832960
838753427207380992
718349821153832960
838753427207380992
838753427207380992
838753427207380992
718349821153832960
838753427207380992
838753427207380992
718349821153832960
718349821153832960
718349821153832960
175187994
838753427207380992
838753427207380992
718349821153832960
838753427207380992
175187994
838753427207380992
838753427207380992
31195903
31195903
838753427207380992
175187994
838753427207380992
31195903
838753427207380992
31195903
31195903
838753427207380992
838753427207380992
31195903
838753427207380992
718349821153832960
838753427207380992
838753427207380992
175187994
838753427207380992
838753427207380992
31195903
2600974059
388148354
838753427207380992
838753427207380992
23418810
388148354
838753427207380992
175187994
175187994
23418810
2777892065
838753427207380992
838753427207380992
246972604
2917410415
579295585
838753427207380992
579295585
2917410415
961135976
838753427207380992
2600974059
2600974059
579295585
2600974059
579295585
838753427207380992
838753427207380992
838753427207380992
838753427207380992
838753427207380992
23418810
718349821153832960
838753427207380992
961135976
838753427207380992
718349821153832960
838753427207380992
838753427207380992
718349821153832960
838753427207380992
718349821153832960
838753427207380992
838753427207380992
306426609
838753427207380992
306426609
838753427207380992
306426609
838753427207380992
476153918
306426609
838753427207380992
838753427207380992
838753427207380992
838753427207380992
838753427207380992
476153918
838753427207380992
476153918
838753427207380992
838753427207380992
476153918
838753427207380992
615476387
2481844412
838753427207380992
180911960
180911960
37788958
615476387
838753427207380992
838753427207380992
14048665
37788958
78058188
838753427207380992
1417553441434619908
37788958
37788958
37788958
838753427207380992
838753427207380992
1373315947562475524
1373315947562475524
356034112
4194110981
356034112
4194110981
1373315947562475524
1373315947562475524
1373315947562475524
1373315947562475524
1373315947562475524
1373315947562475524
1373315947562475524
1373315947562475524
2481844412
1373315947562475524
2481844412
2481844412
78058188
1138506578246721536
781212088228249600
1178934611449008129
1362544471
57592947
271902473
1373315947562475524
365635604
1158782291272982528
365635604
1158782291272982528
2626592290
504496562
873407457804132352
1581289837
1214156187509252104
1067651139687059457
1067651139687059457
868795669749927936
1177511242828849152
19334026
843918766354370560
2610485348
176085590
19334026
1373315947562475524
376747336
2444028215
237260418
2444028215
365635604
61489446
365635604
955474624917188608
82825318
365635604
297040631
82825318
418270847
1083747621485887488
946038681781047301
61340005
61340005
958414327
421730439
1311004212629827590
1347152596356751360
1026058994
752523992058200064
1373315947562475524
463696074
57592947
1373315947562475524
2481844412
26474538
34571000
718349821153832960
1342246146
1373315947562475524
19334026
1343500261982089216
35733102
944602050
2548072274
2548072274
415701368
2548072274
955080509935292416
1290184602385108993
2428958798
1290184602385108993
2829866035
4283437995
365635604
25336045
1133781622485135361
2164976883
992162588233527296
992162588233527296
43062590
1515824094
115044695
404265872
941980603431505921
410236677
2180608131
868894477338935296
992162588233527296
306426609
80887146
415701368
941980603431505921
941980603431505921
415701368
941980603431505921
429313316
78086900
2805883474
1353800907855695873
1168191237368799234
82670042
56328067
1429320907311534087
4283437995
1185270297043329024
922884769
1138506578246721536
415701368
504496562
2481844412
34231784
629155400
1373315947562475524
504496562
1373315947562475524
162672672
1314484336998191105
162672672
1241032817527619584
815188041308446721
2532762127
1073486504834592768
57592947
63175736
983400180
1357011977583820800
1425806392422637572
1395651595992371205
1434112512069341186
1402292824435953669
465478866
1021035564215164929
1356859747496980483
1312226098743136258
1356947675950710791
1426395156987617283
1407712660456546309
1356963495212765185
1360227293617037313
1360227293617037313
1332325313041207296
1356674820457390084
1344939290447339521
1356965547129270273
1405038382573441026
2282047951
1273097431652106242
1433977189762883587
1356424694736384000
1356298257429712896
1056903598691442688
1365225446137290754
1311257282408148992
1398599525858648067
619475949
619475949
26076279
2481844412
1215926666578612230
1965420942
328445838
34571000
2991881739
2590058264
41908037
351918692
469189813
365656064
2548072274
986930424474632192
90848755
1550294624
1354354296
281589495
56380373
122318779
1871890350
67070886
85666077
303097961
64385966
2377428211
775685426380214272
75742264
31405598
47459713
74474647
816758060727332865
863073687855149056
18364179
322803264
816758060727332865
863073687855149056
816758060727332865
74474647
1160463967111852033
1314342562308804608
47889584
1241308942145392640
551647462
551647462
34571000
27718077
1342246146
27718077
1198189740
27718077
1198189740
131293004
41595048
863073687855149056
3457292777
236162205
20238626
67845970
262164620
23084212
23937836
921362574
2481844412
2554375868
1362544471
2481844412
45791579
217530764
45791579
217530764
45791579
793733880012570624
281707965
82670042
192889718
3086692949
606448747
26474538
1371560561301983239
1269386606072430593
1269386606072430593
46782315
1389312757019906051
816758060727332865
20523971
1287439965211721728
717610795
467225373
397411698
1343500261982089216
172694845
159158744
111702288
31499866
883619430483333120
819461438
34941106
955474624917188608
28726577
34941106
897848198882111488
28726577
34941106
28726577
438211624
219653856
90848755
1536195732
225341716
1329062761482117121
1363906246563287047
304041005
524326247
36362393
19708641
2481844412
22488324
22488324
4048152814
1148709864
43062590
464645247
373272300
464645247
373272300
1343500261982089216
58139756
464645247
58139756
464645247
127268367
559667504
2332472992
559667504
39217768
873304134
26474538
271844563
122318779
103280252
103280252
18934005
205111571
18934005
205111571
103280252
1011728104862179328
26474538
103280252
559667504
205111571
171211471
2317558679
9695912
41908037
343328555
33237600
33237600
33237600
74474647
33099288
250435513
402377699
74474647
250435513
74474647
915516061444866048
1123019412963860480
244493243
915516061444866048
288414511
915516061444866048
915516061444866048
288414511
288414511
915516061444866048
3030883860
374402229
45565440
317101757
1281665017981657089
3061300019
238109168
205111571
103280252
1168191237368799234
504496562
2718334706
53876028
271045372
60896067
21743322
14214281
238109168
803159667618828289
352306584
177917586
1168191237368799234
752523992058200064
53876028
28406234
238109168
238109168
1240005710311759876
14285368
619475949
1006863025134100480
3291924044
615476387
34382957
512447810
20767071
734478434
2590058264
946038681781047301
1072055971025948672
752523992058200064
172694845
1221539816610914307
219653856
90848755
2590058264
377590012
15778187
172694845
603775254
33667980
15778187
172694845
232964109
35186651
15778187
219653856
172694845
31389952
33667980
58028047
918901868
918901868
752523992058200064
1329072687574966277
763141465614802948
846940940
823945003399520257
307006621
1272568367505948673
1085209501769318400
765456692
495911241
504496562
846940940
1287439965211721728
846940940
1085209501769318400
1343500261982089216
3290313046
765456692
3457292777
2548072274
19762987
174762419
2917410415
3457292777
3103828582
2481844412
166564256
166564256
224240042
224240042
224240042
224240042
818127906
32362052
1007522258468986880
1553793912
18475198
1553793912
224240042
224240042
224240042
434377207
1362544471
1375044577
53367893
53367893
53367893
846663964406824960
493456530
196802368
473914976
34696385
172694845
31499866
2481844412
217530764
2481844412
76989641
53367893
524326247
1112436629761712128
34027223
17066475
43062590
1308428186842169345
236403619
236403619
1308428186842169345
236403619
872149525565145089
43062590
939818513472114688
304041005
59065675
221509580
28142174
221509580
28142174
1083105254928011266
18594702
18594702
18594702
18594702
18594702
Result_count_tot:778