80936241
866501976
102397303
136184787
136184787
136184787
136184787
136184787
2809908354
838753427207380992
1334091265
41908037
821419
41908037
201646403
2925842572
32535843
14291120
41908037
41908037
14291120
41908037
136184787
39456398
1245281556127715328
45565440
112674261
475172955
136184787
20301193
32535843
41908037
33855875
269777232
46979706
197812912
846663964406824960
867685740
846663964406824960
398616191
867685740
198184204
846663964406824960
846663964406824960
846663964406824960
39718750
846663964406824960
373272300
1044697468506648578
227241501
46101484
373272300
46101484
373272300
46101484
373272300
373272300
46101484
373272300
46101484
373272300
4783588255
4783588255
846663964406824960
435289078
Result_count_tot:65