406892131
82670042
473829279
82670042
1192479630701289472
1008706767390478336
24938748
149806757
226281624
226281624
279251607
1491973719589154820
1488307907955654657
876303781
226281624
250095166
19905010
4048152814
279251607
279251607
279251607
70977551
6706182
48794268
1468190377387642882
31404274
575398242
103097873
48794268
986930424474632192
1159432229073895424
557603994
986930424474632192
1382305196261392384
1557584240
406892131
150619311
539397380
70977551
986930424474632192
80876514
1448695751815598083
68352264
80876514
986930424474632192
80876514
353289860
717036122837266432
2757513441
82670042
1275457709702348800
301023847
734478434
1518809059
103097873
1192479630701289472
599615580
1443520866457956355
361852315
1263900845281890321
406892131
57026218
2560618001
406892131
66800368
2794543715
57026218
57026218
473822717
2794543715
2794543715
66800368
57026218
66800368
57026218
66800368
57026218
66800368
57026218
66800368
35186651
33464295
150619311
1557584240
1008706767390478336
1557584240
843514380386033664
1557584240
1198287835213598721
1119575517949243392
1386394427040706560
35186651
35186651
781055332655198208
1250448094937976834
148686363
87666695
2296217728
1252937001214644224
4283437995
752523992058200064
36362393
150619311
734478434
30919482
88915300
29800686
734478434
29800686
88915300
150619311
148062520
734478434
148062520
734478434
734478434
148062520
734478434
734478434
150619311
82670042
158876399
150619311
316878270
2820198245
316878270
775084458743562240
501101417
2820198245
177917586
22814965
237524449
23925022
1455289571781103618
1349201145252737031
602201119
1263900845281890321
1438859741543927826
1428658358702182403
1442529368442429452
297343556
1450788772300435456
297343556
401156789
490173594
1442511414426435588
1434553653117980674
1434553653117980674
1443268682218680324
1442511414426435588
1243302498389164034
1243302498389164034
835052755
80876514
80876514
80876514
34972320
84368180
3806997142
102506038
3806997142
102506038
4798966816
1427334298798104582
4798966816
102506038
321546491
473993305
473993305
473993305
473993305
2825747327
734478434
1518809059
488741396
33509476
14311109
517844607
34382957
2219254012
4283437995
150619311
150619311
863559330
31404274
406892131
3030558041
862908228
148686363
1275457709702348800
524326247
1557584240
592072716
1343500261982089216
406892131
1275457709702348800
986930424474632192
1386656857801076737
1386656857801076737
1386656857801076737
1386656857801076737
1386656857801076737
1386656857801076737
1386656857801076737
1386656857801076737
1386656857801076737
1386656857801076737
1386656857801076737
1386656857801076737
1386656857801076737
1386656857801076737
1386656857801076737
1386656857801076737
1386656857801076737
1386656857801076737
1386656857801076737
1386656857801076737
1386656857801076737
1386656857801076737
1386656857801076737
1386656857801076737
1386656857801076737
1386656857801076737
809628433
1192479630701289472
1192479630701289472
4283437995
575398242
986930424474632192
453912287
4283437995
992688838987436032
4048152814
560965705
1337797928
992688838987436032
1337797928
992688838987436032
522157793
1337797928
14291331
992688838987436032
959074220289425408
34656014
365635604
34656014
453912287
1337797928
365635604
106077757
1148709864
47154016
14291331
1420264670
34656014
592072716
82670042
82670042
592072716
18360037
237260418
772116428
734478434
1352086882943979522
1653771666
860129059
170023589
860129059
170023589
396907954
64366720
2313448980
64366720
259171117
31267211
31267211
76989641
26207988
74677398
82825318
815188041308446721
1669736581
467424406
1362816919645147139
1361341548
1427597787508756493
15101278
1382609870839554050
1379944114070818816
1346290287467843589
1243442660611932160
433651744
1209621939007807488
1423227185398177792
1366670698966642692
511661330
452186247
1305183987745382400
452331352
1409465316212674564
117765295
4598275342
2279217679
1057258110274945024
1232065164
899562985429098496
899562985429098496
1427494601070456832
2831291836
835052755
2279217679
2279217679
2279217679
2279217679
522157793
1386656857801076737
2279217679
2279217679
2279217679
2279217679
522157793
2828226362
1419750580675923977
1404863921979285506
80876514
2828226362
14340875
522157793
522157793
522157793
2828226362
47974057
21890520
1360227293617037313
522157793
15083490
47974057
136184787
82670042
1363906246563287047
14340875
82670042
1394539736845324292
54961432
1352086882943979522
435289078
1412855787500748809
1412855787500748809
1412855787500748809
1412855787500748809
1412855787500748809
1412855787500748809
1412855787500748809
1412855787500748809
14340875
1197894770988851200
217530764
127074628
913125264
913125264
14340875
14340875
1352086882943979522
986599884341080066
1704716642
1352086882943979522
1358826665032486918
1352086882943979522
1352086882943979522
706997696
106077757
845643132
28319144
4353260675
23925022
986599884341080066
1183005337932255233
986599884341080066
38451208
838081680879529986
1354354296
1386708999895232516
67724181
1280662702621417479
132702118
845643132
1177355696058392576
14340875
2395935036
14340875
955088068146614273
2225693348
864406880092909572
1363906246563287047
1381309297267777545
14340875
14340875
14340875
1083334381
14340875
1352086882943979522
23925022
2948937802
2948937802
14340875
522268751
2948937802
1390394642810740743
430180591
186118929
730062398636314624
34972320
34972320
232964109
893282124
232964109
232964109
232964109
893282124
232964109
1122510418545659904
2411231094
14340875
14340875
473829279
776171614618681344
2313448980
478026444
904566048
53876028
478026444
2313448980
283666699
1196483602869080064
4832943611
1196483602869080064
1196483602869080064
53876028
117784141
227100587
340400074
243546842
1737141056
20362683
243546842
864570876225781763
864570876225781763
776171614618681344
4501984941
4501984941
237524449
1657014960
3903525218
2395935036
54972400
54972400
2559002312
38751278
38751278
14340875
2885416341
2395935036
1270063309719511042
806373975894933504
875135017
2885416341
36307732
238109168
1095016101233262592
357376695
31994651
4798966816
1190983825284837377
1041237779135397888
1190983825284837377
1212476637993783296
1041237779135397888
1190983825284837377
781055332655198208
1041237779135397888
4836064754
454918013
34941106
284025416
577301266
577301266
1965963661
439261656
38751278
36307732
1116747379
1221539816610914307
1348702984549638144
38751278
917742662085726208
1240005710311759876
1326892694858297344
1326892694858297344
1326892694858297344
1326892694858297344
2326177498
106786350
830748947329216512
830748947329216512
830748947329216512
830748947329216512
830748947329216512
4891904541
830328497407193088
830748947329216512
18387289
421125838
2516489104
529302952
320653400
758883528
1155474771804643329
1053270749908221952
1053270749908221952
14340875
14712588
1368832164494737413
1245083871688916995
864406880092909572
245760824
2395935036
2395935036
2395935036
917742662085726208
1094607171600478208
39721232
17678392
77159004
917742662085726208
877689271041220609
838410999283658756
1252630743362093057
751159112
96599432
96599432
2511133506
1141679835023958016
273367750
3171637277
1343500261982089216
1285563675672227843
1285563675672227843
1208547440405688321
1690562936
376158197
38751278
838081680879529986
838081680879529986
838081680879529986
838081680879529986
1343500261982089216
2570789269
2570789269
2570789269
14340875
17066475
1348702984549638144
47974057
3171637277
34575407
30257547
772116428
917742662085726208
14340875
189492004
38496097
81824632
62981377
846726126596755457
81824632
772116428
3171637277
3171637277
838081680879529986
1049235706252615680
917742662085726208
838081680879529986
1286919403
809458736330723328
833359200373862404
838081680879529986
4885135192
3145039719
776171614618681344
1044697468506648578
82325555
4194110981
110373312
47974057
338633794
338633794
1329103256694517768
782910704953225216
14340875
322531105
421524772
91998886
47974057
44983912
47974057
17632830
734478434
17632830
734478434
775084458743562240
1309459346921848833
734478434
734478434
734478434
396618124
901921784177586176
36307732
925538612
36307732
48815812
73881145
14340875
4142772243
414623003
1309459346921848833
799882446
2395935036
16575626
2395935036
14340875
4829109711
4142772243
4142772243
4142772243
4142772243
391243055
822964671305121792
2729147326
4885135192
1288813546248208384
2371605150
14340875
2371605150
14340875
132506283
28312207
3547190417
28312207
1707402152
14340875
1908746250
180851297
2872563339
180851297
1264933723360935939
822964671305121792
2969588985
187303562
Result_count_tot:658