2889270755
1484838662185488384
2889270755
2415957962
2415957962
2415957962
20238626
20238626
20238626
34972320
20238626
177911444
717774036877623296
717774036877623296
28308552
28308552
761541476
15027785
2415957962
1131150391641628672
2863714984
2863714984
103280252
1131150391641628672
103280252
917347403375792128
2863714984
361852315
807629196
1420706888468111363
838753427207380992
735764197380759552
735764197380759552
802514070
412926150
2420646557
417796510
1131150391641628672
3412312335
372735335
1420706888468111363
372735335
62121469
38260259
363282607
363282607
365635604
363282607
365635604
365635604
Result_count_tot:50