3082478066
1243621045266980866
2313448980
1041276467269709824
139997002
778340011599159296
14331613
1215926666578612230
14331613
14331613
1215926666578612230
945674562406113280
64054094
50303955
1178367931048173569
284025416
50303955
1178367931048173569
14331613
14331613
14331613
14331613
14331613
14331613
14331613
14331613
14331613
14331613
1241032817527619584
1241032817527619584
1241032817527619584
1274598933579382784
1241032817527619584
103097873
1241032817527619584
1274598933579382784
1357636089733873664
1357636089733873664
2313448980
88001109
14331613
1894856984
1474149244424626179
1474149244424626179
33852061
1474149244424626179
33852061
37761004
1474149244424626179
33852061
1474149244424626179
1269386606072430593
3386298503
972392156
1269386606072430593
948180824003883008
948180824003883008
1269386606072430593
1376421620
948180824003883008
948180824003883008
1241032817527619584
948180824003883008
948180824003883008
948180824003883008
14331613
948180824003883008
4836064754
1269386606072430593
4836064754
1269386606072430593
948180824003883008
3549331
15033759
2976837525
22493850
571656776
948180824003883008
15033759
1409919653263073280
23937836
2176218917
2176218917
571656776
2745848353
948180824003883008
2176218917
571656776
1357636089733873664
571656776
2723308582
571656776
510164923
37677256
510164923
14331613
14331613
14331613
14331613
14331613
14331613
14331613
14331613
14331613
14331613
14331613
14331613
14331613
89398445
54972400
1409919653263073280
2590058264
3386298503
3386298503
3386298503
1241032817527619584
1447664280548020226
18475198
16144050
18475198
43101130
3386298503
2313448980
816993776
1920493537
2313448980
14214281
31397933
1412853249426722818
2970367533
58511405
31397933
1356365290188234754
3386298503
1330109718384271360
3428374715
3386298503
3386298503
571656776
1385740275755126786
14282937
1028178732
1920493537
571656776
58164809
65619261
1540456093
516315443
1406001203490734081
2560618001
1289751925
571656776
945674562406113280
1011728104862179328
1011728104862179328
234387750
1422256004306292739
1011728104862179328
234387750
880511699207553027
3103828582
822964671305121792
64385966
114185957
555743404
35852829
555743404
555743404
372735335
1371560561301983239
1371560561301983239
944602050
1269386606072430593
304331315
Result_count_tot:174