618965660
503245246
113454353
1356921864845750272
838033909
42037146
352306584
36362393
39480304
230649466
2577701079
2917410415
273333721
1213960994
2723308582
47974057
39480304
132499217
1518067200
2818756895
2818756895
2818756895
2818756895
32535843
732397975
2178372575
2399141631
19766389
95575706
4904752558
29676425
2563205782
64818133
219268128
2563205782
873304134
2563205782
2563205782
2731281726
21185232
17688436
827989402441936896
827989402441936896
502930299
217530764
217530764
17688436
16032272
502930299
217530764
217530764
218624038
217530764
26837025
61489446
436682476
617269323
993417457
2818756895
18934005
711921323681959937
34656014
18934005
2818756895
2716758452
3058510913
23458354
344767027
3175750240
2548072274
3175750240
2548072274
3175750240
2548072274
38451208
38451208
38451208
38451208
38451208
38451208
38451208
38451208
803525853422505984
811592755281620996
142613436
72664373
34575407
2818756895
1178437964
172694845
1314054067
838033909
172694845
172694845
1590957253
113147061
2175439143
319072924
199667492
199667492
815854665082478592
2818756895
2818756895
72664373
298957712
967895348
18293645
61561385
779891617
10129252
2818756895
2925342028
236842303
23438083
18475198
29928571
18475198
56125230
228694077
271094740
72840952
199667492
72840952
72840952
236842303
2264840661
3543914901
2264840661
236842303
236842303
72840952
72840952
31662242
1076581284
29928571
174762419
23925022
236842303
236842303
90831443
236842303
235145810
235145810
235145810
235145810
967895348
1399073118
246422036
394247646
72840952
3092735992
11193982
2818756895
2818756895
1399073118
1399073118
72840952
72840952
236842303
3149320858
52104623
18293645
236842303
236824300
72840952
1381262292
72840952
63119470
90116669
90116669
90116669
1399073118
1934579060
2529198014
273333721
273333721
273333721
1518809059
39737021
417834285
39737021
417834285
273333721
417834285
273333721
273333721
290506667
417834285
237490098
29928571
18475198
18475198
31662242
1399073118
229018451
7089792
86577305
1513410282
1513410282
402644147
1190182783
72664373
28127542
72664373
72664373
2389682486
1642304252
2445050869
2166430392
72664373
993417457
160665911
56125230
76292859
17813010
1563603092
743536687
85796219
350370406
301911126
386509008
478125731
1557807134
197933144
197933144
Result_count_tot:225