2430489288
2430489288
1269386606072430593
30421352
30421352
1337737828671819777
1502777463973294087
339864516
752523992058200064
1502777463973294087
1502777463973294087
1502777463973294087
237524449
1487850864098353153
1719351367
1548684578
1487850864098353153
1290914712566337538
1548684578
472024527
1548684578
545733608
2610485348
1548684578
1236336922450108416
194248178
131293004
23176823
2540482822
775084458743562240
1337737828671819777
131293004
14331613
14331613
1487850864098353153
14331613
1487850864098353153
14331613
14331613
822549533007745025
1450259780371632132
23176823
1382031271535259653
1487850864098353153
1352086882943979522
2543938032
1353800907855695873
865926140342480896
1187366320410693633
1487850864098353153
1487850864098353153
3074396561
1370453986201985028
551730401
1487850864098353153
867400418510479360
3074396561
1370453986201985028
1487850864098353153
1487850864098353153
1370453986201985028
1458451210931871755
2540482822
1370453986201985028
471152965
1321879555846533121
3034133609
273555252
3012371014
3012371014
1370453986201985028
1401905156426547200
1401905156426547200
3347508124
1406678200944582656
1179355562229796864
179220887
1493675132744777731
1348665334585303044
1329396374224465922
1455199499039637517
1420156347644096517
277496292
34382957
277496292
3034133609
1548684578
1548684578
1548684578
14331613
1015301798603776002
14331613
21805544
1274716741
1353800907855695873
1487850864098353153
1487850864098353153
372735335
3403299357
82872579
1269386606072430593
1485944057079738373
29743666
3012371014
1361207480622211074
1361207480622211074
1344308387929063432
1466485664741007364
3012371014
82872579
2548131272
82872579
1370453986201985028
1376421620
1370453986201985028
77808402
231555673
30686053
14048665
2830349344
1496511692582395909
1496511692582395909
1496511692582395909
1337737828671819777
944602050
354757876
1475988149075644417
1487850864098353153
1353800907855695873
1487850864098353153
1487850864098353153
1590699720
1195107779037544448
14331613
2420157306
1337737828671819777
415701368
2290658585
415701368
14331613
2290658585
1475988149075644417
1353800907855695873
27695937
415701368
121610846
14331613
569172553
347437239
14331613
14331613
14331613
14331613
3130718106
745389384
36160400
1337737828671819777
14331613
3034133609
14331613
1487850864098353153
14331613
14331613
1548684578
569172553
1548684578
2711284067
14331613
14331613
14331613
14331613
14331613
1499127918630481920
14331613
14331613
14331613
1430418742039695366
1085209501769318400
1119076135
919209142488895488
569172553
1119076135
1028941532
1497111728441770013
765456692
415701368
1278707148005027840
1268113275868381185
3648323352
1337737828671819777
1487850864098353153
32347467
1386656857801076737
1386656857801076737
1386656857801076737
1386656857801076737
1386656857801076737
1386656857801076737
1386656857801076737
1386656857801076737
1337737828671819777
1243989068
1548684578
1348665334585303044
1487850864098353153
1500852541835419650
1487850864098353153
1353800907855695873
1386656857801076737
1386656857801076737
1386656857801076737
1386656857801076737
1386656857801076737
1386656857801076737
1386656857801076737
1386656857801076737
1386656857801076737
1386656857801076737
1386656857801076737
1386656857801076737
1386656857801076737
822549533007745025
1386656857801076737
1386656857801076737
1386656857801076737
1386656857801076737
1386656857801076737
1386656857801076737
1386656857801076737
1386656857801076737
1386656857801076737
1386656857801076737
584107111
3104542378
1321879555846533121
522268751
3104542378
522268751
19603174
1498970542266802179
1337737828671819777
1899937987
1337737828671819777
1337737828671819777
520670946
1475267724788051971
3034133609
1475267724788051971
1475267724788051971
14331613
1406678200944582656
1487850864098353153
14331613
1548684578
1447613970098147328
1548684578
14331613
14331613
36160400
1195107779037544448
1353800907855695873
941835763573866496
14331613
2234614806
1436679831895351297
1436679831895351297
1436679831895351297
14331613
14331613
2540482822
139997002
1484064072911888387
1139577989564440576
14331613
14331613
14331613
14331613
14331613
14331613
14331613
1454467969174712321
14331613
14331613
14331613
4141844843
1193604465791787008
1348665334585303044
2607703608
1487850864098353153
1406678200944582656
1330220654076039172
46671396
1590699720
332253511
538425442
1337737828671819777
1348665334585303044
1337737828671819777
1269386606072430593
1337737828671819777
1482048027682648073
139997002
1169018354503471104
21428364
1085209501769318400
1337737828671819777
471152965
1373753204459114498
1343500261982089216
520670946
772312488373129217
14331613
3034133609
1483853119352147971
93914726
822549533007745025
1290914712566337538
2521120402
385963044
1462606938961858562
1487850864098353153
24514743
14331613
1337737828671819777
2543938032
1373151957012070402
2540482822
2540482822
2540482822
29743666
1487850864098353153
1321879555846533121
1300020191292796928
596893898
1041237779135397888
342656862
26796678
342656862
386588573
26796678
1487850864098353153
394971123
1493972972763234309
541804329
342656862
2805883474
3034133609
3034133609
1497111728441770013
1484122748662476801
1484122748662476801
1240544537778372608
1240544537778372608
139997002
1548684578
1496504830524895236
18134886
2191514292
2191514292
2191514292
2191514292
2191514292
2191514292
2191514292
2191514292
2191514292
2191514292
2191514292
14331613
1041237779135397888
1166790202213490690
1166790202213490690
1487850864098353153
2162502214
1487850864098353153
1193604465791787008
14331613
953298979281915904
1303628824123498496
342656862
50361819
1487850864098353153
90848755
1487850864098353153
1487850864098353153
1548684578
1348665334585303044
1500215324779724803
1500400329665531906
1337737828671819777
1337737828671819777
1500340336173932546
1487850864098353153
14331613
1487850864098353153
39180036
1500288813570134031
1500276043432841218
14331613
1500271174906961923
1500269743441387520
1500267557567279107
1500267892809555970
2194124415
14331613
354757876
1487850864098353153
1499666800455430146
342656862
1500122661799677953
804153798
862938660223758338
1143037413746343937
1348665334585303044
354757876
139997002
4928416259
139997002
2349215063
3430090557
35255668
342656862
1337737828671819777
1337737828671819777
1337737828671819777
1337737828671819777
241419830
2191514292
3034133609
1548684578
1430418742039695366
1494431052923748371
22872308
14331613
345721152
1401905156426547200
1138175468522430465
1337737828671819777
1337737828671819777
1135898608509825024
1135898608509825024
14331613
14331613
14331613
342656862
139997002
1143037413746343937
901887479929856000
342656862
901887479929856000
26796678
342656862
26796678
342656862
26796678
342656862
18360037
26796678
53876028
1172972168747110400
1337737828671819777
2191514292
2191514292
2191514292
2191514292
2191514292
2191514292
2191514292
2191514292
2191514292
2191514292
2191514292
2191514292
1321879555846533121
3034133609
1373257773912309763
1240544537778372608
1240544537778372608
342656862
1434884488325128193
1434884488325128193
1466485664741007364
1306984911623028738
1306984911623028738
1337737828671819777
1477365528
1076341019019526144
14263494
1242222871507763204
1242222871507763204
1161543558052139008
452190348
1325121883918884867
1112802127435522053
1337737828671819777
1348665334585303044
2744534205
342656862
1353800907855695873
46782315
974729722482581505
1015217707891949568
342656862
342656862
46782315
1015217707891949568
56380020
342656862
26796678
2174340221
2616746847
61828285
1015217707891949568
3817703656
46106058
2540482822
35255668
342656862
3034133609
814631889373798400
814631889373798400
814631889373798400
814631889373798400
814631889373798400
814631889373798400
814631889373798400
814631889373798400
814631889373798400
814631889373798400
814631889373798400
814631889373798400
814631889373798400
814631889373798400
814631889373798400
814631889373798400
814631889373798400
814631889373798400
814631889373798400
814631889373798400
814631889373798400
814631889373798400
814631889373798400
814631889373798400
814631889373798400
814631889373798400
814631889373798400
814631889373798400
814631889373798400
814631889373798400
814631889373798400
814631889373798400
814631889373798400
814631889373798400
814631889373798400
814631889373798400
814631889373798400
814631889373798400
814631889373798400
814631889373798400
814631889373798400
814631889373798400
814631889373798400
1548684578
1548684578
1216577006680379392
1548684578
1193604465791787008
1353800907855695873
271045372
2317558679
271045372
1337737828671819777
1401905156426547200
1401905156426547200
1401905156426547200
1401905156426547200
1348665334585303044
1401905156426547200
1401905156426547200
1466485664741007364
50084549
1018013709309014016
1018013709309014016
1018013709309014016
1018013709309014016
1018013709309014016
1018013709309014016
1018013709309014016
1018013709309014016
1018013709309014016
53876028
14331613
1353800907855695873
953800830
953800830
953800830
1353800907855695873
2785300187
1348665334585303044
1187366320410693633
3034133609
14331613
14331613
248504390
14331613
878617491429314561
14331613
14331613
14331613
1436679831895351297
14331613
14331613
14331613
14331613
1361407323651080198
14331613
14331613
14331613
4182563597
858730373123121152
1548684578
1348665334585303044
14331613
14331613
771009100624912385
14331613
14331613
14331613
14331613
14331613
14331613
14331613
14331613
1497843107957780480
35255668
14331613
1337737828671819777
1337737828671819777
3045679441
1484838662185488384
1193604465791787008
1498605099437985795
1484838662185488384
14331613
1190074713512517633
1275446147700518916
2191514292
139997002
1477716887454859265
1373753204459114498
1191092118175068160
139997002
71413958
776783398874542081
1193604465791787008
999381659802853377
1337737828671819777
1240544537778372608
1240544537778372608
721033452707942401
3034133609
721033452707942401
492548705
612972910
1240544537778372608
1240544537778372608
492548705
612972910
492548705
1240544537778372608
1240544537778372608
1240544537778372608
4182563597
492548705
4182563597
238308510
151801342
2294038640
1348665334585303044
963105511
1240544537778372608
1240544537778372608
1240544537778372608
1240544537778372608
1240544537778372608
1240544537778372608
14331613
34382957
14331613
23735743
1284402397809385472
1352086882943979522
1187366320410693633
614161467
1337737828671819777
14331613
14331613
1850841534
822964671305121792
1337737828671819777
998476071292035072
506317379
1462504773232599046
74677398
90138331
1337737828671819777
1337737828671819777
822549533007745025
2425458465
822964671305121792
1183723498533019648
1337737828671819777
1448379760636219399
958712200230834182
1337737828671819777
1409331699444588552
3034133609
1475267724788051971
1475267724788051971
1475267724788051971
1475267724788051971
1475267724788051971
721033452707942401
1497111728441770013
1479624854907207682
1282986380264714241
1479624854907207682
1282986380264714241
1307787411687079937
1307787411687079937
1307787411687079937
1307787411687079937
1703078102
848263676
1364512721417482241
854634690
1497992979893694464
14331613
284452000
471152965
1516199528
4182563597
1497637338830327814
1497637338830327814
1406678200944582656
1548684578
14331613
34382957
1114262832
1548684578
1258924800006926338
1337737828671819777
1348665334585303044
1321879555846533121
2886686421
1471814825303068677
1096055512955793408
31100329
3354083716
138695898
238308510
75742264
822964671305121792
555402051
477647492
1348665334585303044
58305519
6706182
1096055512955793408
1348665334585303044
2330714524
822964671305121792
2330714524
370919014
394893479
1421501073265631236
2164976883
1497635353079037953
3012371014
1337737828671819777
345400059
402983524
1492822669
326288610
3445663277
838991448
4548619775
2397842989
348950713
1286669949679874054
1497111728441770013
1548684578
78058188
1348665334585303044
6512422
1920493537
998476071292035072
2727239239
820906803630313472
31510438
18435641
1447261840501878793
1238957763453014017
1468313583440302082
23766800
572394074
37416154
2874173163
998476071292035072
471152965
814631889373798400
814631889373798400
814631889373798400
814631889373798400
814631889373798400
814631889373798400
814631889373798400
814631889373798400
814631889373798400
814631889373798400
814631889373798400
814631889373798400
814631889373798400
814631889373798400
814631889373798400
814631889373798400
814631889373798400
814631889373798400
814631889373798400
814631889373798400
814631889373798400
814631889373798400
814631889373798400
814631889373798400
814631889373798400
814631889373798400
Result_count_tot:836