2572733922
2572733922
2572733922
279251607
279251607
279251607
279251607
973869990
279251607
244983461
279251607
244983461
24938748
279251607
279251607
24938748
149806757
226281624
226281624
279251607
876303781
1172011488795643906
250095166
279251607
560965705
279251607
1382743280
279251607
1159432229073895424
825334635559268352
1252937001214644224
82825318
741479168
15116255
30268307
30268307
30268307
319596959
319596959
30268307
30268307
57771253
319596959
319596959
Result_count_tot:44