78864889
1442422622948528132
1442422622948528132
1442422622948528132
101538889
4717614681
223812019
77060793
976922158197891074
1193815282122395649
17685876
263812923
752523992058200064
250276346
1543745678
2568909995
4387300012
57931983
33192221
760809205662113792
735095665
32352556
2440746904
39721232
38260259
372212654
542375831
133234354
2415957962
246492252
246492252
246492252
21864336
21864336
337825216
18443986
27840212
542375831
1426289635
18374326
2420157306
2420157306
32352556
32352556
2420157306
2420157306
32352556
2420157306
32352556
32352556
32352556
2420157306
2420157306
32352556
426486458
2420157306
4414428509
1329038221
67845970
57064417
1037031822
2753501338
2753501338
398606542
2753501338
398606542
2753501338
1511687148
415701368
74474647
2415646176
32352556
78864889
32352556
32352556
78864889
32352556
78864889
32352556
28319144
372212654
1328154901
1037031822
1318639441
1318639441
1488241304
475975180
30435298
1335706644
2762873151
1335706644
1335706644
38260259
136524400
2415646176
2440554799
1438272746
79330484
79330484
32352556
1728936764
2433526820
356740432
356740432
79330484
79330484
79330484
429985312
614621262
2415646176
1329038221
1329038221
67845970
67845970
1329038221
19762987
805153340
17650380
57064417
67845970
1438272746
195073490
606254216
606254216
109591967
136524400
2415646176
2415646176
109591967
2415646176
2415646176
19762987
57064417
19762987
2415646176
57064417
1124940020
2415646176
356740432
72516829
72516829
72516829
2822367942
19337187
2822367942
242037688
57064417
57064417
1438272746
1438272746
1728936764
109591967
1394118853
398606542
133234354
133234354
349872308
478553827
1469708810
1215135012
1215135012
1215135012
57064417
57064417
337825216
1186735201
1186735201
337825216
133234354
398606542
27845109
569256588
21393069
1329038221
571123006
142213666
1329038221
45565446
372212654
57064417
18443986
32352556
32352556
32352556
2415646176
2415646176
2415646176
307220440
14285140
58631768
58631768
58631768
14285140
23849809
14285140
14285140
58631768
14285140
14285140
23849809
19762987
32352556
2415646176
38260259
32352556
32352556
32352556
1338522338
606254216
606254216
606254216
606254216
606254216
64818133
17650380
1884113880
62210240
21991593
76927088
462487559
132573732
132573732
137718289
46401829
62210240
62210240
62210240
62210240
918972458
184956411
62210240
62210240
62210240
62210240
62210240
62210240
62210240
62210240
62210240
224286716
224286716
62210240
1190107171
62210240
177347829
1190107171
810751488
24055535
24527191
1190107171
1190107171
Result_count_tot:251