3558673336
1004325827792834560
34619210
941980603431505921
122318779
138890465
4758150675
149955780
91070309
91070309
297040631
103833985
932927287
941980603431505921
91070309
38260259
159158744
2917410415
87817283
941980603431505921
91070309
78058188
38260259
976922158197891074
2917410415
59617426
941980603431505921
20362683
38643660
1287058573391007749
34382957
122318779
38260259
34382957
1138506578246721536
1241032817527619584
233665155
1065693271953952768
1395365807920762881
14048665
948180824003883008
1468190377387642882
1338866706010140674
3173722822
1138506578246721536
1276320722269491200
1354354296
1354354296
18475198
1037031822
20166503
2548614199
2590058264
1515824094
1338866706010140674
1343500261982089216
16144050
497972401
1276320722269491200
33852061
1338866706010140674
284025416
414693833
338335070
1370413813439287301
1063990107269722113
1462976336
1214695072236810241
777936503506894850
796805869858148352
2727239239
1343500261982089216
1343500261982089216
238109168
33852061
1343500261982089216
1315608195776352263
54972400
19334026
14048665
1138506578246721536
1065693271953952768
1065693271953952768
18156456
1065693271953952768
1065693271953952768
1243681584605278219
1138506578246721536
1338866706010140674
1412853249426722818
1208924740179677184
960878850623328256
976904551809847301
1276320722269491200
17606518
1343500261982089216
880511699207553027
880511699207553027
48794268
880511699207553027
48794268
1276320722269491200
151801342
174762419
469780703
37761004
3515220803
37761004
3515220803
3515220803
337332303
3515220803
45565440
1456920548
82670042
808483681
188670053
60896067
1343500261982089216
603775254
18364179
82670042
40209152
14426025
1518809059
1338866706010140674
2308216804
1192479630701289472
77990661
838081680879529986
1070780009042898945
14590357
1285491224
59225017
3171637277
17997231
17997231
66664753
1343500261982089216
19764533
60896067
19764533
23925022
1373724230873927689
29659136
986930424474632192
22896993
1019935481969115136
840567625100976129
3198010973
402377699
471084733
402377699
402377699
330063600
189492004
1413765162
247574859
1453024098
1026851194738798592
333903537
333903537
18897215
167092490
1089927732
1432993051
82670042
1138506578246721536
358394494
358394494
358394494
358394494
230910455
793733880012570624
1432993051
2727239239
986930424474632192
1064859732471660544
82670042
583607156
908862349
406892131
82670042
793733880012570624
23925022
3937269029
28115335
992770326
992770326
475172955
1250448094937976834
56328067
955474624917188608
4798966816
513091074
4798966816
15287037
1176887529297141761
1060961629687476224
1348623194
1518809059
32816797
32816797
3515220803
32816797
32816797
233665155
3515220803
19334026
32816797
19334026
3515220803
32816797
3515220803
2723308582
2723308582
3515220803
2723308582
1029318509766037504
998476071292035072
860129059
1208924740179677184
48794268
1338387050521911296
1313107308545740800
1276320722269491200
1177243618760937472
1313107308545740800
1276320722269491200
33902887
2155744680
1379441828534091780
2616879948
33902887
38663930
15343781
50303955
95575706
26076279
174762419
4283437995
4283437995
43084246
825334635559268352
4798966816
4798966816
390729225
471180578
390729225
471180578
390729225
603775254
1348623194
1348623194
1348623194
603775254
1348623194
1348623194
390729225
390729225
390729225
1348623194
1348623194
390729225
390729225
1348623194
1362400037460979713
2485125878
87666695
82670042
1399614983739265030
2860581538
1360905228774694912
319072924
1432993051
1432993051
319072924
92131235
82670042
1374424448502145027
428516796
612972910
1252937001214644224
2831441855
31404274
27438286
27438286
34382957
164301996
36345076
1354463875
4559733737
1224489695154974722
175187994
1252937001214644224
1311175608
189492004
1148709864
1148709864
4048152814
48968972
82670042
1148709864
752523992058200064
752523992058200064
1432993051
1171432725661663238
406892131
527843758
1252937001214644224
1374424448502145027
233665155
26076279
1382215398
26076279
1515824094
189492004
3012371014
1224489695154974722
1208924740179677184
802509802173825024
802509802173825024
802509802173825024
802509802173825024
802509802173825024
584384166
802509802173825024
825334635559268352
802509802173825024
1456920548
802509802173825024
62862693
62862693
1456920548
1456920548
1456920548
62862693
1220295370229649409
802509802173825024
802509802173825024
1456920548
1456920548
62862693
62862693
304041005
304041005
1456920548
1456920548
802509802173825024
1456920548
1456920548
361208240
802509802173825024
802509802173825024
1456920548
1134224611015569410
1134224611015569410
1456920548
1134224611015569410
1456920548
802509802173825024
802509802173825024
1456920548
62862693
802509802173825024
802509802173825024
802509802173825024
1456920548
802509802173825024
802509802173825024
1456920548
2727239239
2727239239
30686053
54972400
174762419
1379441828534091780
267204162
46782315
1246093603472134144
185728884
4008584489
1281394579414155264
1383095001966645250
946477477
1217504156509986817
1194693590578089984
802509802173825024
54972400
1252937001214644224
1165619804671225856
23292310
62862693
19334026
262876171
1332308698241392640
27707673
162672672
340852718
747809342
796805869858148352
1276242853094621185
1276320722269491200
48794268
62862693
48794268
62862693
1288762852346560513
33659846
802509802173825024
802509802173825024
56044169
33659846
56044169
33659846
56044169
16575626
62862693
1096055512955793408
1208924740179677184
2248081674
56044169
204525639
27438286
4048152814
1206956004950388742
46081160
1288545693053976577
3354083716
603775254
3354083716
65619261
43101130
1243971752155365379
1413765162
20580713
20580713
497972401
1432993051
35178863
497972401
35178863
1208924740179677184
497972401
35178863
2188918438
1321819646778114049
1321819646778114049
46081160
1288545693053976577
1288545693053976577
48794268
82325555
4008584489
1206956004950388742
189492004
1240005710311759876
26076279
26076279
534048230
26076279
534048230
26076279
534048230
26076279
534048230
26076279
1374424448502145027
1359437138203451395
1359437138203451395
462751333
1374424448502145027
4798966816
4798966816
251748694
1330109718384271360
251748694
189492004
1330109718384271360
611499686
189492004
965620144234954752
1206956004950388742
1330109718384271360
251748694
1330109718384271360
189492004
986930424474632192
233665155
382746967
18330543
42938159
92476304
270031753
34382957
35186651
27438286
483164646
1224489695154974722
1224489695154974722
2616879948
4008584489
1432993051
575398242
20366788
534048230
26076279
82670042
189492004
189492004
1650071870
484506706
189492004
189492004
484506706
906524430444134402
603775254
189492004
4008584489
1241032817527619584
1276320722269491200
534048230
26076279
2418099208
2418099208
269572441
35192377
2418099208
2418099208
2418099208
241959982
34171609
174762419
489479693
1241032817527619584
1241032817527619584
941368767006855169
469780703
827604968475607042
497972401
2790094654
940191986346266624
742865374664876036
497972401
1109862542560632838
1132315002134831104
3308599215
3308599215
893567495877033985
1351599969615147009
1178367931048173569
3308599215
28090915
82670042
1432993051
17448915
17448915
1432993051
1432993051
19389900
17448915
17448915
19389900
2219254012
1136353954613399553
1016588280094248960
3125033591
20854389
513091074
510164923
725925007
464645247
2874398938
941388744183242753
34656014
237524449
19018191
62121469
23925022
24044383
612972910
18002106
2696441863
612972910
4048152814
30941476
56044169
174762419
30941476
56044169
30941476
56044169
30941476
56044169
30941476
174762419
2891927913
174762419
2891927913
174762419
23925022
782848396461834240
1174939393489944576
72228773
828927205837246464
38751278
38751278
1148709864
1148709864
38751278
30941476
108969861
1132315002134831104
237524449
406892131
24044383
898661918960963585
1450893258
2725940136
1004325827792834560
489479693
34382957
1246798707179356161
930445230507216896
408085855
539397380
1313853661177667584
471152965
471152965
82670042
3435202173
341164371
408085855
746792964
3021204093
2219254012
521624306
3307400015
2219254012
3435202173
1487842620
2855541052
1348623194
900373029376733184
734783080888729601
59569015
1518809059
95238065
32961236
333903537
1206956004950388742
1450680715
83188239
49764774
26076279
26076279
2790094654
1432993051
1432993051
48794268
48794268
48794268
1432993051
48794268
1432993051
48794268
3052354418
1498592610
34972320
34972320
1246798707179356161
1246798707179356161
1206956004950388742
840567625100976129
220739751
1206956004950388742
106077757
810640513
35186651
2414075550
28090915
82670042
1148709864
1230350960
882083310
106077757
882083310
1027152800
788283419822321664
238315982
401253347
14405428
1281971462656729088
20425675
1041276467269709824
103833985
20425675
20425675
951882321027915777
103833985
2414075550
885228778460512256
32889596
373272300
20425675
373272300
63679167
20425675
72228773
114043368
20425675
20008618
72228773
20425675
271844563
784507090551406592
1643631582
120183536
34037676
1239238620613087233
21689226
33667980
2974973199
174762419
123337794
19344099
19344099
19344099
19344099
26076279
1281971462656729088
26076279
77744986
26076279
3082854989
2219144097
28142766
528763627
253532770
33902887
469780703
192273401
878731328988082176
348685910
391456789
1234144658655150082
2727239239
28090915
1609045435
2727239239
28090915
92962860
14694707
28112223
28112223
1129039813
3030558041
28328873
28112223
851311176
851311176
851311176
341164371
1206956004950388742
3435202173
4836064754
1224489695154974722
1224489695154974722
3435202173
4283437995
1205100582
1281971462656729088
23925022
351655589
Result_count_tot:774