155027569
18935911
238315982
950364538188296192
950364538188296192
46106058
46106058
749351215520186369
45565440
749351215520186369
802944686
53876028
1442441245939228672
1442441245939228672
53876028
2313448980
139997002
45565440
46846624
1459225465735069703
53876028
453906285
31362764
1175664244873994244
958712200230834182
1175664244873994244
1175664244873994244
31362764
1175664244873994244
958712200230834182
1314484336998191105
1314484336998191105
1314484336998191105
1314484336998191105
1314484336998191105
1168191237368799234
1055457363883409408
919851948882452481
288341428
919851948882452481
288341428
919851948882452481
53876028
10450332
953966539094609922
10450332
953966539094609922
10450332
953966539094609922
10450332
1290914712566337538
53876028
953966539094609922
10450332
1290914712566337538
953966539094609922
53876028
453906285
1412906407
4765409482
1355510527
33459600
31362764
33459600
1315532028
31362764
1315532028
31362764
1315532028
31362764
1315532028
31362764
1315532028
1315532028
1315532028
31362764
44334619
1315532028
1375592735516811270
1175664244873994244
3420809811
812645663129423872
31362764
1175664244873994244
31362764
1175664244873994244
31362764
1175664244873994244
1431610292958633984
1348753882160181248
877339812
1192930625155686400
957467053987856384
570744394
1015168528239005697
1041237779135397888
31362764
17632830
31362764
359271315
3319450421
1338522338
751724154903261185
132290646
1346751896174927873
957467053987856384
1948920840
31362764
1431610292958633984
1431610292958633984
629435978
429985312
1267148354817056768
1119941050343329792
28312988
28823852
4836064754
2518573756
4765409482
1348753882160181248
1243621045266980866
31362764
346226067
1243621045266980866
23937700
31362764
1422725956364640257
1290914712566337538
1658364973
1016326604987957248
1011728104862179328
2584158192
48131674
31362764
1348753882160181248
1243621045266980866
2313448980
263592031
1149288648388612097
41896037
46106058
1353800907855695873
1168191237368799234
453906285
554605383
14131410
2253773175
53876028
453906285
453906285
453906285
453906285
1477365528
453906285
156390474
1114628888834056192
2942170702
377551958
2942170702
377551958
156390474
377551958
2942170702
377551958
2942170702
377551958
2942170702
377551958
1330973957583933443
156390474
16362310
333553994
16362310
333553994
992162588233527296
16362310
42657903
1477365528
238315982
1477365528
453906285
1419043035501973509
3290313046
1073486504834592768
14288037
53876028
806226210355298304
1356350908200857611
1380530613904637957
453906285
16362310
1347854601291264000
453906285
453906285
2721954762
2746346535
1151840040013770753
1151840040013770753
1246063724
453906285
14062842
3648353960
453906285
453906285
734478434
469189813
1315532028
1156909754389815297
453906285
414321157
734478434
31382645
453906285
453906285
453906285
453906285
453906285
1105772451429081088
453906285
453906285
453906285
453906285
1283737615041273856
1001338838
2180608131
1072055971025948672
1281394579414155264
1072055971025948672
1157897856478515200
67724181
414321157
453906285
453906285
2818756895
453906285
453906285
22375073
2818756895
2818756895
453906285
1143974095
1143974095
1143974095
28413649
175091333
53876028
340577078
2874173163
453906285
453906285
1099413148178833411
1308366632369217536
453906285
2818756895
453906285
469780703
453906285
453906285
39480304
214809052
453906285
53876028
453906285
453906285
453906285
453906285
1236936045058457600
453906285
453906285
453906285
2235175809
453906285
24169740
453906285
53876028
734478434
312829113
15473483
2742457455
453906285
453906285
970200738281480193
970200738281480193
2746346535
4765409482
44880177
453906285
453906285
2910779123
453906285
46106058
453906285
46106058
970200738281480193
453906285
453906285
453906285
453906285
453906285
453906285
46106058
453906285
2885130111
1106295147149565958
46106058
453906285
453906285
453906285
1348281740796833792
1099413148178833411
42136556
82564959
33825060
53876028
37788958
21087831
53876028
2521120402
18629239
46106058
46106058
453906285
46106058
1258924800006926338
2587219368
1456920548
365024368
2453031828
741545599598796800
74677398
1314484336998191105
1464466166
2818756895
2754777701
53876028
17096233
67724181
453906285
2818756895
53876028
453906285
453906285
2921185275
453906285
453906285
1178969455575146503
453906285
23937836
37509434
113454353
37509434
1087204423
46106058
1302300072370110464
1416102336
453906285
1355510527
46106058
97734859
367985666
273333721
453906285
4811201515
1269386606072430593
872149525565145089
46106058
46106058
453906285
453906285
453906285
1099413148178833411
453906285
23299250
875523463414517761
317865220
453906285
453906285
453906285
453906285
453906285
872149525565145089
16362310
1130940919
453906285
872149525565145089
4873847764
453906285
453906285
872149525565145089
453906285
453906285
453906285
453906285
1055457363883409408
872149525565145089
1630778671
1630778671
821224338091286528
1518809059
612972910
1290914712566337538
1630778671
29659136
1464466166
1464466166
125960653
872149525565145089
612972910
1464466166
612972910
872149525565145089
453906285
453906285
872149525565145089
453906285
480311883
1868332466
2881687349
1362331039
1399941906
30691617
1302215814817304576
815188041308446721
864500300
878731328988082176
2921185275
31391886
822964671305121792
135462851
1125479276336308225
734478434
2858828716
704760158
878731328988082176
612972910
453906285
2619183836
236399908
453906285
872149525565145089
1308366632369217536
1127890457135124481
2453031828
1315532028
1315532028
1315532028
1315532028
1315532028
1315532028
1315532028
1315532028
1315532028
1315532028
1315532028
1315532028
1315532028
1315532028
1315532028
602691375
1302215814817304576
271045372
1016326604987957248
53876028
2879083713
53876028
53876028
47656908
47656908
47656908
21758730
367985666
67724181
46106058
1360619593
816993776
196914679
46106058
1315532028
962358579310231557
1315532028
3129875193
962358579310231557
1315532028
849207961
386588573
962358579310231557
427271586
3354083716
734783080888729601
734478434
53876028
263592031
1315532028
53876028
4482843213
3129875193
53876028
1273966125160828928
49406048
18750372
1290914712566337538
4194110981
1015276236850040833
1290914712566337538
4194110981
14285368
2893598860
182749023
21863587
271094740
825334635559268352
453906285
453906285
453906285
453906285
453906285
453906285
453906285
453906285
453906285
453906285
453906285
453906285
453906285
453906285
453906285
453906285
453906285
2266038448
2942170702
453906285
1355510527
29715510
1464466166
1360619593
17632830
2613797256
2613797256
17632830
2613797256
17632830
2613797256
17632830
1360619593
3172572111
2540482822
1218423331730468870
825334635559268352
1055457363883409408
453906285
453906285
453906285
453906285
2942170702
1168191237368799234
1360619593
21846143
2942170702
704760158
4836064754
1156501430179639296
1286288189603418112
4836064754
2727209505
4836064754
1269386606072430593
2584223720
1269386606072430593
2584223720
1269386606072430593
34619210
34619210
2235175809
822964671305121792
53876028
85666077
53876028
1151840040013770753
1055457363883409408
73881145
28413649
53876028
1176476096
113349770
1055457363883409408
25336045
113349770
113349770
113349770
113349770
2942170702
1718204779
2425458465
734478434
2425458465
53876028
53876028
420464033
2248451011
1229745018
1229745018
1286288189603418112
453906285
1229745018
453906285
453906285
453906285
453906285
453906285
453906285
453906285
453906285
453906285
453906285
306190956
1269386606072430593
944602050
453906285
970200738281480193
453906285
453906285
1229745018
1229745018
876903102095523841
1269386606072430593
1229745018
832250449088618498
453906285
1286288189603418112
944602050
1286288189603418112
1027224938221133824
453906285
453906285
453906285
453906285
581628470
453906285
453906285
105426180
453906285
14218692
453906285
1269386606072430593
942836905091174401
942836905091174401
46106058
944602050
872149525565145089
1229745018
1229745018
181268314
453906285
723268851325112320
3044288870
14218692
723268851325112320
453906285
1172430164073955330
46106058
3101265687
832250449088618498
246611120
1540456093
1229745018
944602050
1011580472709787648
2981354171
944602050
944602050
1286288189603418112
1229745018
1229745018
1229745018
1229745018
1229745018
1229745018
1229745018
453906285
453906285
453906285
453906285
453906285
344585200
14218692
1269386606072430593
2584223720
2584223720
1269386606072430593
1269386606072430593
1269386606072430593
1286088452749099013
1269386606072430593
46106058
1269386606072430593
1269386606072430593
1269386606072430593
724092221717278720
1269386606072430593
724092221717278720
1269386606072430593
1269386606072430593
46106058
1269386606072430593
939235765
587684056
1269386606072430593
1269386606072430593
797396419531444224
1269386606072430593
46106058
1269386606072430593
1540456093
1269386606072430593
1540456093
1269386606072430593
1681785680
1269386606072430593
1269386606072430593
2584223720
1269386606072430593
2584223720
1269386606072430593
2320471259
1269386606072430593
2320471259
1269386606072430593
2320471259
1269386606072430593
828859155662381056
1269386606072430593
1269386606072430593
1269386606072430593
1197850476479467520
1269386606072430593
800997802100817920
800997802100817920
800997802100817920
312829113
815188041308446721
46106058
415069505
Result_count_tot:742