1342246146
1342246146
4436894855
21853001
139997002
23925022
21853001
23925022
21853001
23925022
568362036
568362036
2596016185
1446745414921867266
2264961053
2264961053
159158744
752523992058200064
752523992058200064
752523992058200064
372735335
1446745414921867266
1446745414921867266
34696385
87817283
2474265036
1446745414921867266
3336480731
26798240
1446745414921867266
26798240
1446745414921867266
1446745414921867266
1446745414921867266
34696385
29676425
33609198
33609198
33609198
18897215
1446745414921867266
81311924
329004156
532666723
1446745414921867266
1446745414921867266
248569306
1446745414921867266
2548072274
1446745414921867266
2548072274
34696385
2548072274
34696385
2548072274
34696385
1443520866457956355
1446745414921867266
1446745414921867266
2548072274
2548072274
34696385
1446745414921867266
1446745414921867266
1446745414921867266
2548072274
1446745414921867266
33609198
1446745414921867266
33609198
33609198
1446745414921867266
1446745414921867266
139997002
33609198
1446745414921867266
2548072274
87817283
382645387
784507090551406592
3082854989
3377129129
320095560
320095560
3579740657
320095560
46782315
292804949
30686053
1343500261982089216
2418099208
74677398
320095560
24475435
1459077237077159938
1466485664741007364
1466485664741007364
838753427207380992
923775486127493120
713941246998355968
763802334
1466485664741007364
763802334
13665432
74983700
473914976
139997002
326165164
3103282798
2873711309
415701368
1439606119140315137
1486049933262462976
506317379
22476225
929826204101865473
13665432
1476707598
13665432
1622142230
984849357106270208
20611702
20611702
818127906
25884686
34785068
20611702
13712
58244415
58244415
2264961053
1293084146126946305
306688987
2418099208
818127906
116154338
471536446
790879650482364416
86154361
1179132092455759877
86154361
61250638
66735643
66735643
2488626824
419197802
419197802
20611702
1343500261982089216
1019935481969115136
1019935481969115136
419197802
20611702
20611702
20611702
419197802
419197802
419197802
743897090007404544
20611702
1019935481969115136
419197802
20611702
20611702
61250638
419197802
19762987
20611702
61250638
20611702
20611702
419197802
61250638
20611702
20611702
1343500261982089216
419197802
24514743
20611702
61250638
77744986
20611702
419197802
187485845
20611702
1125414934131687425
61250638
149955780
419197802
20611702
419197802
20611702
239889295
20611702
1443520866457956355
1343500261982089216
40879848
55487753
1468637718691610624
61250638
351805254
1029415540694179841
284025416
3125033591
477808734
3125033591
477808734
477808734
17216268
112118916
1343500261982089216
633810834
21226778
63483732
197004915
41595048
35698042
23737789
1443520866457956355
1369794466983407619
1379421013855846418
14420387
419197802
14420387
419197802
19762987
1109941264336719872
419197802
17243721
17243721
17243721
17243721
17243721
17243721
1491973719589154820
591044078
494403305
758748714659786752
2850181869
1219735398
223442298
223442298
1258026092
62121469
310519153
398606542
3423031833
310519153
398606542
402377699
398606542
44174373
1486094362782191629
19452766
941980603431505921
122318779
142613436
159158744
44193090
1456920548
1125414934131687425
271866986
2415957962
2415957962
2159263680
883619430483333120
142613436
2415957962
271866986
97727354
2415957962
221476163
941980603431505921
472294857
2917410415
941980603431505921
2917410415
941980603431505921
14282565
634504383
34382957
122318779
3403299357
1156501430179639296
1156501430179639296
1156501430179639296
171464256
1342246146
171464256
3125033591
14006692
333553994
940672432771301377
75757818
2362101866
849706346
110753959
36678662
36678662
36678662
752523992058200064
752523992058200064
752523992058200064
1048924999678083079
333553994
333553994
333553994
333553994
190766364
1343500261982089216
752523992058200064
3125033591
3125033591
245424098
390219678
14048665
14048665
139997002
2917410415
838753427207380992
2917410415
14006692
764232049
1443520866457956355
1447040960
350954507
2917410415
1447040960
350954507
1447040960
350954507
1447040960
1443520866457956355
273555252
619475949
619475949
69950027
992688838987436032
139997002
1372739010
273555252
575290137
2174824588
320095560
47889584
849706346
2306155972
897848198882111488
849303039496392704
310519153
929764442421780485
2665499360
2665499360
310519153
3373564096
103833985
107025988
310519153
925538612
3319450421
310519153
925538612
310519153
107025988
925538612
310519153
250307362
250307362
925538612
107025988
310519153
925538612
310519153
925538612
310519153
2718334706
197004915
197004915
197004915
925538612
925538612
310519153
1125414934131687425
1125414934131687425
1327643493133643776
83831809
175187994
762738981305978880
1343500261982089216
925538612
2665499360
2999569138
190766364
90818945
273555252
976922158197891074
976922158197891074
90818945
58028047
206597096
90818945
38033026
235309323
175187994
90818945
58028047
38033026
112668501
3549331
122318779
46782315
76585756
62121469
76585756
75757818
1125414934131687425
26798240
529334746
426654779
569164580
2472156079
1453241942494621707
1489543127748730881
992688838987436032
992688838987436032
35483071
175187994
317643480
25687704
139997002
310519153
91070309
23292310
2306155972
25833482
90818945
62060746
350954507
1622142230
350954507
708319207017029632
38033026
817370159740489732
90818945
925538612
1622142230
801919088989765633
76585756
1362331039
925538612
20989035
1362331039
38693061
26798240
20989035
76585756
26798240
23573509
26798240
233665155
62060746
76585756
76585756
762738981305978880
26798240
251769222
1343500261982089216
1443520866457956355
1198189740
752523992058200064
752523992058200064
422746606
387842834
67612349
1085819625655422977
90818945
2225523249
796250028285329408
3870549323
3418790463
1374603517466447873
139997002
388148354
1486448230208577540
17997231
516653023
1298737602850435076
1342246146
1371886878
1179132092455759877
1196735918062702592
2418099208
950364538188296192
172473788
1374603517466447873
579811387
2348086449
1486448230208577540
44554105
62121469
2348086449
94646064
1382215398
1374603517466447873
14273617
320095560
332721031
3515220803
2797420265
65884359
752523992058200064
197110573
1486448230208577540
2474265036
358175397
762738981305978880
481401647
34785068
27836738
2348086449
1342246146
1342246146
172473788
164808417
3549331
1342246146
1342246146
90818945
172473788
804132241
752523992058200064
196409507
196409507
1342246146
47317899
196409507
606227271
340550375
485594540
374417128
374417128
447536883
59225017
1343500261982089216
269940283
18475198
834285631857651712
1430930500990930944
608828776
1430930500990930944
608828776
1430930500990930944
139100886
608828776
63425851
90818945
570744394
14499947
90818945
823282208047767554
390687348
2429144159
422746606
1217475301212594176
941980603431505921
22920732
27429184
269940283
2453031828
139997002
471152965
22814965
883619430483333120
741545599598796800
31382645
269940283
269940283
269940283
269940283
860252715531849728
958712200230834182
22814965
860252715531849728
1430930500990930944
17216268
883619430483333120
48805227
1185220686371053569
823282208047767554
22814965
22814965
1357429911926018052
897848198882111488
1421020934668959746
59225017
76449407
925645722
36747640
27836738
22767441
84842549
422746606
27836738
1487845002407460873
36747640
87817283
27836738
27836738
36747640
992688838987436032
1338866706010140674
220774885
27836738
220774885
836249786
2453031828
592113562
36747640
3296314157
27836738
1112386434495926273
85909652
1406974932958040064
570744394
284025416
17216268
3107195583
481401647
156580448
840684964043751425
434188926
17216268
25669359
20989035
64630577
1219735398
931566115456802818
489479693
358175397
358175397
207888226
1483534596163751940
2433391021
59225017
21423985
317643480
2433391021
317643480
481401647
481401647
106996313
152172439
62060746
954646879932952576
176699737
1208042953404497921
784507090551406592
62060746
804132241
859407446
1436679831895351297
121361369
1125414934131687425
860252715531849728
860252715531849728
3177011895
986543088
1335560796898807808
1374603517466447873
1658364973
Result_count_tot:670