29928571
1471227833255092227
2322712869
2322712869
351650159
631444554
631444554
631444554
631444554
631444554
560965705
14285140
14285140
593585906
14285140
47073928
112871323
1241032817527619584
1443520866457956355
95238065
992688838987436032
47073928
95238065
47073928
95238065
95238065
854289730812297217
854289730812297217
1280033910391439361
2590058264
2590058264
1465006361130020870
34656014
1391875501053169664
146042093
56044169
56044169
189492004
19334026
95238065
1139577989564440576
1139577989564440576
1139577989564440576
1423246654275215367
1432993051
718167756328321025
1052777528514019331
1436679831895351297
3311314415
1258470921737777154
1287439965211721728
1447770216310640643
1447770216310640643
1447770216310640643
1052777528514019331
4606622835
1364235931
1266684665487859713
1341026322030743553
30322601
1222192138240299008
171211471
1278779333486706688
274490479
741266268
60344010
30322601
897848198882111488
1246183725924319233
1199050760442527746
1566867240
1343864780696780800
30739418
273555252
30322601
602919997
1413765162
47459713
489613538
2341869265
2180608131
1041237779135397888
17691017
1382215398
513091074
513091074
174762419
17066475
333903537
333903537
30322601
333903537
112871323
30322601
2180608131
2180608131
1432993051
2764238603
63452516
471084733
1630619161
421112262
954646879932952576
1630619161
351650159
950283815443992576
112871323
570171760
112871323
570171760
112871323
570171760
1343500261982089216
95238065
95238065
32866277
1395213841122828288
390729225
603775254
1348623194
1348623194
603775254
1348623194
30322601
1382215398
123669991
123669991
123669991
123669991
319072924
1432993051
1432993051
319072924
92131235
112871323
24869273
1266697506810933248
1252937001214644224
164301996
4559733737
1224489695154974722
1338522338
95238065
237524449
112725608
95238065
4894248365
95238065
237524449
95238065
4842632091
95238065
95238065
95238065
95238065
32129282
478553827
1252937001214644224
1311175608
18970504
24571952
32129282
32129282
32129282
189492004
393387610
23104499
103280252
2780934806
1252937001214644224
1244790386
30322601
1244790386
2863714984
102474745
103280252
2863714984
103280252
3012371014
3012371014
1224489695154974722
1208924740179677184
802509802173825024
802509802173825024
802509802173825024
802509802173825024
802509802173825024
584384166
802509802173825024
825334635559268352
802509802173825024
1456920548
802509802173825024
62862693
62862693
1456920548
1456920548
1456920548
62862693
1220295370229649409
802509802173825024
802509802173825024
1456920548
1456920548
62862693
62862693
304041005
304041005
1456920548
1456920548
802509802173825024
1456920548
1456920548
189492004
361208240
802509802173825024
802509802173825024
1456920548
1134224611015569410
1134224611015569410
1456920548
1134224611015569410
1456920548
802509802173825024
802509802173825024
1456920548
62862693
802509802173825024
802509802173825024
802509802173825024
1456920548
802509802173825024
802509802173825024
1456920548
30686053
54972400
1379441828534091780
267204162
46782315
1246093603472134144
185728884
4008584489
1281394579414155264
1383095001966645250
946477477
878524436
1217504156509986817
802509802173825024
54972400
1252937001214644224
1165619804671225856
23292310
62862693
19334026
262876171
1332308698241392640
27707673
162672672
243577120
340852718
163145068
747809342
796805869858148352
16620477
1276242853094621185
2314148656
18475198
48794268
62862693
62862693
33659846
802509802173825024
802509802173825024
56044169
33659846
56044169
33659846
56044169
16575626
62862693
1096055512955793408
2248081674
56044169
56044169
406892131
230649466
1224489695154974722
1224489695154974722
30686053
85626523
541522566
1630619161
1432993051
575398242
189492004
1630619161
1541727288
1630619161
1630619161
1630619161
1630619161
1630619161
189492004
1329062761482117121
1329062761482117121
20366788
1338522338
20366788
1338522338
60983
1338522338
1338522338
835033087461507072
56044169
56044169
56044169
56044169
56044169
56044169
56044169
1382215398
32129282
1630619161
1630619161
1630619161
1630619161
1630619161
1630619161
40322305
39016371
1630619161
39480304
53660265
14907863
228382135
542333642
82670042
72256129
1037031822
17066475
1174939393489944576
333903537
8597062
2219254012
1214907373481054209
603775254
752523992058200064
84709356
4798966816
590229061
590229061
590229061
17066475
17066475
1630619161
1630619161
189492004
1382215398
1382215398
2219254012
1226610320191492097
1226610320191492097
475024685
55450664
18425625
30322601
30322601
23925022
23925022
20425675
603775254
30322601
1226480023277834241
59569015
49774380
14907863
3052354418
67668487
55390614
755816783760744453
974729722482581505
1698124296
1248487656704462849
19833256
359379800
173847764
329031283
1324285369832058881
1317387827664080896
205111571
1198768523943849985
85626523
309565407
1097211196158164992
4622844617
1012074668680011776
1464466166
1298261003193335810
1058248234810793984
29659136
119829540
4771777955
438211624
169632190
72798875
246896235
1239238620613087233
55450664
2855541052
1239238620613087233
55450664
55450664
1239238620613087233
3423031833
2855541052
35178376
1429890756
1239238620613087233
67668487
191066432
1513333748
1513333748
127268367
2980929738
67668487
127268367
55450664
1265720684862492673
2855541052
1239238620613087233
2590058264
14542929
55450664
172789798
2855541052
113354849
962358579310231557
67668487
55450664
962358579310231557
23934018
91469043
577301266
30322601
25118559
721435315026665472
1226610320191492097
19140661
189492004
217530764
1158686130847604738
85626523
393387610
30322601
189492004
189492004
390975115
1318594519538032649
1057475636
361855290
1429890756
721435315026665472
1252937001214644224
1429890756
15033759
108728225
15033759
47974057
1450680715
333903537
112871323
333903537
333903537
112871323
30322601
112871323
1164065309772451840
1429890756
1429890756
1429890756
475024685
966251334960902144
1041237779135397888
195073490
116872803
3345617697
59569015
1252937001214644224
1252937001214644224
2481844412
2428958798
3048852564
455781519
1164065309772451840
1252937001214644224
1252937001214644224
232812117
69950027
14907863
14907863
2554375868
2554375868
2554375868
232812117
32129282
31210522
31210522
32129282
1252937001214644224
3369648803
3369648803
3369648803
3369648803
1382215398
1382215398
603775254
1036906731476054016
31397933
47974057
340218051
269940283
22814965
1262402112153169921
269940283
129838433
22814965
269940283
129838433
269940283
269940283
269940283
129838433
116159118
14542929
14542929
186523844
1031662642396577792
1031662642396577792
22814965
1059092400369553409
1161693951495221254
29676425
885444640127823873
1544075892
59580884
16575626
2767349669
16575626
2560618001
4757505371
59580884
59569015
22814965
32129282
1382215398
28819395
1211115098
1226610320191492097
1226610320191492097
1226610320191492097
218144120
781569027357470720
781569027357470720
1226610320191492097
1545946591
1226610320191492097
1226610320191492097
1226610320191492097
1252937001214644224
1226610320191492097
1226610320191492097
223477144
17066475
47974057
1224960974102368257
2378683720
2880975202
67429024
723268851325112320
95238065
563235947
603775254
95238065
95238065
17066475
1197710401175261184
929299567828496384
232812117
365635604
2415957962
896286257453686784
2415957962
896286257453686784
2415957962
1162060909134659584
3579740657
14351028
1050329242691612672
1022179668215193601
1227699022699409408
419197802
1114932482602876933
419197802
4384251
419197802
14279103
419197802
419197802
419197802
419197802
3060165490
193186935
30759351
18970504
1234960017364848641
40025776
217530764
1477329727
23426159
38260259
560965705
1224812069582712832
1178049685828853760
2202021566
30941476
4789896694
4789896694
882083310
243108921
3445004655
48766866
35430880
59569015
106077757
365635604
872533308
14285140
837997572
14285140
2180608131
40713696
2248081674
844501405574549504
1081650390150594560
3423031833
1220747479811002373
14285140
14724983
32129282
14285140
14285140
1191234678214332416
321494996
112871323
138134771
33538992
26066874
30322601
3175807619
2180608131
899010525136388097
136939611
3445004655
2180608131
427801591
3445004655
31397933
18318675
30941476
50127892
50127892
292885014
18447498
365635604
365635604
365635604
365635604
1201941409
1456920548
15230565
220071263
839346397
839346397
839346397
365635604
839346397
839346397
2874398938
365635604
839346397
839346397
365635604
365635604
14694707
2468224068
2468224068
2468224068
365635604
2468224068
839346397
365635604
365635604
2180608131
14282840
2180608131
873304134
2180608131
3445004655
3369648803
3445004655
123796114
112871323
32844394
331630751
14732917
31084619
59569015
217217458
217217458
217217458
217217458
217217458
791919453613199360
791919453613199360
791919453613199360
502930299
60896067
791919453613199360
502930299
1456920548
Result_count_tot:730