1382215398
36148979
487880796
1322630919530913792
30629531
30629531
487880796
103097873
27438286
998476071292035072
796057961319792640
35186651
107413063
1328103759201902593
1024370707315216384
1024370707315216384
1471171467379363840
1172869273
251769222
210778363
2437565401
380995019
1163208304862081025
1484122748662476801
238109168
80747859
17685876
710001450429104129
1038441222862528512
776171614618681344
1258636029436858368
1232742531621892096
1015301798603776002
575398242
35793326
14440414
41604240
35793326
14440414
35793326
41604240
14440414
35793326
35793326
416438093
35793326
14440414
172329064
35793326
14440414
35793326
35793326
1569175657
41604240
955474624917188608
14440414
17066475
4894248365
1473778661295853569
35793326
950364538188296192
959158733900218368
1467069751398653957
17685876
1178969455575146503
1353768777972936704
1849195819
908669832
752523992058200064
46338044
1315532028
46445037
3103828582
1518809059
776171614618681344
1419672191474487301
23176823
33825060
14339205
1387392309445136391
33275072
557603994
180911960
42432027
1003745769243987968
1407707822175969282
195099716
1325581224899989504
1498426992588476426
2767349669
1469555131389820930
1460642443
1431223499318874113
1182345583538966528
1498426992588476426
1460642443
1498426992588476426
1460642443
1498426992588476426
1498426992588476426
1299127209236541440
1460642443
1460642443
46782315
1299127209236541440
1460642443
1460642443
17685876
1299127209236541440
1498426992588476426
1460642443
1460642443
1498426992588476426
1299127209236541440
1460642443
1460642443
1498426992588476426
1281394579414155264
1299127209236541440
1281394579414155264
1460642443
1299127209236541440
1460642443
1443520866457956355
1299127209236541440
1460642443
1299127209236541440
1460642443
1299127209236541440
1460642443
1299127209236541440
72277469
1460642443
1360619593
342862254
2767349669
1443520866457956355
1441402171203915782
65589288
1172869273
159158744
1454233727022809088
1041276467269709824
1161543558052139008
1417914529
810661740
139100886
955474624917188608
1041276467269709824
1299127209236541440
955474624917188608
1041276467269709824
1416183605836062726
1330973957583933443
1330973957583933443
3044288870
1438681930212515844
36160400
840326396731879425
121704837
30670595
111406008
111406008
288341428
377551958
1445578000037138433
1324908951088082949
1412906407
1471227833255092227
2338262975
3162364654
31007362
31007362
31007362
782378825019756544
2338262975
1172869273
139100886
1172869273
31007362
31007362
1497881307573010435
863073687855149056
1281394579414155264
185728884
776171614618681344
1196461306712383490
3023136717
15033759
955474624917188608
1053054223
168709423
1071368653298376711
863073687855149056
1085209501769318400
830532037
830532037
17685876
1041237779135397888
953966539094609922
230910455
109293948
27843850
2418099208
1109941264336719872
1419672191474487301
334315068
1478107545147482112
16620477
1499342063963459586
1451544251649732608
30670595
244938805
998476071292035072
159158744
910856132
1497892850872328198
908669832
1303628824123498496
1456920548
1185122412
908669832
801434098304684032
475239362
3261883329
14543022
1499374486491123713
16812392
16812392
3030883860
174762419
1447205340
1447205340
822964671305121792
822964671305121792
16812392
28441747
3369648803
908669832
575398242
908669832
575398242
908669832
575398242
111693175
4788347715
908669832
3129875193
946038681781047301
3129875193
575398242
1295405534854762497
946038681781047301
908669832
1002361663
270462799
3129875193
2313448980
175876346
1263914168656302082
2998469621
2956336595
1197164229356400641
18098922
309387992
358804707
132290646
2787554041
1470092547997540358
3103828582
16812392
19395164
953748657190440961
802944686
14797716
153181379
1476707598
1357054433784389636
309387992
1357054433784389636
1431610292958633984
2429144159
782378825019756544
44220931
1431610292958633984
1447205340
2415534528
1179132092455759877
1347730847865122817
2394537301
358804707
2970062811
1197164229356400641
1444643754296684548
1292390851461685255
354582774
998476071292035072
1447205340
2874173163
165119205
139343540
822964671305121792
165119205
87551526
953748657190440961
575398242
139343540
1357054433784389636
953748657190440961
959158733900218368
43726157
959158733900218368
321546491
1258924800006926338
44972313
1357054433784389636
953748657190440961
430511834
165119205
955474624917188608
105750482
1168554832828993538
1357054433784389636
3162364654
953748657190440961
396765760
165119205
20582802
138730287
377551958
946477477
24514743
1185270297043329024
2572733922
62524886
1085209501769318400
908669832
19603174
2303833679
1422853141419147266
1470092547997540358
946038681781047301
3129875193
3129875193
946038681781047301
1476707598
62524886
65480666
717080854019903488
1064195238485524480
3129875193
1490615170577715200
528630505
1064195238485524480
72141188
14284830
274256700
61828285
13665432
2616746847
61828285
61828285
61828285
106048904
1448379760636219399
1448379760636219399
71874613
1448379760636219399
787242275021713408
1347066985402793984
389330200
1139800867203362821
987038060
111018534
1447205340
1448699421747781635
3033952403
1470092547997540358
1352673470220537857
2970062811
2970062811
2287362827
28100923
2970062811
2970062811
2970062811
2970062811
2287362827
1339569639614009344
102358989
1054780048396505089
2284500237
806984215040589824
971301140083113985
1476525757405057028
481401647
1346947679947956224
1379441828534091780
46625152
14456877
1447205340
2482248974
1447205340
974021539
25360288
37761004
333903537
190741481
1338866706010140674
1091597816357703681
1414954545860562959
378729002
19762987
1407707822175969282
19762987
1471227833255092227
3129875193
3129875193
946038681781047301
946038681781047301
3129875193
3129875193
946038681781047301
1949216077
946038681781047301
250793690
946038681781047301
250793690
1493629398
250793690
3129875193
23737789
946038681781047301
972146651912724480
759494180599132160
2616746847
2287362827
3129875193
953428626686562304
718507405638832129
1379441828534091780
946038681781047301
3179715741
1486759629581336578
1486759629581336578
153181379
1468289893126516737
3129875193
16620477
946038681781047301
1338866706010140674
16620477
72141188
3129875193
946038681781047301
2380533723
76392103
946038681781047301
4798966816
47955845
1398959551
1447205340
1447205340
481401647
43246670
41372029
902479760756015104
1419672191474487301
1310454602790207489
3129875193
3023136717
732644968859357187
1238413946
72141188
1133781622485135361
1259792368863232000
1379441828534091780
486814136
791538236
791538236
85666077
948480584833216512
752523992058200064
14456877
1422725956364640257
752523992058200064
1324908951088082949
1324908951088082949
1480247283136479235
1324908951088082949
190766364
1381665532445929482
127271966
1795360248
946038681781047301
1444643754296684548
953748657190440961
239518761
28299008
14456877
358662277
3129875193
1497881307573010435
1222090122142810112
18714976
1447205340
475239362
569172553
2287362827
976500002062299136
2287362827
139100886
1279522303454429184
408328669
1491174414431440897
380913921
450156045
159158744
874862649909149696
138730287
1106394350
244938805
946038681781047301
3129875193
19603174
331799590
333553994
219653856
17685876
1279522303454429184
1355632787995455488
946038681781047301
481401647
481401647
3129875193
1398616193024548864
486814136
1463438170670858247
575398242
953748657190440961
341932463
946038681781047301
1447205340
1485951862046179330
26710942
41595048
1463438170670858247
341932463
1343500261982089216
1447205340
758748714659786752
1127641760
347398898
2341869265
233665155
781408578712248320
1194734853020893189
471253152
159158744
244938805
953748657190440961
377551958
486814136
44166084
159158744
797928488
295755443
377551958
1482048027682648073
159158744
20934811
987486896237568000
1220974095455653889
330063600
77807937
2287362827
1306400415278301186
38902799
1351299678361546753
1311175608
1087422271206105088
953428626686562304
1053986654514569219
197110573
1311175608
1658364973
4796129975
138730287
551619686
2554375868
165464375
1293936805
459969785
1037031822
1041237779135397888
929764442421780485
2991881739
1338522338
1196549788029853698
1414954545860562959
2287362827
1222192138240299008
201421913
1404840897326505997
201421913
109255993
1471227833255092227
608828776
1205131820951625729
1658364973
903290340165242880
1121662948320010240
983400180
1658364973
974729722482581505
1471227833255092227
1658364973
1658364973
139100886
1312008191811739651
1658364973
471152965
608828776
2815604118
1312008191811739651
1381665532445929482
4715462775
1463897695974825989
472294857
194289644
2986488929
206597096
1063990107269722113
1110955032302759941
1110955032302759941
710968710991900672
129788686
37761004
1004882796
37761004
819647222585454596
1156501430179639296
1156501430179639296
310519153
1106394350
139121472
1083724849011441664
2718593403
30670595
2815604118
4758150675
863073687855149056
38033026
482826001
2718593403
21281142
2815604118
2815604118
1735670340
1431223499318874113
570744394
988037028448268288
341932463
333553994
1274716741
2815604118
2532762127
16144050
1161543558052139008
16144050
226929592
275712732
72830645
920723197141639169
1498426992588476426
2991881739
1071368653298376711
76093893
787242275021713408
1049299297693585408
384754710
226929592
58244415
863073687855149056
1251277829234462723
58244415
819647222585454596
1320465333191348227
229981009
1251277829234462723
38033026
948869413314416640
863073687855149056
37416154
1085209501769318400
25516100
948869413314416640
162688929
1248335604
948869413314416640
37416154
819647222585454596
948869413314416640
928054836
948869413314416640
37416154
949247433900478464
2418099208
37416154
948869413314416640
948869413314416640
284025416
3178221399
174762419
3178221399
1469555131389820930
18425625
131293004
3178221399
243192799
139343540
19762987
19762987
2855541052
19762987
18006431
19762987
4846803291
1622142230
707668606922915840
2842490573
2842490573
2842490573
1172869273
1429890756
1349394986
2939303445
1251277829234462723
2338262975
2338262975
572867654
19762987
127271966
24514743
484888944
1324908951088082949
125155020
1324908951088082949
15528287
957712068270084107
1324908951088082949
139121472
1324908951088082949
1478114260458917888
238109168
1259792368863232000
37416154
1473775739325632517
1473775739325632517
21864137
38016658
19939667
1539656882
174613728
1094758266238836736
1337797928
1694348809
387677880
1498797468871495683
1324908951088082949
1089051850832338944
1333193456
458734228
1429890756
1048299101547352064
38033026
333903537
932785156284350465
333903537
1497206086235000836
932785156284350465
1497637338830327814
1275446147700518916
1275446147700518916
193659324
1275446147700518916
1310921923753320448
948480584833216512
23737789
1497206086235000836
1497206086235000836
193659324
1497206086235000836
602919997
788085026076459008
244938805
827171141647233024
76989641
139343540
38016658
139343540
41604240
139100886
193659324
1497206086235000836
1497206086235000836
193659324
1422172098190090245
3438897321
847751318
707086201
193659324
1497206086235000836
847751318
1497206086235000836
847751318
1278779333486706688
193659324
1497206086235000836
788283419822321664
342862254
2767349669
998476071292035072
1336748027042795521
467441656
847751318
952204564521979906
983400180
167355978
1497206086235000836
2767349669
350287950
1379421013855846418
804132241
18364179
1347433861442129920
321546491
38016658
955474624917188608
193659324
38016658
62060746
955474624917188608
18360037
23737789
471152965
193463414
Result_count_tot:847