1088523660477063169
1460234100044828680
14282524
17931154
1102862541573767168
1406001203490734081
2596016185
1406001203490734081
2596016185
1406001203490734081
2596016185
53876028
1371560561301983239
568362036
568362036
789463176576430081
895214544313876480
789643599289937920
1215926666578612230
935793180171292672
25938121
935793180171292672
59773125
271094740
1128452569213349889
218881394
35019895
334520234
218881394
3336480731
804132241
734843546306510849
1043570612814393346
1109315040333701121
1406974932958040064
1109315040333701121
1406974932958040064
1109315040333701121
1406974932958040064
1109315040333701121
2303833679
1402869817
1109315040333701121
30825849
41076087
2174340221
99261103
1151574323112665088
1151574323112665088
1372764241
174318713
1482079402074820610
1630778671
1033716271391694848
800997802100817920
2391406278
1343500261982089216
271094740
56361825
1169018354503471104
1932287588
1452716979543056397
1478114260458917888
1300020191292796928
3817703656
3817703656
3817703656
791538236
1279522303454429184
1478114260458917888
1478114260458917888
1478114260458917888
75547391
238109168
41595048
1102862541573767168
2626592290
1402869817
1311175608
17216268
1256529766271856649
30236460
76121432
22492349
1256190706030444545
1448699421747781635
1497932464362340355
1932287588
1488411764479959041
1343500261982089216
39965455
462893360
2163865473
1407221259893719041
1407221259893719041
1053230233158123526
1108006113914572800
1725679476
1234801985322393600
433570496
1489898578298478592
1518809059
954423858110631937
403577306
1084055210
1932287588
14331613
14331613
14331613
1489898578298478592
14331613
612664952
245328549
2465205326
575398242
844476414107815936
219653856
72228773
1326299824061353984
72228773
75756340
2578449954
168617759
1459635119468302347
1207048521033158656
27245022
53876028
1510274186
89475417
1362544471
28611543
64366720
2248146503
734843546306510849
42878810
1372764241
1372764241
1173235207
194900525
54832301
2813141859
494403305
2578449954
2370663220
1492746672308649985
1491891865586651137
1491891865586651137
96191122
31408434
31408434
31408434
96191122
1019935481969115136
1019935481969115136
14287243
1115264166
4860685808
756145914885144576
756145914885144576
756145914885144576
458531564
25938121
18475198
591263795
2283410096
382341005
1287058573391007749
1343500261982089216
1051181380732968960
1484624657672200194
923775486127493120
34619210
76989641
404165469
1541727288
784582
53876028
1540456093
404165469
404165469
1163547338071334914
362155495
258780407
1125414934131687425
1488247759304118274
315450755
1518809059
882566035
386725138
69300723
1965584851
1331846336531099649
32353807
1343500261982089216
1344308387929063432
489479693
42370044
882566035
113002313
1864808131
72228773
4866094973
822964671305121792
3374114717
804132241
34296797
40505648
1334923094650204160
271866986
377354280
438717318
822964671305121792
1371886878
3997676716
1936784208
2394537301
734478434
1441633534238621704
519885607
479461213
89025622
53876028
2767438017
2850181869
30439759
808483681
519885607
28413649
30439759
114043368
1051181380732968960
1417553441434619908
1051181380732968960
756145914885144576
2418099208
18897831
1932287588
14464324
1442171898192744452
1235293230377447424
1235293230377447424
1235293230377447424
483251833
216700211
579218944
570744394
832879977100095488
1258503291174035458
1430846132058476544
2401056535
402983524
3413490065
1349860557738881024
1349860557738881024
1356365290188234754
1479467212494807040
1326299824061353984
168508977
168508977
1186361081813450752
462893360
59896145
390687348
59896145
1186361081813450752
25818496
22067123
390687348
265565067
3313901357
233872252
480261378
29908667
39965455
14288037
489459500
47056430
47056430
47056430
1464222936454385666
343555306
1486214658814005248
419903630
1290290012383256581
1021149774538473472
31704358
317101757
1129828406168817666
1737141056
36771136
1269386606072430593
629624624
1264291718
1380846674319392776
41372029
1347622976087351296
29410427
1256529766271856649
1445218384363364352
1445218384363364352
216642924
1472829392841760769
518358567
22814965
22814965
1209818478
2504039479
615532041
196964239
1074536224226988034
61250638
2830033544
17681911
624580847
37904694
214809052
112420432
26867970
27245022
49397898
27245022
19282128
1475052567780593669
422026588
1466856940055707652
3366058551
2338191563
1941018354
31397933
1147793478618931200
61250638
19263926
1403636393570672641
799404150664601602
1057475636
21423985
1057475636
21423985
1057475636
107360105
4501984941
388127101
2931616567
1204838809
717610795
17233716
1456625199563132935
4894400445
1306984911623028738
373272300
1347894255465996289
1347894255465996289
1425511183663210496
1399929377740230658
1482302475176665093
1482302475176665093
1482302475176665093
1347133394434592768
1386269845285752834
95049729
1197164229356400641
1256529766271856649
80668551
387112097
28072620
271045372
328494016
401253347
273333721
1241665264300802048
1343500261982089216
2590058264
2590058264
69275559
130639047
494942196
473993305
494942196
1115264166
1481046085372162054
830532037
1279439639573598213
830532037
971301140083113985
66435424
4173504995
1256529766271856649
1373645412628762628
712948502230339584
1015217707891949568
42695443
1481046085372162054
1256529766271856649
1378621459514413057
1378621459514413057
1378621459514413057
1378621459514413057
1378621459514413057
1378621459514413057
1378621459514413057
1378621459514413057
1378621459514413057
1378621459514413057
1378621459514413057
1378621459514413057
1378621459514413057
1378621459514413057
524192005
14300452
1378621459514413057
1378621459514413057
1378621459514413057
1378621459514413057
1378621459514413057
1378621459514413057
1378621459514413057
1378621459514413057
1378621459514413057
1378621459514413057
1378621459514413057
1378621459514413057
1378621459514413057
1378621459514413057
1378621459514413057
1378621459514413057
1343500261982089216
714233189653422081
127268367
20672548
127268367
20672548
127268367
20672548
20672548
127268367
20672548
127268367
20672548
20672548
127268367
20672548
1442171898192744452
822964671305121792
1422889052
1256529766271856649
1354012954841198593
494942196
24548649
1343500261982089216
1478781943873474560
390786898
1269386606072430593
1406001203490734081
1111179802067853313
82045245
1407221259893719041
584831220
93060730
38392006
30729531
24605727
164012259
2521236903
2190388347
2824499593
1518809059
1453268505260855302
2303833679
1455268343087345819
236890956
2616746847
940876952
218711361
132949080
192273401
340410949
353788081
1459679891880923142
17784517
946372453735034880
75756340
21617138
1245809867161559040
1245809867161559040
1048750838
44658397
4747134994
91968833
25669359
1093927154486784000
33997843
1093927154486784000
32878894
2590058264
1630778671
761147313544949760
34715201
1472547586984841217
19923066
43505548
2418099208
1255914657782673408
1347133394434592768
775614552
620392738
775614552
775614552
620392738
775614552
620392738
775614552
620392738
114043368
830395964120764416
734478434
19923066
893466110
252249518
19018191
34715201
734478434
735416610
19018191
734478434
80747859
1187388616001163264
1734755736
156981669
163443340
1063076857824903168
33622624
1370413813439287301
8341452
29660732
1389123387423961092
469780703
1452610590757855233
1256529766271856649
1256529766271856649
849498256388366338
14405428
826488650
14405428
1450066611189157895
895246093314908161
554744553
353788081
481401647
2610412760
36771136
1474313473811222528
895246093314908161
2869032623
346035066
41076087
1343500261982089216
2824499593
437655384
437655384
1338473818130690052
1309895233
75756340
26485244
1464222936454385666
1471811288787558405
29785912
1197164229356400641
1187388616001163264
3209035822
374651584
54530632
1095016101233262592
2874398938
418097841
1734755736
1548891277
1464603232093810690
131783627
1372764241
396618124
804132241
4830422440
133658206
1349003339586011136
191773196
31386412
2874639607
2506919490
962358579310231557
734843546306510849
1290651308442214408
1312068492
1255914657782673408
818127906
1441079982839586816
1371391534097170432
1343500261982089216
44714439
1343500261982089216
3048019479
6706182
44714439
75756340
478553827
17216268
95049729
702437744275021824
1287058573391007749
18520064
1256529766271856649
36771136
36771136
1344308387929063432
38392006
841058717105868803
1456008113451151362
418991953
1139577989564440576
31372873
1139577989564440576
418991953
1139577989564440576
418991953
1139577989564440576
1139577989564440576
1139577989564440576
33594041
1370413813439287301
418991953
1139577989564440576
33594041
1139577989564440576
1139577989564440576
418991953
1139577989564440576
1139577989564440576
1139577989564440576
418991953
1139577989564440576
1256529766271856649
418991953
1139577989564440576
1139577989564440576
1139577989564440576
1470349801027997696
998476071292035072
53774336
53774336
53774336
44714439
1443520866457956355
717036122837266432
1342246146
1443520866457956355
1443520866457956355
992688838987436032
717036122837266432
2313448980
1443520866457956355
1443520866457956355
717036122837266432
44714439
118664346
29429823
397039632
1197164229356400641
1004882796
28892317
28892317
558015175
1343500261982089216
8341452
1436674205332873216
397039632
397039632
986543088
1294248670993547264
17632830
26710373
986543088
26710373
2590058264
16930782
2590058264
819181990884872197
167092490
46359538
176833776
14282565
397039632
35180350
1371560561301983239
524192005
2537978100
1197164229356400641
2537978100
2537978100
2537978100
1197164229356400641
2537978100
401253347
1197164229356400641
2537978100
438211624
1518809059
1197164229356400641
1343500261982089216
90180736
61756804
61756804
205111571
170023589
194476610
24746466
369080489
1294248670993547264
1343500261982089216
1463620248263962626
1371560561301983239
306190956
1465546404349284357
131293004
1269996515654864896
858674768
1464077099178680327
1320368436
1197164229356400641
1464077099178680327
550159524
1256529766271856649
1197164229356400641
1230965721238253569
1342781681586069504
26782987
1094082169
1197164229356400641
976125363146326017
137776972
760559255288176640
1056639852748460032
118664346
14300452
1734755736
2313448980
714233189653422081
1330892617903726593
2737622765
1399073118
1327225696184389633
1185270297043329024
980376297833627649
1173235207
34571000
1294248670993547264
1056639852748460032
1354756698674761730
95212604
718516487691046913
153206877
153206877
2520486221
464202341
108137660
1354756698674761730
2654480499
1191025383157710853
1343500261982089216
147318104
130846703
1256529766271856649
725925007
397039632
28795459
910875612612583424
579218944
131783627
2432677045
252556773
1091475026
34231784
14131410
374204871
4894664769
485324246
25114087
282726750
524665153
46359538
64996483
3101265687
999038198071332864
3177011895
87179365
48345385
1493887256
1453268505260855302
1440052041481535492
858268514
556151503
26284499
556151503
256799486
11909882
818127906
813809372044345344
1358879749507006465
31383672
96191122
1169018354503471104
19354115
1288153374161018880
28351105
734843546306510849
28351105
1178987052966318081
55258706
522268751
2322814084
1256529766271856649
1256529766271856649
1256529766271856649
1256529766271856649
1399073118
123335372
1278099677850763270
108937539
335922245
14288037
271045372
1171336856732147712
Result_count_tot:830