1172869273
23292310
752523992058200064
1431223499318874113
1471623685081604104
1343500261982089216
17685876
1172869273
17685876
1172869273
17685876
3012371014
17685876
1442422622948528132
172473788
17685876
863073687855149056
17685876
23934018
1109941264336719872
1041936320963203072
498251000
3012371014
1497892850872328198
3012371014
1497892850872328198
1497892850872328198
1497892850872328198
1497892850872328198
1497892850872328198
63160235
78058188
78058188
20611702
20611702
20611702
1342246146
139121472
3012371014
1497637338830327814
1497637338830327814
30891188
20611702
30891188
64677507
20611702
2590058264
171642174
1119971336485507074
1308745007881482240
1085209501769318400
2590058264
20611702
20611702
20611702
20611702
26798240
1119971336485507074
2590058264
26798240
20611702
14735135
26798240
1343500261982089216
20611702
20611702
20611702
1343500261982089216
26798240
20611702
1119971336485507074
20611702
20611702
762738981305978880
26798240
14735135
20611702
992688838987436032
31794117
20611702
20611702
14735135
24514743
20611702
24514743
20611702
14735135
20611702
20611702
31794117
24514743
907214403573035009
20611702
26798240
14735135
20611702
1041237779135397888
1084936178959335426
14735135
20611702
14735135
20611702
14735135
20611702
20611702
14735135
14735135
20611702
14735135
20611702
20611702
1284927960710078464
20611702
14735135
1284927960710078464
1368821446575874048
1368821446575874048
20611702
1368821446575874048
20611702
14735135
1284927960710078464
20611702
1284927960710078464
20611702
84928688
340486628
47900772
84928688
2946239062
340486628
1197202351553236993
294000916
294000916
756871347037495296
3044288870
3044288870
51578730
17963196
567684174
20611702
20611702
20611702
16362310
234387750
3121508429
17963196
1278779333486706688
551730401
20611702
784507090551406592
1706546827
364377121
333903537
725925007
20611702
20611702
20611702
20611702
333903537
4097872618
20611702
725925007
20611702
2850181869
4384251
20611702
725925007
20611702
4097872618
20611702
2850181869
20611702
4384251
4384251
20611702
20611702
4384251
1181321997181169669
725925007
4384251
419197802
20611702
4384251
419197802
20611702
20611702
20611702
419197802
20611702
20611702
3121508429
4384251
4384251
20611702
725925007
725925007
13368602
2850181869
20611702
20611702
20611702
19762987
2850181869
4085782455
19762987
907214403573035009
20611702
551730401
20611702
20611702
19762987
1375548793320583171
1492966306571821056
117117215
318977179
1287058573391007749
17685876
17685876
3095896795
2418099208
172473788
1172869273
1463438170670858247
17685876
238308510
596422929
3012371014
3012371014
3012371014
34715201
1484624657672200194
1222192138240299008
3044288870
195073490
1377719672582381571
61569352
1377719672582381571
61569352
41595048
1377719672582381571
270031753
21052022
3345617697
21052022
17685876
1109941264336719872
1015217707891949568
990877672011063298
1482401123407388675
4856852039
228127994
4032995055
19762987
101538889
1482401123407388675
481401647
14131410
19863466
1482409945605849090
17685876
1163208304862081025
17685876
434092905
193463414
23934018
23934018
17685876
1453056280617275394
17685876
1232742531621892096
1453260560133459989
1419672191474487301
124280207
17685876
2418099208
17685876
1217360622964367360
17685876
3826980004
17685876
2180608131
17685876
17685876
82670042
825897440
2537978100
1109941264336719872
223812019
307237285
402377699
2537978100
1326196920298115073
2970062811
17685876
329031283
2891927913
28115335
435738404
187333363
2379300853
2736841363
3294171827
1341496508
61489446
140852008
827989402441936896
605593658
234132789
1172869273
1460387901716447235
17685876
17685876
234132789
3457292777
50466100
2174824588
1114628888834056192
2308216804
3418758254
990877672011063298
17685876
17685876
18520064
271045372
1381665532445929482
271094740
1172619799517704196
367985666
367985666
34571000
959158733900218368
223812019
34571000
271045372
223812019
612972910
367985666
612972910
28992097
612972910
28992097
612972910
271045372
612972910
271045372
612972910
223812019
612972910
1313107308545740800
17685876
223812019
17685876
223812019
1342246146
271866986
2290658585
309126789
959158733900218368
1287058573391007749
17685876
2415957962
16779119
4848320060
2958673925
17685876
2415957962
17685876
830017627426791424
193212305
464304082
421524772
493456530
273555252
464645247
159158744
1300020191292796928
3303649834
2673939073
1400465330925805571
28823852
1294248670993547264
162101031
29017153
29017153
419197802
29017153
175751949
223812019
10141402
3065951663
37237610
736979161
349042271
33192221
33667980
818874744539856896
3095896795
3095896795
140878985
86154361
1281394579414155264
273555252
784413107624042496
27843850
1206481348510257152
33667980
1281394579414155264
1281394579414155264
1306400415278301186
976922158197891074
976922158197891074
3044288870
64017065
64017065
27843850
465802151
1551335347
416511546
1300020191292796928
33667980
36148979
3044288870
781464330
140878985
976922158197891074
976922158197891074
36148979
140878985
36148979
140878985
140878985
195073490
36148979
976922158197891074
976922158197891074
976922158197891074
1433308095330062337
1433308095330062337
781464330
1431223499318874113
61340005
27843850
1153375149095292929
1287058573391007749
17685876
17685876
234132789
1318284316774903809
14797716
19762987
1287058573391007749
17685876
2338262975
47974057
47974057
822964671305121792
1196549788029853698
27204427
47974057
1274716741
226647880
2521120402
955474624917188608
959158733900218368
91998886
40563300
40563300
1665900678
863073687855149056
17685876
24027430
435738404
1362544471
413110443
413110443
17685876
618137878
18425625
1312186728
772814351434674176
19762987
2418099208
82325555
304041005
1221539816610914307
976922158197891074
17685876
17685876
17685876
17685876
28410803
1496579581
293454038
38260259
20238626
395955415
452190348
67299508
1329062761482117121
28161435
27707673
1239238620613087233
705848240353189888
51016563
155588846
18443986
327990475
793865526
171463267
425844959
38260259
38260259
425844959
38260259
425844959
171463267
38260259
387118980
53894162
146042093
1140962441679003648
1287058573391007749
17685876
139343540
17685876
2537978100
17685876
3319688296
82898901
33951343
258686567
82898901
44834364
155588846
2418099208
17685876
1096055512955793408
325150281
325150281
1096055512955793408
325150281
325150281
64441038
2616879948
2816843120
86154361
37174426
67299508
67299508
273555252
1357054433784389636
17685876
377551958
377551958
377551958
377551958
377551958
1348753882160181248
377551958
377551958
3029050725
427535413
1048412384
976872652873912320
3029050725
377551958
20667905
244983461
1241308942145392640
17685876
39480304
42213583
1048924999678083079
1343500261982089216
1277857797611442176
17685876
1343500261982089216
1294662682075893762
37174426
37174426
38751278
17685876
234132789
232630819
17685876
304041005
17685876
26979187
838081680879529986
1277857797611442176
1083724849011441664
1134224611015569410
1159865983630282752
1134224611015569410
1134224611015569410
1159865983630282752
1083724849011441664
195073490
17685876
43062590
1241308942145392640
195073490
17685876
872149525565145089
43062590
17685876
1140276261111107585
238109168
46888173
47974057
889992356690362369
17685876
1163208304862081025
1064888110033588224
17685876
67299508
140878985
2619183836
2619183836
140878985
1311226086559281152
1311226086559281152
1015217707891949568
2338262975
1311226086559281152
1311226086559281152
1311226086559281152
1311226086559281152
1311226086559281152
1311226086559281152
1311226086559281152
1311226086559281152
1311226086559281152
1311226086559281152
1311226086559281152
1311226086559281152
1311226086559281152
1311226086559281152
1311226086559281152
1311226086559281152
1307011682066214919
1015217707891949568
2338262975
2338262975
1015217707891949568
1015217707891949568
473822717
1015217707891949568
473822717
1015217707891949568
473822717
1015217707891949568
473822717
341830815
15872682
2718334706
3336591322
1015217707891949568
774526328884301824
774526328884301824
774526328884301824
774526328884301824
774526328884301824
774526328884301824
1310169480602038279
774526328884301824
1042459421446615040
86154361
17685876
17685876
36098799
47974057
17685876
18443986
755135427003244544
880142584944918528
758748714659786752
17685876
4283437995
2895212128
2343160317
907214403573035009
74537639
782378825019756544
897831632241127424
2418099208
304041005
242310756
3127486325
2895212128
976922158197891074
19768292
17685876
1223799072802340871
1223799072802340871
61340005
1223799072802340871
1223799072802340871
1223799072802340871
1223799072802340871
986502582
304041005
382341005
304041005
304041005
504496562
17685876
382341005
3118977873
1194835050187165696
17685876
75873064
86154361
33667980
473822717
5119381
473822717
33667980
473822717
15872682
15872682
15872682
15872682
15872682
15872682
15872682
304041005
15872682
473822717
473822717
473822717
473822717
15872682
15872682
1290914712566337538
17685876
827799606
1048924999678083079
1217492185710579712
827799606
4836064754
17685876
17685876
2343160317
1114628888834056192
304041005
17685876
39480304
434092905
434092905
2343160317
3061300019
2418099208
896286257453686784
17685876
293586346
827799606
57064417
1166457633970315274
1217360622964367360
1217360622964367360
17685876
19603174
1156501430179639296
2338262975
2970062811
1156501430179639296
331630751
331630751
1627917192
19603174
1156501430179639296
Result_count_tot:773