546364353
1269996515654864896
1382215398
115636137
470340965
28361527
2437291266
945674562406113280
1330109718384271360
80668551
1330109718384271360
1473970389063716867
1330109718384271360
1427578107809128459
18029265
944602050
944602050
18725408
944602050
944602050
944602050
944602050
944602050
944602050
944602050
591044078
1330109718384271360
18029265
18725408
23084212
546364353
1206956004950388742
944602050
944602050
944602050
944602050
944602050
944602050
944602050
944602050
1371560561301983239
115636137
945674562406113280
1371560561301983239
1371560561301983239
536275722
1473970389063716867
1343500261982089216
1308366632369217536
1480664260116205572
546364353
717853
546364353
32339715
1491862866521210883
1380589536498049032
2895212128
546364353
306190956
312269694
456883296
452190348
1330109718384271360
957539562062073856
1473970389063716867
1473970389063716867
546364353
31267211
4622844617
46420581
803526553338576898
57592947
47974057
18461311
47974057
18461311
1375102975895601165
175091333
863559330
1330109718384271360
189492004
546364353
452190348
546364353
873810133591236608
20425127
18610189
758748714659786752
1330109718384271360
189492004
30625026
489479693
452190348
802944686
1070815303779713029
1287439965211721728
452190348
82670042
546364353
452190348
20425675
546364353
944602050
2613311413
1205100582
701663928
1330109718384271360
1205100582
797848262
2414075550
71894191
306190956
1206956004950388742
1330109718384271360
797848262
1540456093
306190956
1205100582
944602050
1330109718384271360
1681785680
1205100582
1330109718384271360
1330109718384271360
1454528301993795593
998476071292035072
1205100582
1330109718384271360
1205100582
1330109718384271360
1205100582
1330109718384271360
1371560561301983239
1205100582
20425675
4048152814
36307732
1246798707179356161
106153156
14331613
1320368436
1380589536498049032
1451096210442440708
1363906246563287047
576256039
401253347
576256039
1330109718384271360
505029403
1330109718384271360
546364353
14331613
945674562406113280
4048152814
37751927
139100886
216726958
139100886
873304134
411397115
1899937987
1447613970098147328
35186651
1473970389063716867
1380589536498049032
1380589536498049032
231379559
780765060750716928
1426924506606620679
3103828582
1426924506606620679
880511699207553027
880511699207553027
1338866706010140674
1241032817527619584
1208924740179677184
456883296
1426924506606620679
65619261
65619261
19334026
4008584489
1338866706010140674
332534538
1276429310468018176
210807672
1276429310468018176
1473970389063716867
4048152814
1286288189603418112
1371560561301983239
406892131
1206956004950388742
1286288189603418112
1298737602850435076
1224489695154974722
525615891
355460738
1473970389063716867
3198010973
1329204356
840567625100976129
19334026
233665155
944602050
944602050
1371560561301983239
19334026
71894191
1473970389063716867
1473970389063716867
1473970389063716867
1473970389063716867
1380530613904637957
1371560561301983239
944602050
342656862
1109053388782821377
4048152814
430630317
1630778671
1630778671
342656862
35186651
2572733922
2572733922
2572733922
2895212128
800997802100817920
800997802100817920
1473970389063716867
1473970389063716867
470181916
456883296
1178253386564751361
1206956004950388742
546364353
279251607
279251607
279251607
1206956004950388742
1185122412
34571000
2983973356
1294662682075893762
342656862
1306984911623028738
807325612587253762
1329379844715667458
1400465330925805571
76683602
546364353
452190348
1287439965211721728
563559770
1380589536498049032
115636137
1388525483256582146
1168191237368799234
817370159740489732
817370159740489732
1388525483256582146
452190348
546364353
986930424474632192
452190348
546364353
452190348
1473970389063716867
452190348
3386298503
2820198245
311885289
226281624
115636137
149806757
3402907761
1473970389063716867
546364353
452190348
67724181
523663919
1352086882943979522
546364353
471152965
279251607
1094191991338999808
1094191991338999808
1094191991338999808
973869990
1094191991338999808
1094191991338999808
1094191991338999808
1287439965211721728
702437744275021824
2727239239
499023110
807325612587253762
1287782804311416832
1338866706010140674
3817703656
802944686
471152965
115636137
1185270297043329024
471152965
1473970389063716867
219653856
957539562062073856
80668551
150619311
825334635559268352
1241032817527619584
1241032817527619584
40025776
2727239239
945674562406113280
945674562406113280
945674562406113280
80668551
720589683093303296
1241032817527619584
58164809
1313107308545740800
1435250739912364044
58164809
945674562406113280
863073687855149056
44972313
279251607
244983461
2696441863
37067361
1431762585519595520
1431762585519595520
1431762585519595520
863073687855149056
279251607
244983461
24938748
452190348
546364353
279251607
1187130356140564482
2983973356
1192479630701289472
418658020
4877822153
4877822153
4877822153
2983973356
279251607
1386394427040706560
175091333
1386394427040706560
1438804393692995586
1386394427040706560
945674562406113280
945674562406113280
115636137
239541918
343983889
1311175608
475239362
20140230
216812963
1206956004950388742
3428374715
3428374715
3030883860
137776972
998476071292035072
279251607
965620144234954752
969951346639212545
1246798707179356161
1491973719589154820
2481844412
3428374715
3428374715
26974253
945674562406113280
26974253
26974253
26974253
1206956004950388742
1206956004950388742
1246798707179356161
1438804393692995586
1438804393692995586
539397380
41325780
1386394427040706560
1386394427040706560
1386394427040706560
1386394427040706560
1386394427040706560
196914679
196914679
1482196129790185475
1470725246734979074
306190956
14276169
1206956004950388742
3386298503
1051508296543338497
1206956004950388742
24762838
1330109718384271360
720589683093303296
3428374715
3428374715
24762838
1330109718384271360
906524430444134402
1208924740179677184
1330109718384271360
546364353
546364353
965620144234954752
1330109718384271360
401253347
35186651
26974253
456883296
1206956004950388742
456883296
1400892459010375682
19110119
1091851158363271168
1206956004950388742
2820198245
164301996
1473291365517864963
1206956004950388742
47723372
464728329
3428374715
19110119
19110119
23807351
1091851158363271168
1051508296543338497
1206956004950388742
19110119
19110119
1179488849594060802
965620144234954752
14574520
823883311898624002
1383714175721955337
560965705
273333721
1518809059
1051508296543338497
3386298503
1206956004950388742
755182573
1386394427040706560
1330109718384271360
3386298503
755182573
3428374715
605490628
1386394427040706560
3386298503
1386394427040706560
1386394427040706560
546364353
850343119451299841
850343119451299841
2287362827
1386394427040706560
546364353
3428374715
3428374715
3428374715
3428374715
880511699207553027
587376985
54972400
31464442
1155843862927171584
4008584489
557603994
3384636575
1362400037460979713
557603994
1386394427040706560
3384636575
900357832561885184
900357832561885184
1379441828534091780
2219254012
600810634
1365854488746217473
1365854488746217473
1365854488746217473
1365854488746217473
1313107308545740800
54972400
1313107308545740800
3428374715
1206956004950388742
19905010
992871150534447106
380495376
1397535389154484225
3428374715
1365854488746217473
1365854488746217473
3428374715
185453179
1362400037460979713
1365854488746217473
1365854488746217473
1365854488746217473
1365854488746217473
1365854488746217473
54972400
1386394427040706560
4048152814
1386394427040706560
475958463
1386394427040706560
900357832561885184
25147787
3170699201
802944686
2568695929
2568695929
2568695929
546364353
1306984911623028738
3806997142
72642225
546364353
1465031213350019078
1386394427040706560
1386394427040706560
1386394427040706560
1386394427040706560
1386394427040706560
1386394427040706560
1386394427040706560
1386394427040706560
1386394427040706560
1386394427040706560
3428374715
3428374715
1202056939
1467918898871914497
1386394427040706560
556948288
14276169
556948288
1202056939
14276169
1386394427040706560
1347433861442129920
1347433861442129920
1431188632862400516
1386394427040706560
1431188632862400516
1431188632862400516
1386394427040706560
1431188632862400516
1431188632862400516
1431188632862400516
1386394427040706560
2568695929
3428374715
1033576415843758081
2568695929
2568695929
3428374715
1386394427040706560
1033576415843758081
1033576415843758081
2568695929
1033576415843758081
2568695929
1033576415843758081
3428374715
2568695929
1431188632862400516
3428374715
1431188632862400516
1431188632862400516
556948288
1415576961485877253
171507479
3428374715
1386394427040706560
3428374715
1386394427040706560
1273240170083557376
1168191237368799234
1033576415843758081
1273240170083557376
1033576415843758081
556948288
556948288
4186057696
556948288
556948288
1483077727
1386394427040706560
1386394427040706560
1490393508561276930
633093797
1386394427040706560
556948288
556948288
1491915479820156929
1386394427040706560
1386394427040706560
1386394427040706560
1386394427040706560
1386394427040706560
3428374715
3428374715
164924287
1386394427040706560
1386394427040706560
4186057696
1491915479820156929
1491128318187360256
516315443
2219254012
306190956
799273353764892672
1074623689700843520
164924287
471152965
556948288
1168191237368799234
14331613
957539562062073856
274552582
25147787
25147787
4283437995
556948288
1344394003
560965705
587376985
1464668934
2568695929
2568695929
2228333039
3428374715
66664753
1518809059
3428374715
2568695929
2568695929
1386394427040706560
14331613
865271735461044224
720589683093303296
2568695929
1051508296543338497
1468280044682366976
546364353
279251607
1244665873622859782
22475991
22475991
1431188632862400516
58164809
556948288
14331613
4908740304
14331613
14331613
4908740304
14331613
14331613
14331613
14331613
14331613
14331613
1545946591
1330109718384271360
1088581832621191168
3428374715
1454585253272584194
1454585253272584194
1454585253272584194
1454585253272584194
1319719329974321152
1244665873622859782
46846624
1017111365604052992
279251607
788835278085578752
1047374884815425537
1201942466397704194
556948288
1386394427040706560
556948288
556948288
556948288
3428374715
56328067
56328067
556948288
556948288
1386394427040706560
1389128468412178432
556948288
1386394427040706560
556948288
1386394427040706560
1386394427040706560
556948288
1386394427040706560
1386394427040706560
556948288
556948288
1386394427040706560
1386394427040706560
556948288
1386394427040706560
3428374715
1484213817643053066
3428374715
3428374715
1386394427040706560
1484213817643053066
3428374715
3428374715
279251607
1386394427040706560
24762838
1362544471
1386394427040706560
1386394427040706560
3428374715
485041702
453912287
1365197512764751872
1246798707179356161
435289078
546364353
435289078
1172399784876900352
452190348
986930424474632192
546364353
3428374715
986930424474632192
4048152814
899483166
485041702
633093797
2934180579
1407063942011183117
576256039
3428374715
546364353
23807351
546364353
1438615489668845571
945674562406113280
164301996
1376561772820369415
1246798707179356161
539397380
223571334
425118660
1168191237368799234
1095016101233262592
3428374715
1019935481969115136
1365854488746217473
1187388616001163264
1095016101233262592
1365854488746217473
1365854488746217473
1365854488746217473
1365854488746217473
1365854488746217473
1365854488746217473
1187388616001163264
1365854488746217473
1187388616001163264
14331613
1288773914
17233716
17233716
3806997142
10058212
3806997142
10058212
3806997142
1465651589927116800
3428374715
51578730
546364353
485041702
701663928
3428374715
14276169
10058212
1467946085184413696
58511405
3428374715
10058212
1467946085184413696
4186057696
555743404
998476071292035072
169441490
807325612587253762
74677398
31985845
1287782804311416832
329031283
1290914712566337538
24762838
965620144234954752
960304249476349952
2287362827
4260193702
1299413366881095692
1206956004950388742
58202173
915180751
915180751
25310824
823883311898624002
1438804393692995586
823883311898624002
3428374715
823883311898624002
926595277997465600
505029403
1109941264336719872
10058212
745715673121366016
505029403
3428374715
1352086882943979522
505029403
Result_count_tot:846