471152965
48107149
998476071292035072
71874613
1161543558052139008
2815604118
1321819646778114049
65619261
874571997979832321
24256031
131293004
1320819438
414321157
3373564096
65619261
1489564979187572743
752523992058200064
1402624881091616776
752523992058200064
1402624881091616776
752523992058200064
1402624881091616776
1204838809
2885130111
65619261
584107111
1353800907855695873
414321157
34382957
998476071292035072
1384163554119483399
2313448980
1263423420898910210
1189972145952219136
2554375868
453906285
1421097684
489459500
820906803630313472
338293610
820906803630313472
820906803630313472
312269694
26798240
820906803630313472
259408011
367985666
752523992058200064
4836064754
30844677
2521120402
2521120402
30844677
37788958
2180591288
46782315
239541918
1049235706252615680
1049235706252615680
196115443
107158671
2521120402
3607871
131293004
46782315
367985666
131293004
46782315
131293004
46782315
974997518026231808
860881396486766592
156873214
1262021017175830528
34619210
156873214
28413649
34242874
35696216
1101985276929421314
196115443
1101985276929421314
1262021017175830528
15444256
493898193
1328679477120016386
196115443
34242874
388800407
1119941050343329792
61828285
2521120402
14331613
863073687855149056
863073687855149056
806096173597622272
2521120402
50336259
2874790725
3579740657
240634413
4218271493
4765409482
414321157
1920493537
19190875
976922158197891074
1114628888834056192
976922158197891074
1114628888834056192
976922158197891074
1114628888834056192
467225373
1225755975526817799
453906285
35851080
1258924800006926338
35186651
2521120402
2710969607
397403735
471152965
383982427
383982427
117019404
1241316297784340481
528763627
1335607751620386823
780541824830025728
940538671261978624
796712285305798656
1338473818130690052
13279242
1238802143131426816
34884640
2611580354
1314964440949944320
1224438623745060864
531862512
531862512
531862512
2189374661
2317307110
1352878171641806854
1336762969921871872
788057473500471296
788057473500471296
216700211
279251607
216700211
545894769
216700211
216700211
2521120402
2428958798
1338473818130690052
1102862541573767168
1102862541573767168
1102862541573767168
1102862541573767168
1102862541573767168
1630778671
354488577
1338473818130690052
354488577
354488577
195412248
1338473818130690052
340356094
1343500261982089216
354488577
860881396486766592
1962237967
15473483
76734505
310120768
907214403573035009
884040737997950976
6468612
35185203
483136103
982999003
196115443
704755658223173632
1143974095
41774044
74208857
112150185
3000974536
1338473818130690052
354488577
279251607
15473483
82825318
929734745302487040
1338473818130690052
38677176
1223581513830281218
2883590932
157245256
848000336
354488577
354536540
14360100
393454679
1366485205826080768
592652225
2181866944
453906285
453906285
453906285
542070097
453906285
453906285
806096173597622272
17241866
2521120402
453906285
1920493537
1920493537
453906285
2521120402
453906285
1920493537
1290793285708111872
453906285
970200738281480193
2521120402
414321157
2294162943
137645763
2521120402
453906285
453906285
49152986
453906285
970200738281480193
970200738281480193
453906285
246310002
47974057
453906285
1920493537
2521120402
2521120402
243805783
16032272
584107111
16032272
584107111
988344384843386880
55857123
2521120402
498251000
584107111
498251000
584107111
453906285
1096055512955793408
1096055512955793408
1096055512955793408
1154673797276065792
1154673797276065792
1096055512955793408
1056639852748460032
79748689
1154673797276065792
192889718
453906285
908588706
55857123
878731328988082176
878731328988082176
4855118374
908588706
453906285
2974973199
19157451
940876952
55857123
61828285
61828285
38635103
2521120402
1920493537
924251534
2521120402
453906285
453906285
453906285
453906285
453906285
18750372
232630819
315273813
453906285
3171637277
29064265
970200738281480193
453906285
453906285
928632515635695616
970200738281480193
453906285
14581620
453906285
551647462
24913773
453906285
453906285
414321157
310120768
65311207
453906285
1265720684862492673
1246192050925645827
1265720684862492673
1246192050925645827
2532762127
474070514
453906285
453906285
453906285
224248943
453906285
584107111
453906285
928632515635695616
584107111
294232275
584107111
864500300
584107111
1134070120572182530
584107111
584107111
1134070120572182530
584107111
584107111
1134070120572182530
584107111
1134070120572182530
584107111
584107111
2872077360
453906285
453906285
453906285
453906285
453906285
453906285
453906285
1125299851292487680
781770567653425152
2742457455
309829827
414321157
985516032
615476387
310120768
3368352046
753696679593934848
1468463090
453906285
970200738281480193
19334026
780934986
581628470
89342023
1228419612645175296
2521120402
584107111
103833985
472851432
91889495
224987850
583641829
2560459421
453906285
2496120775
1544075892
5798452
2601571465
28148610
2673939073
811535147296292864
31362764
31362764
221703932
303647010
453906285
219653856
703547894
200912293
4474624942
1156459850458705920
752225858270662656
901921784177586176
970200738281480193
3423031833
317722823
4128671717
248260003
125960653
1127890457135124481
125960653
453906285
1070613402312196096
2418099208
40189134
14797716
890691071570849792
141886352
60271012
60271012
60271012
60271012
1138517740891889671
890691071570849792
890691071570849792
1138517740891889671
141886352
3423031833
27873974
1338522338
13279242
171464256
171464256
840198864665772032
2645437762
2521120402
1059092400369553409
2521120402
741582590541475840
1127890457135124481
40189134
346159597
2174340221
1920493537
68170419
2521120402
2727237768
365635604
37446949
16032272
2521120402
798519581992226816
1007575445699682305
746293611709476864
5119381
82825318
58297095
1157327995016814597
293501198
2970367300
1169104243
1145978074816765957
2521120402
340421086
752523992058200064
38403168
2521120402
38135837
38135837
1007575445699682305
2521120402
3066849217
2521120402
765456692
38635103
775084458743562240
38635103
511707320
19583354
1103252737481949186
2425458465
2521120402
1059092400369553409
2521120402
1059092400369553409
2521120402
37509974
1920493537
38414239
43101130
4904752558
330671624
1109862542560632838
718349821153832960
1172869273
1204838809
33951343
584107111
16032272
584107111
790879650482364416
752523992058200064
752523992058200064
35693275
390219678
475024685
197110573
472851432
2925842572
390219678
35186651
2271307943
1695832099
1120270140610961408
2521120402
2746346535
28324711
2521120402
749630904335798273
48974071
749630904335798273
790879650482364416
35693275
1060110714
53500711
233942985
320095560
1920493537
2874398938
159158744
3172572111
271844563
384521297
775614552
901922924168441860
998308778926903303
219653856
987038060
74677398
429985312
2287729996
987038060
742285682
977552661980512256
998308778926903303
18344887
384521297
41124241
874227272802238466
998308778926903303
18609590
833800521601445890
303831995
1920493537
1536268622
472851432
31359870
504532913
35693275
2174340221
38635103
21689226
219824450
765456692
219824450
765456692
219824450
765456692
38635103
219824450
38635103
219824450
38635103
472851432
155588846
584107111
584107111
1541746825
367985666
339147627
825689390672445442
339147627
825689390672445442
804153798
14291390
1007575445699682305
327326609
1063048151978962945
1179383574
2584223720
728543288932847616
1365250976
35693275
35693275
35693275
35693275
1365250976
1365250976
1365250976
1365250976
1365250976
1365250976
1365250976
35693275
35693275
1365250976
1365250976
279250117
185126341
35693275
38635103
38635103
38635103
828620824294879232
112668501
1535937890
38451208
472851432
46099447
970200738281480193
782151129182461952
908588706
788111280083181568
25144335
320095560
37904694
974729722482581505
1920493537
37904694
710566611023994881
2521120402
64054094
2942170702
615578449
822798618507771904
23292310
28142766
25516100
15030972
1041936320963203072
2521120402
2218242171
903706904211402753
37904694
37904694
2218242171
271045372
56307236
53876028
2235175809
306688987
710566611023994881
2235175809
903706904211402753
1031662642396577792
1031662642396577792
37904694
824543977080819713
793629150582104064
132475328
547131423
470215305
2164976883
74517897
998308778926903303
1718204779
21689226
274911017
37904694
115009026
30963230
310741306
2609089709
88332163
472851432
64054094
14420387
14420387
163055934
320095560
14420387
14420387
48471150
858496435
38434400
470972977
2235175809
1920493537
103833985
970200738281480193
710011108
2235175809
18750372
320095560
2174340221
2174340221
73881145
55857123
14712588
48974071
48974071
16813552
34357825
66837003
838081680879529986
2174340221
254974982
21857414
21857414
21857414
1464466166
21857414
21857414
1464466166
21857414
1464466166
21857414
21857414
491269777
901922924168441860
60896067
19018191
19018191
901922924168441860
211935442
780130237250146306
1464466166
338557070
1705451886
48974071
54598936
910120488902545408
52104623
188242701
30840835
238610479
3129875193
238610479
33838966
48291483
48291483
2235175809
3047998917
3224759951
2235175809
55857123
55374902
227363686
815188041308446721
612972910
159158744
103833985
31084859
17471820
31084859
17471820
31084859
959814602002522112
14118604
2987097574
35227088
881463828848025601
1083442536
840842440726740992
165183803
165183803
Result_count_tot:761