1496547718625472519
2969526028
1477240834885963776
1477240834885963776
1477240834885963776
1477240834885963776
30236460
1477240834885963776
1477240834885963776
1477240834885963776
1477240834885963776
1477240834885963776
733893482989899776
733893482989899776
16729453
16729453
16729453
16729453
16729453
30941476
30941476
30941476
16729453
21423985
488352093
16729453
76292859
106825991
106825991
106825991
295493730
21423985
21423985
295493730
106825991
1269935851
2180532753
1477240834885963776
1477240834885963776
34013960
2504039479
1000347213145563136
1431643795976867843
1000347213145563136
2257135393
1000347213145563136
1454812264897208324
1000347213145563136
2257135393
1000347213145563136
2257135393
2257135393
2257135393
1448598260847980546
2257135393
1000347213145563136
1000347213145563136
1000347213145563136
54832301
2257135393
2257135393
1431643795976867843
1000347213145563136
2257135393
1380530613904637957
1000347213145563136
1000347213145563136
1000347213145563136
1431643795976867843
1443520866457956355
1000347213145563136
1380530613904637957
1000347213145563136
1380530613904637957
1431643795976867843
1000347213145563136
1431643795976867843
2190295586
612972910
2754777701
2433391021
1343500261982089216
23937836
1380530613904637957
1380530613904637957
1341026322030743553
1438615489668845571
1380530613904637957
1431643795976867843
1380530613904637957
1341026322030743553
1380530613904637957
1476149306549837831
1380530613904637957
1431643795976867843
1380530613904637957
1476149306549837831
1000347213145563136
1000347213145563136
1380530613904637957
1431643795976867843
1431643795976867843
1380530613904637957
1380530613904637957
1431643795976867843
1431643795976867843
78539685
1476149306549837831
1476149306549837831
1476149306549837831
1431643795976867843
1431643795976867843
1476149306549837831
1476149306549837831
1441758841356500998
1431643795976867843
1431643795976867843
1380530613904637957
317101757
34013960
214809052
918901868
1434677772002136064
918901868
127268367
333903537
31976183
127268367
284025416
1343500261982089216
333903537
280019924
17209005
44983912
294073504
321011964
1011728104862179328
1343500261982089216
612972910
1373597254678945793
393387610
1181108894409601024
845954529019510784
250285245
58011581
1456920548
863073687855149056
1458860476004192257
863073687855149056
51493208
48131674
734478434
2850181869
19178945
19178945
2850181869
19178945
2850181869
2850181869
19178945
2850181869
58011581
897848198882111488
2850181869
2850181869
897848198882111488
19178945
1310964486199795713
45565440
31397933
81578629
31397933
1362544471
1294248670993547264
37409274
1181108894409601024
570744394
341094660
168068454
1641482785
8341452
986543088
1294248670993547264
26710373
986543088
26710373
625945770
2881687349
60996511
2881687349
1198189740
619475949
1053986654514569219
365635604
1363540124773068803
78888818
51807708
1363540124773068803
1363540124773068803
214809052
198633369
34972320
192788949
1437818000183152641
1074952118
45791579
992688838987436032
503202600
918901868
51493208
1455479341
2946239062
39239833
307462679
1011728104862179328
477122511
1328679477120016386
34013960
734478434
188242701
38842425
734478434
734478434
393387610
38842425
201653163
1887953239
136600742
1352682661987438593
490173594
72228773
1451016189992333316
694595858910679041
1451508853888196614
2510541167
838081680879529986
346773770
1352682661987438593
1371166026679877633
1450557912372453382
1298636371507261443
1450557912372453382
3985499655
1100868591941955584
1337584197217742848
1326123069656559617
1382207471125553153
1352682661987438593
1327937713350258691
1324028678947233792
1361327430322053122
1431736094790455298
1361334435539529730
1381574176197156867
1352086882943979522
39862317
1402416114739646466
1324437177523036160
1378558465069617159
1352682661987438593
1400470977247592452
1370574650426621959
421125838
785462220
1327373798132355076
18364179
1332485546111692801
2780444871
39862317
1365821286757244930
1139577989564440576
1330220654076039172
1250815263928287232
1372895567202955264
1388218547587981316
1326095372079550465
1349628337556234240
1394360120495194115
1336252847072161793
1394359774473564163
1431736094790455298
1345811374862176257
1324404286214836228
1420426080683536388
1352682661987438593
1368997099518431241
733842026224095232
2643275140
152026631
955474624917188608
66700763
612972910
1370719499587104773
48713549
1375860269516271627
1367346549748084736
592927823
1391126782087241734
1066629843561979904
1446577784378245134
1369377691548479488
806732518510600192
1443773338434813952
2173973248
538250385
1352086882943979522
1388218547587981316
1431644249125232642
1370574650426621959
1335027301394812931
1263604217064968194
1406107329481871369
1402684706739539971
1324404286214836228
1364050974315282433
2555867222
1336252847072161793
1430465282120818689
1434240526258163713
1327492659552821248
1438703033853136901
2209211190
1325827485494374400
1394360120495194115
39862317
1443773338434813952
1443715033167396864
44971468
1325898470918660097
1395735674586734593
1388218547587981316
1424696524072579079
1381037931628990467
1324921798215954433
2188877355
1055170961534795776
1443204774892130311
313834828
592927823
1342911602069286912
1344416004533841920
1370719499587104773
1381272994752958469
183356975
802514070
1393317506702524423
2754777701
234264341
2418099208
484971816
1378175866824486913
1368701604908662784
735095665
1378539964368097282
1462976336
3225919794
1369377691548479488
1003243988
1333189089672241152
1440726539977379856
1376805366772727810
1011728104862179328
153208225
27609853
3431120265
1327950051222708224
17997231
1630619161
17997231
1630619161
1389636183102218247
17997231
17997231
23104499
1381574176197156867
1406107329481871369
1630619161
390219678
1336252847072161793
23934018
1258924800006926338
504496562
1435736674219216896
1325925283094884352
1325925283094884352
1323848621926850565
1422853141419147266
1221539816610914307
17209005
1198189740
1435213578357911558
1332330718127665153
106769293
1443773338434813952
796511306434150400
1324404286214836228
106769293
31405598
1395735674586734593
29908667
54148725
1370574650426621959
1394360120495194115
1086093656946135040
1388218547587981316
734478434
1395742937846149127
1333577262340468736
1350168169026105344
2336595709
892120389819789316
92993245
1139577989564440576
183356975
1376400345862180864
1370034046856794115
1294248670993547264
1071188813140148224
31097949
1263604217064968194
1381037931628990467
1324921798215954433
76377979
1287275739604279299
1330445040645246976
1391782119412748292
754047794722275329
1350615134620839938
90534982
1114104020
734478434
1114104020
799404150664601602
174762419
23759065
1370922424359821312
46782315
631250349
592927823
2180608131
19337187
2718593403
1344412677343387650
30195527
95238065
17066475
17508156
1424108641653772293
31397933
1447580414147768324
1275457709702348800
818127906
1342911602069286912
1369908111792832513
2643275140
1365821286757244930
1053267152470446081
1299351863872028674
2643275140
14360050
47417745
607016620
529334746
992688838987436032
469585545
992688838987436032
1419233523693727744
29908667
802514070
219653856
1369712038461796355
992688838987436032
398606542
612972910
29908667
484971816
1381574176197156867
1432848800402460673
1443773338434813952
1173665102
1323848516981071872
1314055083538239489
1406107329481871369
1419359974837346306
1370574650426621959
1391072270077022212
1327660657387466752
1419879605041836065
1154060276989407240
1422429604082503685
1446695100696903681
1430765421825871873
2209211190
1395735674586734593
1400859875165548549
1336252847072161793
2780444871
1381272994752958469
1440987091438116868
1431559642723897344
1324404286214836228
2954811838
1393204336835039235
1402684706739539971
1394360120495194115
1350517098922053632
1439199424283090944
1414681772927893512
1096934133929005056
1366927040612618245
1281107755944652802
1332983973400637443
1335477576442122242
1363540124773068803
1438912346848645127
1426151069726515202
3225919794
1237005293592199169
1381037931628990467
1336963653711618050
1395742937846149127
1352682661987438593
1335685726042669056
1332330718127665153
1326310020502355968
1350504011703734274
1438633428409274370
1424805269956177929
1537211671
1372256226772455426
1431395872131239941
484971816
1332479771805102086
1326123069656559617
1158750866029068293
1388218547587981316
1334277524738637824
1325369301763846144
1431708847370948610
1324921798215954433
1388291080223924230
2643275140
592927823
1384622612999925760
1443773338434813952
1358706949643251712
1444598256500101123
1419233523693727744
1350246290433716224
1401084236279468037
1381574176197156867
1338437858399563780
1303420645116653570
1447425088953933825
1345318608113721346
1412931850901803008
48567398
1350682853630242816
1439672525449990155
2209211190
3347508124
1319686513949507585
1366927040612618245
975869821
1368701604908662784
1369274779153338371
1378539964368097282
1350517098922053632
1355789406582538241
1325952218760171529
4431833176
1324028678947233792
1443715033167396864
2555867222
1668756504
1345210043583619072
1363376295103459331
1323978943486025740
1350359188493504513
1324437177523036160
1368788012071612423
1419406896172212227
1371828708684795910
1395735674586734593
1352682661987438593
1350878443228033031
1434505730489520132
1392878258413359109
1336252847072161793
1324139778816630786
1328383114658377735
723578817743335424
1373194387295993856
1323803798062669829
1394360120495194115
1386266928407269381
1389108823160406018
1354857721804238849
1324432264520994816
1373531577611923459
1364229509029986304
1352988104978804737
2204744802
1446478730252197897
1371605761479036929
1341232764755054595
1443724567751577602
532628418
796511306434150400
820307149
1378218122528833536
1350530306336559104
1369908111792832513
1328810920999608321
1433691624719142933
1336027259002609673
1113123095534034944
1381037931628990467
1358018677103333377
1388218547587981316
1435526942590218244
1431559642723897344
1392961158160830466
1440987091438116868
1432121138457493509
1326123069656559617
1324404286214836228
1419338376591908864
1329007270810750978
1435736674219216896
1428470503967236096
1325562124177977345
1370749337286901760
1182632017873293312
1436781267157147653
1330445040645246976
1434240526258163713
1435681339731238925
1066629843561979904
2585619461
1396737127086321668
1263604217064968194
1381272994752958469
1419233523693727744
1382250421188722693
1372883753916370945
370047508
1324921798215954433
1422025339870621704
1331956750732300290
1329786666354151427
1329556078988840961
1323946699707080705
1064305636706582528
1365252299321409536
Result_count_tot:655