130597727
236403619
53876028
2364874091
1252127025533530112
2560618001
85666077
2364874091
2313448980
1343500261982089216
1252127025533530112
2313448980
1252127025533530112
2313448980
1252127025533530112
2434054144
2874398938
2313448980
1252127025533530112
897831632241127424
3198010973
2313448980
48131674
34382957
2313448980
467225373
2313448980
1343500261982089216
2313448980
3198010973
3198010973
838081680879529986
47974057
3065951663
565710092
1342808372077326336
1342808372077326336
14340875
258780407
925538612
1637657736
925538612
404165469
925538612
404165469
925538612
1637657736
404165469
62121469
2415957962
2415957962
2415957962
133633281
24693882
825040897
2415957962
32362052
3248077611
2415957962
825040897
2415957962
24693882
2415957962
2415957962
67845970
400864184
1325896879100604417
67845970
1325896879100604417
24571952
67845970
2285421987
67845970
2418099208
718349821153832960
1006519303
1428655003988791301
67845970
1114628888834056192
2415957962
1134124192746680320
67845970
53876028
360838847
1430846132058476544
139997002
2415957962
139997002
2415957962
2415957962
2415957962
3065951663
130597727
2415957962
713990580
2415957962
2415957962
2415957962
47974057
28413649
4717614681
28413649
404165469
20238626
2415957962
579065545
14694707
860129059
2415957962
172694845
273555252
2415957962
20238626
53876028
53876028
53876028
219653856
57592947
53876028
20238626
53876028
57592947
53876028
842332316
236403619
20238626
20238626
53876028
404165469
53876028
2313448980
2214354255
68801651
1041936320963203072
1219735398
266698074
27113674
718349821153832960
718349821153832960
3021468899
3021468899
60900925
43361373
718349821153832960
718349821153832960
2468224068
404165469
112428297
27844742
15402344
3854888595
1362663147836997644
53876028
602919997
134551793
53876028
24169740
1382215398
314635115
1362663147836997644
2415957962
2415957962
274643645
79163086
1102159628719271937
67845970
53876028
1096055512955793408
2511331975
258686567
62862693
62862693
2415957962
2415957962
62862693
2415957962
67845970
2415957962
24169740
3248077611
67845970
183356975
3248077611
2415957962
3248077611
32482854
1185270297043329024
1514087286
28413649
2415957962
713990580
271866986
2415957962
2415957962
2415957962
20238626
18333954
2415957962
2415957962
3065951663
1114628888834056192
2415957962
2818756895
2818756895
38451208
2415957962
2415957962
191118759
718349821153832960
2415957962
752523992058200064
2415957962
1007522258468986880
2341869265
28413649
2415957962
1208924740179677184
2415957962
2415957962
905331215133286400
2415957962
2415957962
995264373068320768
1324347995303936000
112428297
2415957962
1324347995303936000
148686363
2415957962
1374424448502145027
815188041308446721
2415957962
2415957962
67845970
3088821058
2415957962
53876028
1285604032325853185
1285604032325853185
1285604032325853185
1285604032325853185
1208924740179677184
28142174
3296731137
2415957962
33099288
2415957962
67845970
49294750
67845970
76449407
62121469
67845970
62121469
2415957962
67845970
67845970
486142464
151011781
67845970
72645772
297040631
2415957962
46888173
1105770106414604289
2415957962
46782315
2415957962
3171637277
1114628888834056192
2415957962
3171637277
2415957962
3171637277
1061551568
2415957962
20238626
34382957
2415957962
20238626
1550294624
2415957962
13665432
2415957962
1185270297043329024
13665432
53876028
2415957962
13665432
13665432
53876028
2415957962
53876028
13665432
1114628888834056192
1007522258468986880
1007522258468986880
2415957962
47974057
18264009
1120038111738777600
2527489718
2415957962
3558171561
1657014960
886201654391033857
2415957962
966251334960902144
2415957962
819168234
79163086
2415957962
33099288
33099288
2415957962
20238626
1232742531621892096
2415957962
2415957962
34619210
53876028
2415957962
2415957962
2415957962
28142174
749584399105130497
4894248365
749584399105130497
398606542
2415957962
2415957962
1275446147700518916
53876028
2415957962
2372074475
992162588233527296
544290399
2415957962
14675891
53876028
53876028
28413649
18657392
22356192
2332472992
3374114717
3374114717
14675891
2332472992
28413649
28413649
2332472992
28413649
34619210
1163547338071334914
1093940802005422080
293098740
2415957962
2415957962
3248077611
47974057
61234730
53876028
1276242853094621185
74677398
82825318
3296731137
47448389
2415957962
47448389
2415957962
2415957962
992688838987436032
2560618001
2415957962
47974057
53876028
28413649
334030383
53876028
2415957962
2415957962
28170408
28170408
2415957962
2415957962
28170408
28170408
2415957962
752523992058200064
1456920548
816758060727332865
1456920548
816758060727332865
1456920548
309126789
816758060727332865
2415957962
816758060727332865
2415957962
2415957962
28170408
2415957962
28170408
2415957962
28170408
1241308942145392640
2415957962
2415957962
360838847
2356403817
976922158197891074
2415957962
2415957962
16362310
616065022
2337642753
37272963
2415957962
16362310
2415957962
195073490
38260259
819168234
38260259
2415957962
754862167
1342246146
1069711076542025728
2415957962
1071540572916277248
2415957962
1071540572916277248
2415957962
2415957962
1541727288
1541727288
819168234
2415957962
24564251
819168234
2415957962
819168234
2415957962
302874171
992162588233527296
2415957962
26349198
1342246146
1550294624
2415957962
2415957962
2415957962
992162588233527296
2415957962
33099288
838753427207380992
103280252
2415957962
992688838987436032
3065951663
2415957962
31394950
305455284
338557070
992688838987436032
2415957962
992688838987436032
992162588233527296
2415957962
47974057
603775254
2415957962
2415957962
203669147
2415957962
26737064
195073490
2415957962
2415957962
841058717105868803
838081680879529986
180911960
18555748
14214281
2415957962
1120038111738777600
3175750240
288414511
2415957962
2415957962
1124046246321250304
2415957962
838081680879529986
408398227
22356192
3248077611
2415957962
2415957962
2415957962
16362310
2415957962
76610050
281707965
2415957962
2415957962
281707965
1124046246321250304
2415957962
2548072274
992162588233527296
2548072274
992162588233527296
2548072274
1144550193930670081
2433391021
2548072274
57064417
2415957962
54530632
18360037
54530632
1518809059
2415957962
2415957962
825040897
249076776
33609198
2415957962
1853823378
20238626
2415957962
2415957962
76585094
2415957962
3065951663
2415957962
2415957962
897554443499167745
2415957962
897554443499167745
897554443499167745
2415957962
897554443499167745
897554443499167745
2415957962
2415957962
897554443499167745
897554443499167745
2415957962
897554443499167745
897554443499167745
2415957962
897554443499167745
236403619
2415957962
2415957962
1342246146
2415957962
2415957962
931345838131089408
2415957962
180704610
992162588233527296
3065951663
20576681
3065951663
2415957962
3065951663
3065951663
3065951663
3065951663
815188041308446721
2415957962
3422808345
1227689664
196409507
30421352
2415957962
16362310
149253205
434377207
2415957962
434377207
40322305
47448389
1102159628719271937
1102159628719271937
76585094
1391810886
1158782291272982528
3175750240
2415957962
16362310
735095665
14048665
2415957962
16362310
992162588233527296
2415957962
2415957962
2415957962
867381021502787585
3248077611
3291234059
236403619
21864336
2415957962
2415957962
3248077611
2415957962
2415957962
886201654391033857
60271012
2415957962
1362544471
18657392
47656908
1069711076542025728
2415957962
36172874
72228773
67845970
2415957962
2415957962
67845970
30241775
20238626
2415957962
901921784177586176
2415957962
2415957962
2415957962
141886097
38260259
2415957962
134551793
134551793
579065545
1541727288
33099288
2415957962
2809908354
992162588233527296
819168234
2415957962
62862693
429985312
2415957962
2415957962
2809908354
719175244968288257
2415957962
2415957962
838081680879529986
30435298
2415957962
2415957962
3076779896
2415957962
165183803
35915109
2192058508
1117881318606557184
2323148506
3044863666
18360037
40322305
1391781690
18360037
1072055971025948672
749584399105130497
1041237779135397888
249076776
976922158197891074
976922158197891074
78058188
53876028
23582761
324797755
365635604
229152272
34264811
365635604
18520064
1048085844
34264811
34264811
365635604
23072668
353029255
1048085844
2718334706
579065545
2415957962
304615761
2415957962
1058367745098694659
3065951663
54530632
28861781
2415957962
2415957962
14699312
14699312
2415957962
3248077611
922410286270828544
718349821153832960
2415957962
236403619
2415957962
20238626
2415957962
2415957962
20238626
2415957962
825040897
22356192
2415957962
134551793
992162588233527296
67845970
992162588233527296
2415957962
421368016
2415957962
30241775
2415957962
2791938544
2791938544
14312379
112981132
769218533834297344
2791938544
2415957962
429313316
22356192
2415957962
14118604
46617136
2415957962
2415957962
22356192
22356192
203669147
203669147
2415957962
931345838131089408
2415957962
901922924168441860
317034318
1518809059
56125230
82825318
4904752558
474486207
752523992058200064
752523992058200064
4904752558
752523992058200064
82825318
23067843
134551793
134551793
23067843
134551793
23067843
2792649799
4904752558
562745251
562745251
39599815
23067843
4904752558
54917900
325150281
38451208
4904752558
752523992058200064
4904752558
2792649799
752523992058200064
4904752558
23067843
134551793
54917900
54917900
713319078157488128
Result_count_tot:789