827604968475607042
825334635559268352
19389900
945674562406113280
394527780
1453056280617275394
1362123413901426689
1362123413901426689
1362123413901426689
1362123413901426689
1362123413901426689
1208924740179677184
1268559555702730758
103097873
4789896694
163145068
1288762852346560513
4008584489
802234193350627328
163145068
103097873
20854389
19334026
1443226724548988931
29716556
163145068
103097873
163145068
103097873
185453179
103097873
163145068
103097873
1075349590851883009
2982186329
1162187634
168781455
87666695
168781455
87666695
168781455
87666695
463696074
463696074
401653137
3331154825
565710092
56044169
565710092
26719515
95238065
1545946591
14062842
4894248365
1545946591
54972400
14282565
1543506013
56044169
397169704
619475949
612972910
271045372
612972910
271045372
1619767424
1422256004306292739
901677504
1042879934
510135719
2874173163
2364874091
233665155
993417457
19334026
19334026
1518809059
2313448980
1152441702
175187994
67851742
1152441702
976904551809847301
1628668224
1276320722269491200
37677256
1619767424
1109862542560632838
1109862542560632838
1214695072236810241
430180591
430180591
430180591
430180591
430180591
1214695072236810241
430180591
53876028
426750416
76989641
2723308582
193207281
2723308582
1339251046510714888
462751333
2723308582
1518809059
1386656857801076737
233665155
103097873
27438286
3403077976
233665155
846076811901616129
273118166
2727239239
273118166
2727239239
27438286
103097873
2727239239
103097873
1109862542560632838
1109862542560632838
612972910
271045372
612972910
1382623311033737216
784809964816764928
365635604
1382623311033737216
612972910
271045372
901677504
1109862542560632838
56328067
48974071
89398445
15343781
56328067
630213240
1343500261982089216
498167278
1343500261982089216
498167278
141744721
89398445
46445037
82825318
3129875193
16575626
3129875193
1417285074278653956
3129875193
16575626
612972910
3129875193
1934485416
3129875193
612972910
3129875193
612972910
3129875193
612972910
612972910
3129875193
612972910
3129875193
612972910
1417285074278653956
3129875193
612972910
1417285074278653956
82825318
233665155
612972910
1417285074278653956
1412853249426722818
233665155
334014421
1363906246563287047
233665155
82825318
233665155
612972910
233665155
612972910
233665155
56328067
1208924740179677184
1276320722269491200
23937700
1359437138203451395
1359437138203451395
72256129
74677398
72256129
72256129
74677398
72256129
72256129
74677398
72256129
74677398
72256129
74677398
74677398
48794268
48794268
48794268
74677398
74677398
48794268
74677398
48794268
48794268
74677398
74677398
48794268
48794268
74677398
74677398
48794268
48794268
48794268
74677398
74677398
48794268
74677398
48794268
74677398
48794268
48794268
74677398
48794268
74677398
48794268
48794268
48794268
48794268
159584988
74677398
48794268
48794268
74677398
48794268
74677398
48794268
74677398
48794268
48794268
48794268
74677398
1276320722269491200
48794268
1276320722269491200
1241032817527619584
48794268
1276320722269491200
1343500261982089216
4008584489
1417016088563486723
14284837
233665155
48794268
2415534528
1377226490597806080
16575626
1406974932958040064
816993776
1343500261982089216
1037031822
1208924740179677184
1060229102
1060229102
1274598933579382784
1288762852346560513
1241032817527619584
1413817063139852290
1060229102
1288762852346560513
233665155
1387392309445136391
1417016088563486723
23937700
1109315040333701121
1109315040333701121
16575626
1387392309445136391
72256129
72256129
300777532
1413141630752682005
1413141630752682005
796805869858148352
1422487557590421505
16575626
1379441828534091780
48794268
48794268
117064710
1402305041722183682
48794268
17606518
2928074405
1241032817527619584
17606518
455877441
1159432229073895424
1377226490597806080
103097873
3136302603
103097873
16575626
103097873
1241032817527619584
16575626
103097873
1109862542560632838
132499217
3648353960
3648353960
976222474923896833
132499217
976222474923896833
976222474923896833
976222474923896833
132499217
976222474923896833
96956524
3648353960
27438286
1241032817527619584
1288762852346560513
1109862542560632838
79297974
1404123031547662336
1404123031547662336
827604968475607042
1288762852346560513
1288762852346560513
1330892617903726593
2727239239
1288762852346560513
1288762852346560513
57026218
796805869858148352
1330892617903726593
801551180568678407
57026218
1628668224
1109862542560632838
72256129
1330892617903726593
18344887
1276320722269491200
1288762852346560513
14062842
3648353960
1268559555702730758
1327982983341608966
1109862542560632838
825334635559268352
57592947
57592947
233665155
825334635559268352
57592947
103097873
545394515
103097873
103097873
545394515
1162187634
825334635559268352
18520064
1628668224
14174007
1628668224
894604457475964928
1159432229073895424
984329361041084418
14174007
65619261
14174007
825334635559268352
894604457475964928
1628668224
825334635559268352
825334635559268352
894604457475964928
65619261
14174007
65619261
1109862542560632838
1109862542560632838
2770985067
39480304
3308599215
1897243668
1366524261171609602
1897243668
1366524261171609602
377590012
377590012
377590012
14405428
3308599215
977901588089135104
3308599215
1358826665032486918
998476071292035072
899010525136388097
1300348994728521729
30625026
22760020
955474624917188608
86135631
332373271
899010525136388097
89730135
940191986346266624
332373271
39480304
992688838987436032
39480304
1267854507154776064
332373271
332373271
992688838987436032
2770985067
332373271
2770985067
992688838987436032
2770985067
992688838987436032
1358826665032486918
377590012
1358826665032486918
1358826665032486918
141744721
377590012
141744721
332373271
39480304
260450672
603775254
39480304
1281665017981657089
1114628888834056192
3308599215
3308599215
103097873
332373271
377590012
377590012
387118980
120192000
387118980
2818756895
1385902509173137413
14464119
2818756895
1283737615041273856
1001338838
2180608131
238109168
238109168
2313448980
1179132092455759877
248260003
2818756895
31689568
233665155
1162187634
1089051850832338944
1089051850832338944
17465186
17465186
17465186
1089051850832338944
17465186
1089051850832338944
1089051850832338944
1089051850832338944
17465186
1089051850832338944
1089051850832338944
1089051850832338944
17465186
1089051850832338944
1089051850832338944
17465186
1089051850832338944
1089051850832338944
1089051850832338944
1089051850832338944
1089051850832338944
233665155
497972401
17465186
497972401
2372074475
2372074475
2372074475
2372074475
17465186
17465186
17465186
1089051850832338944
1089051850832338944
1089051850832338944
17465186
17465186
1089051850832338944
1089051850832338944
17465186
1089051850832338944
17465186
17465186
1089051850832338944
1089051850832338944
17465186
1089051850832338944
17465186
17465186
1089051850832338944
17465186
1089051850832338944
1089051850832338944
1089051850832338944
1089051850832338944
17465186
1089051850832338944
1089051850832338944
1089051850832338944
1089051850832338944
13665432
17465186
17465186
17465186
1109862542560632838
1208924740179677184
497972401
497972401
103097873
804986945453649920
2372074475
2372074475
365598616
1194693590578089984
2874173163
1208924740179677184
233665155
1276242853094621185
134965544
1276242853094621185
233665155
4789896694
233665155
1319919082431537152
175187994
1319919082431537152
1357054433784389636
23292310
17606518
1288762852346560513
1243621045266980866
1089051850832338944
1089051850832338944
1089051850832338944
3178221399
17465186
17465186
497972401
48794268
1089051850832338944
1089051850832338944
1089051850832338944
1089051850832338944
54972400
17465186
2372074475
48794268
2372074475
2372074475
17465186
17465186
1089051850832338944
497972401
1089051850832338944
48794268
1089051850832338944
1089051850832338944
48794268
2372074475
1089051850832338944
1089051850832338944
17465186
1089051850832338944
48794268
497972401
1089051850832338944
48794268
17465186
1089051850832338944
156873214
1089051850832338944
17465186
2372074475
497972401
1089051850832338944
1089051850832338944
54972400
17465186
2372074475
1089051850832338944
497972401
2372074475
943572162186764288
1089051850832338944
1089051850832338944
17465186
48794268
17465186
1089051850832338944
1089051850832338944
48794268
48794268
17465186
48794268
13665432
17465186
48794268
1089051850832338944
48794268
1089051850832338944
17465186
13665432
1089051850832338944
1089051850832338944
1089051850832338944
17465186
1089051850832338944
1089051850832338944
1089051850832338944
1089051850832338944
1089051850832338944
13665432
17465186
13665432
1089051850832338944
1089051850832338944
1089051850832338944
1089051850832338944
13665432
17465186
2727239239
48794268
48794268
13665432
1089051850832338944
1089051850832338944
13665432
1089051850832338944
1089051850832338944
13665432
1089051850832338944
13665432
13665432
1089051850832338944
13665432
1089051850832338944
1089051850832338944
13665432
13665432
2723308582
3178221399
3178221399
3178221399
2723308582
3178221399
3178221399
3178221399
2723308582
3178221399
269940283
2723308582
145014048
156873214
1089051850832338944
1089051850832338944
1089051850832338944
156873214
156873214
1089051850832338944
1089051850832338944
1089051850832338944
156873214
156873214
1089051850832338944
1089051850832338944
156873214
1089051850832338944
1089051850832338944
156873214
156873214
1089051850832338944
1089051850832338944
156873214
156873214
1089051850832338944
1089051850832338944
156873214
1089051850832338944
1089051850832338944
156873214
1089051850832338944
156873214
156873214
156873214
1089051850832338944
1089051850832338944
1089051850832338944
156873214
156873214
1089051850832338944
1089051850832338944
1089051850832338944
1288762852346560513
1089051850832338944
1276242853094621185
1089051850832338944
1089051850832338944
1089051850832338944
1089051850832338944
1288762852346560513
14174007
1089051850832338944
1089051850832338944
1288762852346560513
1089051850832338944
1089051850832338944
156873214
1089051850832338944
156873214
1089051850832338944
1089051850832338944
1089051850832338944
1089051850832338944
1089051850832338944
1089051850832338944
1089051850832338944
2723308582
156873214
16144050
3400938603
156873214
156873214
1089051850832338944
156873214
156873214
1208924740179677184
1089051850832338944
1208924740179677184
1089051850832338944
1089051850832338944
1089051850832338944
1089051850832338944
156873214
1089051850832338944
156873214
156873214
1089051850832338944
1089051850832338944
1208924740179677184
1241938819
156873214
23937700
156873214
977552661980512256
156873214
1089051850832338944
1089051850832338944
1089051850832338944
156873214
1089051850832338944
1089051850832338944
1089051850832338944
156873214
1089051850832338944
1089051850832338944
156873214
1089051850832338944
1089051850832338944
Result_count_tot:795