1134070120572182530
3103828582
1114567175564668929
2596016185
1128381103172202496
2596016185
2434054144
2596016185
568362036
4260193702
2596016185
1128381103172202496
2596016185
1128381103172202496
2596016185
1128381103172202496
1128381103172202496
2596016185
4260193702
1128381103172202496
2596016185
1128381103172202496
2596016185
1128381103172202496
2596016185
2596016185
568362036
4260193702
2596016185
568362036
2596016185
568362036
2596016185
568362036
568362036
506317379
1071009033111384064
568362036
4643135596
34382957
19334026
1356933976561221636
14592271
19334026
14592271
1390785205393367047
752523992058200064
752523992058200064
2313448980
752523992058200064
752523992058200064
1407385221884956674
752523992058200064
752523992058200064
1343500261982089216
273118166
301314204
421524772
1279522303454429184
2313448980
113454353
3817703656
1436969887851819008
1371477664691814402
1436969887851819008
1179132092455759877
1343500261982089216
2434054144
2434054144
467225373
3336480731
2434054144
3103828582
2560618001
269318103
2434054144
3336480731
2434054144
46846624
2532762127
1371477664691814402
51493208
1920493537
1437374471237783557
1206121602016055296
1125929552
58244415
15717745
3103828582
1140233256
3103828582
1140233256
3103828582
19334026
1140233256
3103828582
1409919653263073280
1140233256
1140233256
179220887
19334026
2313448980
78058188
467225373
3372814023
3103828582
467225373
1179132092455759877
1201151752927662080
2313448980
2313448980
179220887
840730747128414208
840730747128414208
1920493537
1920493537
1920493537
1920493537
1920493537
1920493537
1082291405677056001
1920493537
1920493537
1338866706010140674
1920493537
1920493537
1920493537
1920493537
1920493537
1899937987
46846624
1417789917833408513
2434054144
24206297
2434054144
14592271
22493850
457808887
355460738
2313448980
1358879749507006465
1417789917833408513
1371477664691814402
1417789917833408513
1214695072236810241
28312988
2313448980
46846624
19334026
19334026
1355617817438121986
1477069969
1134070120572182530
46106058
515288416
303666305
775084458743562240
2313448980
64017065
22493850
1326762541
411806483
734783080888729601
243550566
2313448980
40084122
167404419
28312988
233665155
2434054144
775084458743562240
2434054144
3103828582
18669139
1405917585384873988
22493850
1436969887851819008
172694845
1371477664691814402
1436969887851819008
2866166625
1371477664691814402
2303645968
1436969887851819008
849207961
3030883860
2560618001
1371477664691814402
38635103
14214281
34922872
28312988
32338951
2313448980
1179132092455759877
38635103
2596016185
67724181
2596016185
67724181
1290630898522693633
1290630898522693633
67724181
64054094
67724181
593900882
67724181
2990769851
3079678580
38635103
48131674
473510222
19334026
2313448980
2313448980
2313448980
190229245
14282565
2395935036
1361341548
1342808372077326336
2885416341
1342808372077326336
1342808372077326336
1386911471616118785
14340875
838081680879529986
472851432
109128484
471152965
1343500261982089216
14340875
421125838
860129059
170023589
860129059
1386911471616118785
50336259
14282565
17421178
4876636583
2818756895
2818756895
2818756895
426360182
1123019412963860480
2863714984
102474745
103280252
966251334960902144
2818756895
400864184
66217612
421125838
860129059
2818756895
360533388
21864336
915516061444866048
2818756895
223812019
314635115
223812019
926595277997465600
223812019
53876028
926595277997465600
271045372
223812019
354784634
863073687855149056
2435688609
4885135192
2818756895
2818756895
2818756895
2818756895
2818756895
2818756895
2818756895
2818756895
82825318
28312207
3547190417
28312207
1264933723360935939
766241448572362752
1264933723360935939
47974057
2818756895
838081680879529986
38260259
2415957962
112871323
2415957962
112871323
2415957962
80655903
24680416
24680416
1201941409
545394515
18364179
18475198
427535413
296159942
2391406278
34231784
34231784
1048085844
54999662
545394515
863073687855149056
217478400
2818756895
1342246146
1342246146
34231784
2818756895
2818756895
863073687855149056
1342246146
1342246146
1342246146
34231784
2818756895
2818756895
122195535
31405598
34285054
725925007
2818756895
985253727526424577
16557956
238109168
95238065
59860579
4179613355
31405598
25144335
43513696
279131939
485041702
485041702
14340875
47974057
485041702
485041702
47974057
14340875
485041702
47974057
39581053
192689889
2818756895
2818756895
279131939
21864336
344767027
344767027
223812019
344767027
64391993
421125838
137255314
306426609
137776972
1076581284
262664471
22379431
252763954
96861734
61735082
2818756895
2818756895
429985312
351650159
112981132
17820154
2415957962
2415957962
23925022
389131286
2868525504
2818756895
2770863088
16824078
22920732
2332024057
22914421
112871323
438211624
57064417
122318779
421125838
48154045
57064417
144529229
26719515
33885551
122318779
22920732
400057194
31210522
219768304
22920732
112666537
2778136375
61735082
130804426
198111290
1198189740
237490098
351650159
634775461
61735082
61735082
421125838
21746816
61735082
76264443
279131939
351650159
39339357
43062590
43062590
398606542
134551793
43062590
374402229
43062590
22014140
96861734
352306584
20053610
19337187
2546340104
356740432
2546340104
356740432
19337187
19337187
356740432
58631768
356740432
19337187
537062754
2546340104
19337187
532666723
538982328
277496292
603775254
277496292
21746816
422871079
96861734
135173286
422871079
95238065
38260259
372483857
96861734
340784837
230535238
16557956
425708396
425708396
1037031822
1107372186
1198189740
1107372186
1219309794
21746816
224240042
99347701
80668551
30311534
42920657
112428297
42920657
21746816
42920657
42920657
34696385
422871079
122195535
422871079
67903239
223812019
19332655
20796069
17283361
358175397
161616513
374402229
19332655
42920657
161616513
60268044
42920657
374402229
103280252
161616513
161616513
57932072
52765131
27603445
26018502
26018502
27603445
27603445
161806534
929964096
1531615836
38496097
34231784
34231784
226656465
34231784
422871079
275461876
35888541
1361485590
66801323
44865727
296748793
38496097
42843759
20301193
18016691
18016691
18016691
122195535
86577305
116732090
122195535
532576506
35888541
106769293
122195535
532576506
74128420
37443725
862825794
74128420
34231784
34231784
22012466
22012466
22012466
22012466
22012466
22012466
374491547
369419732
23320712
116732090
17813010
271547491
37443725
35888541
34231784
34231784
304543204
171438889
42843759
115441879
612664952
116732090
42843759
42843759
38496097
18897831
42843759
27716729
18293645
27716729
18293645
29715510
29715510
23849809
18293645
18293645
29715510
18293645
18334306
46081160
19183305
429313316
351650159
351650159
271547491
248348027
116732090
248348027
248348027
20142758
31210522
248348027
248348027
116732090
118164085
271547491
253643463
42843759
42843759
115441879
116732090
271547491
116732090
18016691
116732090
28334899
115441879
Result_count_tot:615