57592947
53876028
2415957962
2415957962
16040065
1362663147836997644
28611543
16040065
826488650
826488650
1665825266
1157328461465190401
18769714
1342246146
39016371
1362663147836997644
123668705
28413649
953966539094609922
404165469
195073490
80668551
28413649
947755021432770560
28413649
947755021432770560
28413649
404165469
421112262
16040065
20934285
932250484261482498
1362663147836997644
26192327
20934285
55551293
26192327
26192327
55551293
26192327
404165469
112668501
274911017
55551293
2560465276
20934285
20934285
2415957962
1220716103917277184
1220716103917277184
1220716103917277184
219961369
219961369
2970367533
219961369
219961369
219961369
219961369
2970367533
219961369
2970367533
1363598361484525568
1182358025165836288
53876028
2970367533
886201654391033857
67845970
67845970
9398622
33099288
20934285
20934285
1541727288
1458908703323795458
1051545534
1541727288
53876028
1051545534
53876028
1514087286
72228773
14302151
53876028
31085474
18697324
18697324
1371901726853373954
404165469
23582761
80242724
249076776
143155472
33099288
53876028
1051545534
995582952
404165469
995582952
1203946340
236403619
53876028
1112961944753967104
404165469
20425675
2173021144
20934285
20934285
53876028
14312379
14312379
805861003871195138
20934285
828620824294879232
3029050725
399912856
62524886
33170830
1268113275868381185
74677398
426750416
74677398
467424406
920923623547920385
49720422
192689889
41595048
467424406
467424406
2970367533
74677398
2415957962
1268559555702730758
205111571
4836064754
39480304
1268559555702730758
940191986346266624
131293004
1268559555702730758
1420399174496006153
131293004
1268559555702730758
940191986346266624
20934285
788603
788603
788603
1112961944753967104
1311618490160295936
82825318
788603
788603
1311618490160295936
1311618490160295936
1311618490160295936
788603
788603
788603
788603
1097908154594148352
1311618490160295936
1311618490160295936
1311618490160295936
1311618490160295936
2415957962
788603
1311618490160295936
107475104
2415957962
788603
67845970
1561808412
33099288
25867735
33099288
3248077611
1431844273285074946
404165469
34672923
404165469
2466596618
53876028
826488650
3373564096
53876028
360533388
20934285
14491589
1486094362782191629
3374114717
62121469
3374114717
3374114717
53876028
49966412
28142174
62121469
1362663147836997644
62121469
3374114717
3374114717
62121469
62121469
1362663147836997644
62121469
1362663147836997644
142613436
62121469
2415957962
2415957962
1541727288
1362663147836997644
398606542
142613436
1392528190321668100
53876028
398606542
901596456
2841711645
25126381
2415957962
53876028
30691617
53876028
72256129
3854888595
14246923
3854888595
53876028
1064919822847406080
2415957962
14273617
1518809059
14246923
53876028
1392528190321668100
1051545534
2993146007
1637657736
1637657736
404165469
2590110689
21830064
404165469
404165469
2993146007
404165469
1637657736
404165469
21830064
2999569138
1541727288
404165469
34987277
404165469
404165469
1439606119140315137
258780407
1614998162
20934285
18697324
17104115
404165469
18697324
404165469
1311618490160295936
1051545534
404165469
17104115
1051545534
2993146007
360533388
14491589
18697324
404165469
28413649
404165469
2850181869
2850181869
2850181869
21830064
14282577
404165469
404165469
74220533
21830064
1311618490160295936
1311618490160295936
404165469
484378340
1311618490160295936
360533388
360533388
828620824294879232
60983
404165469
707287585597497344
421112262
1097908154594148352
3296731137
1096055512955793408
123668705
2415957962
2415957962
2415957962
2415957962
2841711645
67845970
10107052
67845970
374402229
1541727288
1392528190321668100
53876028
10107052
67845970
10107052
67845970
53876028
374402229
123668705
3248077611
374402229
398606542
828620824294879232
20934285
387029305
20934285
23582761
149806757
23582761
1434821430261260293
3296731137
2415957962
3296731137
2415957962
1211676177288458240
408398227
27844742
47448389
62524886
53876028
3296731137
53876028
19140661
1311618490160295936
19140661
53876028
1311618490160295936
404165469
21830064
1311618490160295936
805861003871195138
1311618490160295936
1311618490160295936
1097908154594148352
23582761
23582761
619475949
1087653701211308033
53876028
529360281
53876028
271534787
1665825266
1665825266
1665825266
4088630932
374402229
3248077611
1291737909754769409
863073687855149056
404165469
2317558679
2415957962
62524886
353029255
1377394637237854209
1456920548
80668551
1343500261982089216
4184157375
460093854
826488650
826488650
826488650
826488650
1343500261982089216
28142174
28142174
28142174
28142174
1234639831
2418099208
20934285
18697324
1392528190321668100
18697324
20934285
404165469
1178592548
240581865
1178592548
1297868792018735105
19904252
1051545534
80242724
1343500261982089216
1051545534
20989035
1051545534
1051545534
1311618490160295936
1311618490160295936
1311618490160295936
1096055512955793408
34972320
26798240
484378340
34972320
1311618490160295936
26798240
26798240
72277469
18170892
34972320
404165469
26798240
404165469
34972320
283148232
826488650
826488650
826488650
826488650
18697324
18697324
20989035
1051545534
20989035
20989035
1178592548
434819391
1051545534
1338522338
21830064
20989035
3374114717
788603
1051545534
20989035
35895894
18697324
1051545534
1051545534
1051545534
1439606119140315137
995582952
18697324
1051545534
1541727288
2472156079
2472156079
1514087286
1243700827
53876028
80242724
14282577
1439606119140315137
20989035
20989035
422628082
818127906
29688787
1051545534
1338522338
398606542
71768570
20989035
1338522338
20989035
3374114717
398606542
344943641
24514743
828620824294879232
761596867625058304
53876028
2472156079
2472156079
484378340
1362663147836997644
1051545534
18697324
3374114717
1051545534
1178592548
18697324
18697324
80242724
1051545534
1343500261982089216
18697324
2993146007
14259655
1051545534
1051545534
1051545534
87666695
18697324
21830064
21830064
788603
21830064
788603
1311618490160295936
53876028
18697324
331799590
28413649
1311618490160295936
62524886
1311618490160295936
3319450421
1362663147836997644
3319450421
1097908154594148352
55551293
1158782291272982528
2472156079
1362663147836997644
67845970
1362663147836997644
80668551
20934285
3248077611
1362663147836997644
1124046246321250304
1362663147836997644
480660806
1362663147836997644
1362663147836997644
1362663147836997644
480660806
1050152571602657285
1362663147836997644
1439606119140315137
1352086882943979522
20934285
849207961
20934285
53876028
381444495
53876028
381444495
53876028
53876028
1541727288
14048665
53876028
498251000
33099288
53876028
53876028
20238626
404165469
53876028
404165469
1371901726853373954
2993146007
1371901726853373954
53876028
34987277
2993146007
2993146007
34987277
2993146007
274643645
3296731137
1565780678
2999569138
828620824294879232
828620824294879232
1565780678
828620824294879232
1362663147836997644
25867735
20934285
62487802
293224201
293224201
1471821559371382794
707287585597497344
1097908154594148352
707287585597497344
1097908154594148352
707287585597497344
707287585597497344
2785305854
1097908154594148352
1347109550
821465605224144898
1097908154594148352
705100457539084288
74677398
20934285
20934285
1083747621485887488
248436358
14118604
20934285
27844742
53876028
404165469
404165469
20934285
27844742
1169018354503471104
1163547338071334914
53876028
1087653701211308033
1087653701211308033
2332472992
2415957962
2993146007
48966732
33099288
33099288
224240042
2415957962
1323881456360251392
2415957962
53876028
2415957962
24564251
3076779896
2415957962
3043489048
404165469
3043489048
271094740
225501811
1008706767390478336
3065951663
62524886
18475198
802944686
23067843
1403636393570672641
2415957962
2881191954
1403636393570672641
20934285
62524886
62524886
2415957962
96191122
53876028
28413649
404165469
912746546
15872682
404165469
20934285
64366720
404165469
338504637
338504637
2317558679
33099288
3076779896
3076779896
2415957962
67845970
1252283281221070849
116803942
1428655003988791301
4216895745
23934018
62524886
2511331975
464645247
20934285
839008923835318272
142634500
17283361
101834804
72256129
2415957962
2415957962
2415957962
802944686
1352086882943979522
20934285
1343500261982089216
1362663147836997644
2415957962
707668606922915840
3065951663
3175750240
33825060
16900900
872886026590711808
2415957962
2415957962
872886026590711808
60983
16900900
828620824294879232
707668606922915840
122733065
734478434
60983
175091333
1179132092455759877
734478434
828620824294879232
2999569138
1179132092455759877
828620824294879232
828620824294879232
1179132092455759877
2999569138
1458908703323795458
1179132092455759877
828620824294879232
828620824294879232
1179132092455759877
60983
828620824294879232
2999569138
828620824294879232
362105168
1179132092455759877
1252283281221070849
4717614681
1051545534
872886026590711808
2999569138
871701848444555264
34987277
2999569138
2999569138
828620824294879232
828620824294879232
2999569138
828620824294879232
828620824294879232
72256129
2999569138
2999569138
1051545534
438211624
2999569138
1051545534
4717614681
2999569138
4717614681
2999569138
2999569138
1051545534
4717614681
2999569138
4717614681
871701848444555264
4717614681
4717614681
1051545534
13712
1371901726853373954
1371901726853373954
2993146007
1371901726853373954
2993146007
1371901726853373954
1051545534
1051545534
36172874
251163008
1371901726853373954
404165469
168539771
828620824294879232
2415957962
4717614681
828620824294879232
828620824294879232
13712
828620824294879232
34619210
828620824294879232
1458908703323795458
828620824294879232
1458908703323795458
828620824294879232
828620824294879232
168539771
1109941264336719872
1125479276336308225
1109941264336719872
469189813
20934285
1125479276336308225
219653856
60983
60983
19063184
53876028
60983
19018191
17233716
60983
53876028
137101867
33099288
293224201
33099288
828620824294879232
33099288
828620824294879232
137101867
20934285
34599318
293224201
398606542
2415957962
47889584
47889584
2821991881
404165469
1163547338071334914
47889584
718349821153832960
20934285
20934285
18697324
18461311
18461311
183356975
586291040
81824632
33099288
53876028
2332472992
53876028
429985312
1343108783950737408
2644003750
618965660
Result_count_tot:849