1362663147836997644
62121469
1362663147836997644
1448598260847980546
273555252
1016326604987957248
195073490
398606542
46106058
62092544
277496292
4856852039
1486094362782191629
142613436
2415957962
2415957962
142613436
2415957962
1487838475944554496
427734625
195073490
1387610600403054593
44577324
76989641
195073490
2180608131
1178934611449008129
2313448980
172694845
1356365290188234754
2313448980
82670042
1343500261982089216
2415957962
873407457804132352
1581289837
1214156187509252104
1067651139687059457
1067651139687059457
868795669749927936
2415957962
183356975
61150625
429985312
1343108783950737408
2644003750
618965660
17272124
49294750
2415957962
49294750
2415957962
28318293
365635604
2415957962
36172874
1342246146
236403619
2415957962
2415957962
2415957962
2415957962
33099288
2415957962
2415957962
2415957962
2415957962
2415957962
1308428186842169345
1308428186842169345
2415957962
1308428186842169345
1308428186842169345
1308428186842169345
2415957962
1308428186842169345
2415957962
1308428186842169345
2415957962
2415957962
2481844412
14305137
223812019
1374603517466447873
251769222
1374603517466447873
251769222
1374603517466447873
1374603517466447873
1382374070717714432
251769222
838081680879529986
1374603517466447873
1392863017814085634
1151540763773341697
251769222
40025776
14297678
1382374070717714432
838081680879529986
838081680879529986
838081680879529986
251769222
40025776
251769222
1390199742114770947
838081680879529986
14297678
380995019
1366321854504435714
14297678
1279353331
251769222
251769222
1133781622485135361
404265872
48966732
2180608131
720589683093303296
868894477338935296
992162588233527296
80887146
612972910
823664138475999232
1586216377
271902473
2415957962
271547491
2415957962
62092544
838753427207380992
359532790
359532790
838753427207380992
838753427207380992
1114628888834056192
359532790
359532790
2415957962
26798240
838753427207380992
838753427207380992
359532790
838753427207380992
359532790
838753427207380992
388148354
359532790
388148354
388148354
359532790
838753427207380992
359532790
735764197380759552
2855541052
735764197380759552
838753427207380992
359532790
838753427207380992
359532790
838753427207380992
735764197380759552
359532790
359532790
359532790
838753427207380992
2855541052
14048665
275551231
2368745807
50592399
776171614618681344
347173040
1172869273
603775254
1204838809
388148354
224248943
912596187445911553
1419043035501973509
273555252
992688838987436032
273555252
273555252
273555252
992688838987436032
2805883474
88056949
273555252
273555252
735764197380759552
273555252
2290658585
735764197380759552
2325000927
388148354
388148354
388148354
735764197380759552
735764197380759552
388148354
912596187445911553
68145512
2248081674
992688838987436032
735764197380759552
992688838987436032
992688838987436032
2325000927
735764197380759552
388148354
2548072274
273555252
365635604
479461213
1403306327586267139
479461213
1403306327586267139
247181605
88056949
2548072274
273555252
427535413
1172869273
935649719342239744
735764197380759552
26278467
247181605
735764197380759552
735764197380759552
62569406
935649719342239744
2290658585
43711345
47073928
735764197380759552
172694845
62092544
735764197380759552
1042042955148800001
360838847
1430846132058476544
139997002
2415957962
139997002
2415957962
2415957962
2415957962
469189813
1177511242828849152
2415957962
2415957962
438211624
2590058264
47974057
20238626
2415957962
579065545
1321819646778114049
1343500261982089216
2415957962
20008618
172694845
273555252
2415957962
489613538
20008618
868067207380709376
467386776
2341869265
2180608131
1430169803046674447
816758060727332865
1308428186842169345
1308428186842169345
1308428186842169345
32961236
1965420942
1965420942
1965420942
1965420942
1965420942
1965420942
1308428186842169345
33609198
224240042
1965420942
15778187
46359538
1308428186842169345
33609198
1965420942
74539103
2180608131
47974057
64385966
724976869385342978
1129112765912834049
802514070
838753427207380992
1129112765912834049
61150625
1196549788029853698
27204427
47974057
1362663147836997644
2415957962
2415957962
2180608131
18360037
14797716
1949497680
2511331975
62862693
62862693
2415957962
2415957962
62862693
2415957962
21904772
21904772
2415957962
2415957962
40322305
2415957962
2415957962
236403619
2415957962
236403619
236403619
40322305
2772355264
40322305
2415957962
313317331
2180608131
2415957962
87666695
4048152814
271902473
1185270297043329024
1514087286
28413649
2415957962
14305137
2415957962
365635604
718349821153832960
2415957962
2415957962
3374114717
1311618490160295936
27597711
3374114717
1311618490160295936
2415957962
1311618490160295936
1007522258468986880
2341869265
3374114717
1311618490160295936
3374114717
1311618490160295936
3374114717
2415957962
1275728498133524485
344347135
20667905
753495680874844160
2929586027
1351167189508882442
1384471332671344643
20224408
20667905
1383058278255632384
44371342
712645860
2415957962
2415957962
815188041308446721
2415957962
2415957962
418200427
1285604032325853185
1285604032325853185
1285604032325853185
1285604032325853185
838753427207380992
38421714
2415957962
72645772
2415957962
46888173
1105770106414604289
2415957962
46782315
2415957962
1114628888834056192
1061551568
2415957962
2415957962
20238626
377590012
64385966
52033549
214092807
195073490
26207988
368505134
2180608131
2341869265
72645772
2949310325
2415957962
14291311
236403619
173847764
43726157
2415957962
14291311
2415957962
2415957962
30439759
62121469
2415957962
992162588233527296
35186651
360533388
2415957962
3558171561
1657014960
886201654391033857
2415957962
1133852052185145350
195073490
2180608131
2415957962
2180608131
2415957962
2180608131
2317558679
38421714
2317558679
2317558679
2317558679
3783215356
238109168
2548072274
2415957962
2415957962
57064417
289253819
1133852052185145350
1133852052185145350
1489312196
1489312196
886201654391033857
2415957962
2415957962
22533759
2415957962
22533759
2415957962
22533759
2415957962
22533759
2174824588
2415957962
22533759
45136652
1342246146
45136652
1342246146
2415957962
389330200
14305137
2673238363
3515220803
1232742531621892096
43062590
82825318
2874173163
34382957
25289729
858674768
858674768
734783080888729601
31499866
404004517
1541936100
792095269974310912
402377699
31499866
2415957962
2415957962
1335706644
38260259
2415957962
38260259
2415957962
2415957962
2415957962
1125479276336308225
2415957962
1133852052185145350
2415957962
14305137
2415957962
435258157
47974057
1167061771
2415957962
1308428186842169345
1308428186842169345
1308428186842169345
1965420942
1308428186842169345
1232742531621892096
1965420942
910875612612583424
1965420942
43062590
23582636
1297161752682078208
23582636
1297161752682078208
18600689
2548072274
2548072274
2548072274
26798240
38260259
26798240
2874173163
3369648803
360838847
2356403817
976922158197891074
2415957962
2874790725
2415957962
2415957962
296748793
293586346
819702318
352306584
1342246146
309126789
309126789
112871323
309126789
112871323
20667905
25669546
179070510
2415957962
992162588233527296
2415957962
83831809
83831809
83831809
175357776
83831809
175357776
2415957962
39239833
25336045
47974057
1148709864
1342246146
2415957962
2415957962
203669147
2415957962
26737064
195073490
2415957962
2415957962
57064417
304331315
1705451886
67845970
67845970
67845970
1705451886
2415957962
1249810598965268484
2415957962
2415957962
22356192
3175750240
288414511
2415957962
2415957962
871701848444555264
2415957962
74677398
2415957962
2415957962
365635604
74677398
2317558679
3457292777
2415957962
2415957962
22975747
18360037
22975747
18360037
2548072274
992162588233527296
2548072274
992162588233527296
2548072274
1144550193930670081
2433391021
2548072274
57064417
2415957962
2415957962
206640289
2176428032
3130718106
992162588233527296
992162588233527296
2980929738
833800521601445890
38451208
823550358
38451208
838081680879529986
3515220803
3515220803
172694845
3515220803
261852783
735764197380759552
735764197380759552
488379631
280183942
615283724
1362544471
174762419
18475198
174762419
2415957962
1541727288
33099288
2415957962
406892131
351918692
2415957962
254715838
18360037
19764533
254715838
46106058
438211624
273521535
438211624
570744394
570744394
22356192
406892131
735764197380759552
735764197380759552
262164620
735764197380759552
262164620
735764197380759552
735764197380759552
735764197380759552
735764197380759552
735764197380759552
735764197380759552
735764197380759552
735764197380759552
735764197380759552
262164620
735764197380759552
262164620
454799703
735764197380759552
34656014
735764197380759552
195073490
172694845
236403619
2415957962
254715838
976922158197891074
3515220803
3515220803
172694845
4351028980
4351028980
22356192
1148709864
632165452
632165452
632165452
49370357
1204838809
1204838809
172694845
172694845
3515220803
172694845
931345838131089408
39816071
14214281
133683225
992162588233527296
2415957962
378227309
734120626542235649
232630819
96010420
734120626542235649
96010420
22356192
15520799
53876028
2415957962
307237285
2415957962
121865226
19708641
2415957962
1130500364
2415957962
2415957962
3125033591
3515220803
735764197380759552
3515220803
735764197380759552
22356192
36373652
34656014
3515220803
3515220803
60896067
29731324
34656014
29731324
932785156284350465
34656014
421368016
60896067
421368016
20767071
60896067
824387931460792321
19603174
19603174
570744394
421368016
21857414
308941829
3116109856
422529610
39239833
358175397
66664753
103917253
19764533
989984175011835905
1655268452
172694845
2616879948
54577364
94854572
851705168
29928571
2616879948
328445838
934094173933899776
2548614199
365635604
38451208
36307732
172694845
1032910564492824576
36307732
320683924
172694845
172694845
195073490
23925022
22356192
65460298
60271012
2176428032
274452288
2415957962
63266077
2415957962
280019924
2415957962
28885223
838081680879529986
22356192
133683225
Result_count_tot:804