1466485664741007364
804597968
2865423759
506317379
402377699
998476071292035072
627351449
1445826008830054403
627351449
998476071292035072
1187062935262236674
2284280579
2284280579
998476071292035072
776171614618681344
23925022
998476071292035072
998476071292035072
474759887
1424662935155138561
1179132092455759877
131100702
243578283
1744721
37416154
164528031
998476071292035072
935793180171292672
998476071292035072
897848198882111488
998476071292035072
243578283
37416154
1343500261982089216
243578283
3030883860
1429080493992169478
752523992058200064
542126969
1089051850832338944
1089051850832338944
1342246146
1373315947562475524
409185521
1463667546083762179
2504039479
953748657190440961
139997002
2180608131
998476071292035072
752523992058200064
998476071292035072
998476071292035072
293586346
998476071292035072
998476071292035072
1348706074254303233
838753427207380992
26798240
1258924800006926338
34573200
57592947
873304134
17465186
250157673
998476071292035072
998476071292035072
849303039496392704
26798240
1348706074254303233
26798240
14048665
26798240
998476071292035072
998476071292035072
998476071292035072
998476071292035072
998476071292035072
3628947437
998476071292035072
998476071292035072
998476071292035072
998476071292035072
998476071292035072
998476071292035072
998476071292035072
196914679
69806167
1153250008071905280
19762987
3030883860
1426556436797083653
960304249476349952
1426556436797083653
960304249476349952
960304249476349952
998476071292035072
788283419822321664
998476071292035072
483164646
608974536
1024978027573338113
21689226
1362331039
21689226
18061771
17066475
18061771
998476071292035072
1348706074254303233
838753427207380992
26798240
32347467
998476071292035072
998476071292035072
1283667727123714048
998476071292035072
998476071292035072
1424267094196170754
23925022
1232742531621892096
62121469
1343500261982089216
26798240
1343500261982089216
26798240
1343500261982089216
2504039479
26798240
414321157
1343500261982089216
26798240
1072055971025948672
880511699207553027
2343160317
967376354902716418
1151574323112665088
52034458
48974071
1453056280617275394
435191188
4875684225
284025416
1469403303385706501
20427104
3315214959
20427104
3315214959
147722223
837174786
20427104
806993211692552193
806993211692552193
806993211692552193
197110573
3315214959
27609853
1169018354503471104
98362144
37078190
27609853
1324908951088082949
1352878171641806854
159584988
156873214
33902887
2908351276
156873214
156873214
1658661236
1172972168747110400
2908351276
253932197
1744721
80797565
33902887
48974071
1241032817527619584
969598022375149568
15033759
88934044
1346751896174927873
15033759
88934044
1346751896174927873
88934044
15033759
88934044
1346751896174927873
15033759
88934044
1346751896174927873
88934044
1346751896174927873
15033759
1229896628594774016
33902887
14464324
88934044
1346751896174927873
88934044
631861885
1310964486199795713
32347467
542126969
342786967
342786967
18773541
342786967
342786967
14694707
43941371
1129978544967376896
1129978544967376896
435836019
365379334
435836019
196115443
1138517740891889671
31976183
1138517740891889671
31976183
2425458465
1138517740891889671
31976183
31976183
1250898934664486918
525360281
1467902146616115206
1169999636913934343
1250898934664486918
14048665
1250898934664486918
1250898934664486918
14048665
14048665
1250898934664486918
1250898934664486918
14048665
1250898934664486918
14048665
26798240
2982186329
36678662
558509565
940672432771301377
133633281
901094013956128773
28821221
4503520823
992162588233527296
69806167
133633281
472294857
1658364973
110462639
951292596
49294750
1161543558052139008
791538236
68145512
25336045
619475949
68145512
68145512
791538236
1161543558052139008
619475949
2805883474
49294750
49294750
54854379
133633281
133633281
68145512
68145512
68145512
25336045
25336045
1016326604987957248
1016326604987957248
1161543558052139008
68145512
25336045
2841711645
25336045
64054094
1676606604
69806167
69806167
69806167
1232742531621892096
43941371
608974536
26022773
133633281
36678662
1381081941026480129
765456692
1382215398
1232742531621892096
1162187634
271094740
1089051850832338944
133633281
133633281
26798240
1346751896174927873
1448598260847980546
26798240
26798240
1346751896174927873
26798240
62121469
1346751896174927873
62121469
1346751896174927873
26798240
1380636978513911808
1346751896174927873
26798240
402377699
23925022
1440052041481535492
498251000
196914679
1258924800006926338
21388301
249635137
1586216377
823664138475999232
16549323
839644495
1232742531621892096
133633281
34941106
402377699
63145400
224373268
1213960994
734783080888729601
34231784
34231784
57592947
271902473
1676606604
47134635
1951333489
1676606604
31976183
31976183
111702288
271045372
1676606604
111702288
2911502943
111702288
1214156187509252104
43062590
29414478
376211514
861976100
1382215398
992162588233527296
1067651139687059457
1067651139687059457
1311349830254563329
376211514
2348620513
376211514
376211514
3791904136
3791904136
2781090622
3791904136
3791904136
2444028215
2905237723
1013443380091740160
1013443380091740160
1013443380091740160
237260418
2528765188
2404564622
399935104
2404564622
1049246592564436992
1049246592564436992
305144257
570872035
3030025779
1260226192348786688
47134635
1067651139687059457
1067651139687059457
868795669749927936
1388005281431384067
2905237723
249635137
1586216377
823664138475999232
4728243927
1641030612
123841994
123841994
29414478
1214156187509252104
570872035
22475991
43062590
21867628
1348575067500851200
1388005281431384067
400594120
868795669749927936
868795669749927936
868795669749927936
1161968678818242561
958414327
421730439
2781090622
1641030612
48966732
3645415702
1026058994
501816919
729386491
720589683093303296
26798240
34013960
26022773
269777232
269777232
1342808372077326336
1342808372077326336
69806167
40873211
14340875
18387289
902561095474401280
1346751896174927873
1346751896174927873
1208924740179677184
67724181
395209972
1208924740179677184
271094740
4855118374
33917045
1676606604
4375335328
361852315
1410173753590534144
2874398938
2616879948
34972320
252602823
2974973199
3579740657
1285491224
196914679
3579740657
86290053
3579740657
133633281
92965412
17761062
2616879948
314129837
69806167
735764197380759552
34013960
2367767499
57592947
63119470
69806167
155658801
1250898934664486918
37728949
1048085844
483164646
758388160699269120
37722071
266466716
29659136
36440078
1250898934664486918
1250898934664486918
133633281
340433847
183770525
1280033910391439361
23606104
1103185636331347969
31976183
47134635
26798240
1250898934664486918
26798240
47134635
31976183
69307111
133633281
1343500261982089216
167092490
475239362
1343500261982089216
475239362
1342036850
87666695
133633281
712793420
18387289
23925022
69806167
90818945
1127478952132476930
26798240
1313171678625701889
62121469
26798240
26798240
26798240
26798240
30241775
26798240
26798240
802514070
49370357
29691032
26798240
2540280546
18074675
26798240
34972320
1129978544967376896
312085542
312085542
312085542
312085542
1129978544967376896
312085542
312085542
312085542
312085542
312085542
1664459520
1129978544967376896
1664459520
1129978544967376896
1664459520
1664459520
1129978544967376896
1129978544967376896
1129978544967376896
19201740
312085542
312085542
312085542
615578449
1016326604987957248
40745122
845781643
1664459520
39721232
31976183
14542929
1287058573391007749
33917045
1335706644
99348139
1951333489
1148337824338468866
1148337824338468866
619475949
869869086
1664459520
3045067516
135037235
1316843796953522182
62803438
1316843796953522182
393263994
26564673
65589288
1342036850
1342036850
1401435303378817032
1664459520
2323252143
29691032
67833359
558884918
181476245
181476245
181476245
66780134
26798240
2433391021
26798240
295361148
196914679
23925022
14311109
14311109
24746466
915516061444866048
915516061444866048
1340055325261651968
1340055325261651968
915516061444866048
1340055325261651968
941980603431505921
26798240
915516061444866048
26798240
818598966061387776
26798240
26798240
33193434
2659036873
776326771285295105
351650159
25144335
2250607685
333903537
603775254
20611702
367985666
23084212
33917045
1250898934664486918
63119470
1319974086274109440
1319974086274109440
1158782291272982528
26798240
26798240
1158782291272982528
1158782291272982528
26798240
26798240
1158782291272982528
1158782291272982528
26798240
1250898934664486918
26798240
33917045
33917045
271902473
33917045
154896119
71531727
71531727
1250898934664486918
1250898934664486918
1250898934664486918
838753427207380992
26798240
26798240
915516061444866048
26798240
476153918
915516061444866048
26798240
83831809
26798240
919388376
26798240
483164646
71531727
23925022
23925022
250435513
38693061
26798240
23925022
26798240
26798240
23925022
26798240
23925022
31976183
1042760238875779072
1042760238875779072
838753427207380992
1241308942145392640
1241308942145392640
1241308942145392640
365635604
26798240
306426609
1016326604987957248
919388376
26798240
2504039479
26798240
26798240
1114628888834056192
48357451
26798240
1042760238875779072
26798240
26798240
26798240
1042760238875779072
26798240
1042760238875779072
26798240
1042760238875779072
26798240
26798240
4217678213
26798240
26798240
68145512
475024685
26798240
2504039479
2504039479
2504039479
2504039479
26798240
2917410415
277496292
276675433
91394261
26798240
277496292
276675433
26798240
277496292
91394261
365635604
26798240
277496292
26798240
1277401753
14048665
26798240
2736841363
1335706644
26798240
1184840106357788674
38033026
26798240
26798240
2433391021
29691032
1277401753
26798240
2825747327
2207665960
68145512
14282840
14282840
2433391021
26798240
14282840
1965420942
26798240
14282840
29691032
26798240
78014137
1092509016662642694
29691032
1072055971025948672
1277401753
2504039479
26798240
2504039479
2433391021
2548072274
1250898934664486918
1250898934664486918
2548072274
26798240
26798240
1250898934664486918
36678662
26798240
1250898934664486918
1256977556596760577
78014137
26798240
1250898934664486918
26798240
1250898934664486918
2548072274
2548072274
2326591779
2433391021
2433391021
26798240
26798240
26798240
2433391021
2326591779
2326591779
2433391021
26798240
2433391021
26798240
349020235
1211366428298792961
475024685
26798240
26798240
1211366428298792961
26798240
26798240
353921685
968955060
2433391021
344794448
1232742531621892096
1232742531621892096
1232742531621892096
1232742531621892096
1232742531621892096
352306584
1342246146
309126789
309126789
112871323
309126789
112871323
25669546
309126789
23606104
23606104
23573509
18773541
18773541
29691032
1335706644
14694707
1335706644
1335706644
Result_count_tot:840