2430489288
2430489288
23104499
2548131272
81311924
1258503291174035458
76292859
820906803630313472
32347467
32347467
93260475
2873711309
859576393
407634764
31405598
2873711309
2548131272
62121469
273555252
249076776
32347467
838753427207380992
838753427207380992
1343500261982089216
1466485664741007364
838753427207380992
838753427207380992
56044169
822964671305121792
1348706074254303233
1348706074254303233
838753427207380992
820906803630313472
838753427207380992
172473788
820906803630313472
838753427207380992
822964671305121792
555402051
6706182
822964671305121792
155027569
838753427207380992
23418810
838753427207380992
23418810
838753427207380992
23418810
23418810
838753427207380992
23418810
838753427207380992
23418810
838753427207380992
23418810
838753427207380992
23418810
838753427207380992
23418810
838753427207380992
56044169
193186935
838753427207380992
1158782291272982528
838753427207380992
1060159897550118912
168508977
1485118037627838465
30322601
56044169
2415957962
76292859
1443520866457956355
822964671305121792
2362101866
2362101866
2362101866
2362101866
1492746672308649985
880511699207553027
838753427207380992
838753427207380992
1381081941026480129
838753427207380992
1381081941026480129
838753427207380992
838753427207380992
838753427207380992
838753427207380992
838753427207380992
1250898934664486918
838753427207380992
838753427207380992
783286669453717504
1486448230208577540
752523992058200064
838753427207380992
122318779
838753427207380992
2348086449
822964671305121792
1486448230208577540
238109168
2348086449
804132241
1486448230208577540
838753427207380992
3632464816
804132241
804132241
804132241
194248178
2348086449
838753427207380992
992688838987436032
838753427207380992
219653856
932927287
1448598260847980546
922398576772308992
932927287
838753427207380992
238109168
271844563
897848198882111488
838753427207380992
966251334960902144
429985312
838753427207380992
1382215398
16040065
1125414934131687425
31382645
297040631
297040631
752523992058200064
1313775971296849921
297040631
188242701
734478434
804132241
16040065
1343500261982089216
838753427207380992
607016620
951292596
127268367
752523992058200064
838753427207380992
1310964486199795713
20989035
1335125058147278849
838753427207380992
762738981305978880
838753427207380992
1543192765
838753427207380992
838753427207380992
135294661
1483534596163751940
3393385137
838753427207380992
820906803630313472
838753427207380992
820906803630313472
838753427207380992
838753427207380992
804132241
135294661
1658364973
340880013
1241032817527619584
1343500261982089216
74677398
2504039479
1343500261982089216
74677398
1343500261982089216
2504039479
1343500261982089216
2504039479
1343500261982089216
2504039479
1343500261982089216
2504039479
1343500261982089216
74677398
1241032817527619584
1241032817527619584
427801591
427801591
987486896237568000
1343500261982089216
1343500261982089216
1241032817527619584
987486896237568000
74677398
1343500261982089216
74677398
1343500261982089216
74677398
1343500261982089216
34875774
822964671305121792
74677398
1343500261982089216
1343500261982089216
838753427207380992
987486896237568000
23418810
74677398
838753427207380992
27609853
219653856
219653856
522268751
838081680879529986
522268751
422746606
1658364973
1486448230208577540
2348086449
2869032623
1343500261982089216
987486896237568000
1343500261982089216
987486896237568000
3393385137
1343500261982089216
987486896237568000
987486896237568000
1343500261982089216
987486896237568000
1484878708808855552
3515220803
23937836
1920493537
1284113417230589952
829425568483573765
878524436
992688838987436032
1343500261982089216
1071368653298376711
2180532753
1347894255465996289
87157226
1486448230208577540
941384015906590722
3129875193
1486448230208577540
384882362
384882362
2269426143
384882362
384882362
37761004
384882362
941384015906590722
46782315
19764533
384882362
1486448230208577540
337332303
384882362
494942196
1461494634564268043
337332303
1215926666578612230
384882362
966251334960902144
337332303
384882362
427801591
337332303
303094964
29743666
838753427207380992
1348706074254303233
838753427207380992
6512422
1348706074254303233
838753427207380992
1041237779135397888
1041237779135397888
838753427207380992
2394537301
838753427207380992
1002972024308994049
46782315
23937836
24514743
1343500261982089216
17272124
2991881739
171464256
1343500261982089216
237524449
337332303
76292859
838753427207380992
838753427207380992
838753427207380992
31195903
838753427207380992
838753427207380992
579295585
838753427207380992
838753427207380992
31195903
838753427207380992
31195903
31195903
838753427207380992
31195903
838753427207380992
31195903
838753427207380992
838753427207380992
454799703
31195903
838753427207380992
38451208
838753427207380992
838753427207380992
579295585
838753427207380992
38451208
838753427207380992
579295585
38451208
838753427207380992
838753427207380992
579295585
38451208
172694845
579295585
838753427207380992
838753427207380992
579295585
38451208
38451208
454799703
172694845
838753427207380992
838753427207380992
838753427207380992
31195903
838753427207380992
838753427207380992
38451208
838753427207380992
454799703
31195903
838753427207380992
950364538188296192
838753427207380992
838753427207380992
804132241
838753427207380992
838753427207380992
838753427207380992
838753427207380992
838753427207380992
822964671305121792
4850997525
1381081941026480129
78058188
45565440
102117224
838753427207380992
838753427207380992
838753427207380992
56044169
471084733
2164976883
56044169
16040065
2464733534
271844563
261852783
1184840106357788674
838753427207380992
328445838
237524449
328445838
328445838
3240574743
2726540337
234132789
234132789
33609198
864004321419161601
19764533
47317899
234132789
859370869
1430930500990930944
238109168
388148354
859370869
1302505775676436480
238109168
838753427207380992
838753427207380992
859370869
838753427207380992
570744394
838753427207380992
1518809059
238109168
33609198
92242004
33609198
45565440
330200380
19764533
1731196728
277496292
33609198
136939611
1731196728
752523992058200064
1343500261982089216
1731196728
838753427207380992
838753427207380992
1302505775676436480
838753427207380992
32347467
838753427207380992
822964671305121792
2394537301
340829607
1362663147836997644
80035045
1430930500990930944
1215085320
1215085320
25336045
1158782291272982528
752523992058200064
752523992058200064
752523992058200064
1430930500990930944
1430930500990930944
1430930500990930944
1430930500990930944
288414511
288414511
288414511
849303039496392704
1430930500990930944
1430930500990930944
288414511
1430930500990930944
1430930500990930944
288414511
1430930500990930944
288414511
288414511
1430930500990930944
1430930500990930944
288414511
1430930500990930944
961135976
14048665
1430930500990930944
1343500261982089216
961135976
393448735
549877273
822964671305121792
822964671305121792
1343500261982089216
1335125058147278849
39609489
76292859
992162588233527296
838081680879529986
399552743
838753427207380992
4273111702
1037031822
838753427207380992
838753427207380992
946038681781047301
838753427207380992
1335125058147278849
1208042953404497921
46106058
20969268
489479693
1469403303385706501
63771768
2773561720
833800521601445890
168508977
168508977
30686053
858674768
28142174
277496292
56360420
612972910
992688838987436032
612972910
992688838987436032
1091851158363271168
393387610
18475198
17272124
612972910
822964671305121792
1073486504834592768
238109168
93486562
46782315
612972910
171463267
612972910
171463267
612972910
14048665
838753427207380992
277496292
480422821
838753427207380992
238109168
37163781
28800335
1356350908200857611
1343500261982089216
1356350908200857611
37163781
1356350908200857611
37163781
986543088
168508977
1335125058147278849
838753427207380992
24925235
29743666
958712200230834182
1343500261982089216
2981103473
2981103473
2917410415
849303039496392704
261852783
219653856
96191122
76292859
1319919082431537152
365635604
45565440
238109168
174762419
365635604
365635604
24886897
365635604
365635604
365635604
365635604
472851432
36088071
205111571
58458828
1343500261982089216
271866986
1518809059
499829922
14214281
53876028
1169018354503471104
612972910
45565440
612972910
45565440
237524449
854289730812297217
1198768523943849985
1343500261982089216
471152965
261852783
58028047
91394261
277496292
91394261
1949497680
277496292
365635604
3515220803
365635604
3515220803
365635604
3515220803
365635604
365635604
3515220803
365635604
619475949
619475949
40233148
238109168
238109168
966251334960902144
15473483
68413635
966251334960902144
15473483
277496292
966251334960902144
779005846311370752
1426289635
26798240
612972910
18475198
1426289635
612972910
15473483
411319649
612972910
1250898934664486918
78058188
1360619593
427801591
427801591
233942985
958712200230834182
838081680879529986
49294750
49294750
49294750
838081680879529986
49294750
958712200230834182
958712200230834182
958712200230834182
504496562
791538236
117784141
98362144
76292859
56044169
1443520866457956355
98362144
4896400911
471152965
971883633698066432
1343500261982089216
992118645768835074
551730401
822964671305121792
3336480731
992118645768835074
1343500261982089216
277496292
242251282
1091851158363271168
1294248670993547264
2996731568
1518809059
619475949
427801591
490173594
345902145
58028047
1041237779135397888
1641482785
902596925123330054
345902145
58028047
345902145
75742264
58028047
58028047
58028047
58028047
345902145
58028047
345902145
58028047
58028047
345902145
58028047
58028047
345902145
345902145
939235765
3336480731
345902145
58028047
58028047
427801591
33192221
2313448980
2313448980
1314484336998191105
175187994
45004633
1294327353334738944
95238065
95238065
1294327353334738944
95238065
1294327353334738944
3125033591
345902145
193186935
966251334960902144
95238065
95238065
274899271
355348269
95238065
355348269
95238065
274899271
95238065
355348269
1038441222862528512
95238065
946003477746077697
1294327353334738944
2313448980
95238065
1294327353334738944
210778363
95238065
361852315
1384163554119483399
617495454
504496562
18002106
1168191237368799234
1251304444416765952
1355510527
1384163554119483399
84842549
18475198
18520064
631861885
619475949
242251282
237524449
95238065
237524449
95238065
297262028
551730401
1343108783950737408
58200572
707511117417947136
82670042
1356365290188234754
966251334960902144
62121469
19603174
966251334960902144
875262109
1363540124773068803
1425437881733156873
60900925
365635604
915516061444866048
277496292
20386897
277496292
752523992058200064
1048085844
752523992058200064
752523992058200064
1048085844
752523992058200064
1048085844
752523992058200064
76292859
1426289635
95238065
1216054041345740800
236951309
236951309
3515220803
18333975
3515220803
18333975
23418810
18333975
1343500261982089216
752523992058200064
1294327353334738944
95238065
1002972024308994049
236951309
3587337442
236951309
1294327353334738944
76292859
3354083716
236951309
3116109856
20672548
237524449
34382957
1343500261982089216
31994651
421125838
860129059
27716729
3125033591
365635604
1085209501769318400
631861885
14286342
1085209501769318400
631861885
95238065
2613797256
2855541052
270031753
402377699
1360619593
1024978027573338113
237524449
827267113240760320
365635604
1002972024308994049
176542303
456883296
74677398
19762987
276675433
95238065
365635604
2225523249
365635604
2225523249
Result_count_tot:838