752523992058200064
1214162700923572226
1291827765881249792
2540482822
1291827765881249792
1401226031051194369
765456692
766620143032135684
2540482822
2540482822
2540482822
1051766499579441152
139997002
1214162700923572226
1291827765881249792
442711232
506317379
1291827765881249792
1214162700923572226
1356502535260041216
1356502535260041216
1356502535260041216
1484838662185488384
1356502535260041216
2362101866
1423278563550109696
831151161994420225
1356502535260041216
1166711237268443141
175888072
1356502535260041216
1209496160857186304
1221098722014253059
1258698747170652161
1099674870118563841
1312028370088144896
1356502535260041216
1473609306616573954
1378986846907207681
1356502535260041216
1362123413901426689
1356502535260041216
1356502535260041216
1356502535260041216
1356502535260041216
1356502535260041216
1273558544504303616
1474281346667274256
965779834940149761
1485504108710842368
1485504108710842368
1485504108710842368
900624172682018816
1415536597987119105
1286305905877946370
1286305905877946370
836945852312731648
971336517841960960
1434237692120862720
338364189
1030727843163136000
1713852576
1713852576
1713852576
1713852576
870935701973610498
204538790
1471013567646347264
1479104612032389120
946844329695379456
2312251010
1282635884005916675
1075028727317360641
860910198256533504
1373812507471663104
81572408
1465031213350019078
1481614360434851843
1473609306616573954
1477767998744236038
1318614181185228800
1291827765881249792
1362123413901426689
1291827765881249792
1362123413901426689
1407985689157804033
1356567284190498822
1452667956547231762
1356567284190498822
232812117
1354357754564141058
1401226031051194369
1401226031051194369
232812117
232812117
1226610320191492097
1360671463758581772
1354357754564141058
1214162700923572226
1356502535260041216
1356567284190498822
1356567284190498822
1356567284190498822
1356567284190498822
1356567284190498822
1356567284190498822
1356567284190498822
1356567284190498822
1354357754564141058
1356567284190498822
1356567284190498822
1310285012755980291
831398967216836608
1214162700923572226
1479463930569555969
1310285012755980291
1226610320191492097
1479463930569555969
831398967216836608
1226610320191492097
3061311382
2982186329
728543288932847616
34231784
773294197
34231784
57592947
29251764
19233560
4728243927
1049246592564436992
3221959780
1026058994
501816919
57592947
1308115690335932422
219267576
51103171
3319450421
1365114522567143424
3301029597
140878985
1114628888834056192
140878985
25336045
221476163
25669359
1224960974102368257
1224960974102368257
3993818113
1586216377
823664138475999232
2540482822
2818756895
39721232
1226610320191492097
1340034831057637379
1337609517677293571
1337609517677293571
1247905856387043328
1323818368093233154
1371509919858458626
1324579785981526016
1370552468879327234
1371391855812825095
1340034831057637379
1358481366141333506
1372999042347757579
1073160530695725057
1345834287854202880
1325825592386850816
183319766
1226610320191492097
1294576949738844161
1324428851737407495
1354354296
28870473
1354354296
1371516226153934848
1337697907500326921
1334606798616145922
1325825592386850816
1369474006148087810
1358642692478152709
1337609517677293571
1299532787322687489
1330220654076039172
39480304
1020971513237843968
1324644977624965120
1358694768591659008
1342789599521861639
1299532787322687489
726883120163749889
3411137373
488711941
1341232263120490497
1324979883223691266
1324469262648512514
1337116473819598850
1266278090545565698
1336919521295142913
2554375868
1330584842354900994
333903537
1331009571624771590
105751484
1427124426
1196239868055216128
464998900
637089042
1107381529230172160
1329786666354151427
1324829360809865216
703007692873400320
1323938450337419265
1324921798215954433
1073160530695725057
1329786666354151427
464998900
1337116473819598850
2424658868
1329351696825389056
1324801355610001408
1043818897852559361
1427124426
412293952
726883120163749889
1337433030856749059
1359961292430331907
1331664103077769219
1323821636634595328
1324598871402680321
1323802052481470464
1324424190347403265
1334320674106695683
1107381529230172160
1358639845493587972
2555867222
2881583474
1324829360809865216
1175178455715106816
1329786666354151427
1324921798215954433
1211422389306658816
1430376090
1357039895261433862
1324522039164641280
1314055083538239489
1333648133805498369
579837395
1173665102
1357127668794294272
1326188262952722433
1346783053671145473
1427124426
726883120163749889
4904574953
1250941047489925120
889674267855659009
931506098
1338572736633786368
723753440
1340144600636293120
2533037251
1314341655596593152
1336052478958190594
605479093
1071443769634025473
1331664103077769219
1329095707496734722
1303800634941100033
1324885975797993473
872037904465481729
1352886678449483776
2424658868
2196705332
3108191422
1329509464345636877
1352366108599320579
1317235347747672066
1326382110526107648
1324424190347403265
1274323886017044480
412293952
1363584043200167941
1336252847072161793
1337865264671678465
1356448677385109504
1353861537518084096
4822315269
4822315269
1333082719975337988
1337116473819598850
1325530662074544129
1332479771805102086
1350265388475547649
1337372347599212544
1227536283519668225
902867191
162946661
1960846915
319770164
1325210121518125057
1281140416327319553
2718042873
1136308482800533509
1102662915923103746
1203025413339045888
1326112893478309888
1360844628379856898
1324579785981526016
1225453818768392195
3347508124
1335568484890275841
1238719901713473541
1330943452150861824
1324921798215954433
1325935279350411266
44261627
1120973826
1346523774364090370
1306886090259865601
975043340
1324081412149071874
1325221427948249088
222995519
839668088
1340144600636293120
723753440
298527202
1329786666354151427
1338619915398500354
1324766701876137984
1343385886243737600
357339706
1018787565946753024
2517114643
1123944210217013248
1325699598715772929
2870887400
1334657774941298694
1178352707821658113
1284881133772124164
1874769157
1324921798215954433
1337817690929471489
1132953251316322304
1335760846891397122
1323844133601959936
1303710984897548289
1326709013271097345
1360095604978765829
1335568484890275841
794362518
4822315269
4822315269
4822315269
4822315269
1162060909134659584
1356567284190498822
1295993093133668354
1352585224325107714
351920120
391243055
48966732
66664753
31267211
1232742531621892096
1226610320191492097
2818756895
2284280579
391243055
47974057
47974057
1224960974102368257
2313448980
47974057
44983912
47974057
1226610320191492097
2385410748
991200932582121472
1224960974102368257
48966732
436592526
823664138475999232
1586216377
1232742531621892096
1224960974102368257
1224960974102368257
2313448980
2554375868
4203290686
391243055
4203290686
391243055
622855647
991200932582121472
19190875
554605383
391243055
232812117
391243055
991200932582121472
1226610320191492097
605490628
74236437
19603174
19603174
2532762127
263592031
1287058573391007749
34941106
2540482822
991200932582121472
1226610320191492097
178736506
1041237779135397888
765456692
1041237779135397888
1041237779135397888
793629150582104064
2385410748
89398445
475024685
224240042
1224960974102368257
991200932582121472
1224960974102368257
1224960974102368257
1232742531621892096
1224960974102368257
1224960974102368257
1224960974102368257
1224960974102368257
1224960974102368257
1224960974102368257
1224960974102368257
1224960974102368257
39480304
1224960974102368257
1226610320191492097
1226610320191492097
1224960974102368257
1224960974102368257
1224960974102368257
293586346
352306584
1224960974102368257
1226610320191492097
1226610320191492097
1226610320191492097
1226610320191492097
991200932582121472
2818756895
2818756895
205111571
766620143032135684
205111571
766620143032135684
1224960974102368257
2385410748
991200932582121472
35192377
35192377
1224960974102368257
1224960974102368257
1224960974102368257
991200932582121472
1224960974102368257
1224960974102368257
232812117
1183299316531810304
28870473
1354354296
1354354296
28870473
28870473
1354354296
28870473
2885243595
1354354296
1224960974102368257
991200932582121472
2577285961
765456692
991200932582121472
2577285961
2577285961
2577285961
991200932582121472
765456692
2577285961
991200932582121472
766620143032135684
391243055
1224960974102368257
14132447
1224960974102368257
1224960974102368257
1224960974102368257
1224960974102368257
1224960974102368257
1224960974102368257
1224960974102368257
1224960974102368257
1224960974102368257
2885243595
719175244968288257
2885243595
765456692
2885243595
1224960974102368257
1224960974102368257
1224960974102368257
1376421620
1224960974102368257
522268751
991200932582121472
765456692
Result_count_tot:521