35733102
506317379
271902473
67565293
1343500261982089216
2415957962
34231784
1214156187509252104
1388005281431384067
1049246592564436992
1067651139687059457
1067651139687059457
1091565582
2415957962
878524436
1343500261982089216
238315982
817917765768114177
878524436
238315982
863073687855149056
838081680879529986
376747336
411806483
863073687855149056
22493850
355460738
373330234
1197202351553236993
64017065
22493850
863073687855149056
373330234
22493850
1290630898522693633
2444028215
2742014076
868795669749927936
1388005281431384067
1026058994
501816919
908669832
720589683093303296
957539562062073856
364721784
364721784
364721784
1518809059
1393926780600389632
908669832
1119941050343329792
1348222223258161154
908669832
1264933723360935939
19334026
1343500261982089216
2415957962
1390303918362566667
863073687855149056
4088630932
4088630932
1385902509173137413
28413649
2415957962
81824632
2415957962
2415957962
19201740
38412145
33170830
1120038111738777600
1204838809
20882045
27718077
31499866
2282175028
31499866
39490510
101891267
1198189740
2485538606
39490510
40049680
31499866
95238065
31499866
58477132
95238065
31499866
20672548
95238065
31499866
39490510
23436442
198625434
20672548
31499866
464470079
18387289
40049680
31499866
40049680
40049680
1165263949471895552
51396153
31499866
30759351
2818756895
2818756895
20425127
1294662682075893762
20425127
474070514
1148709864
32482854
2818756895
2855673621
3129875193
510199884
510199884
35852829
267204162
1382215398
1382215398
2615033302
1382215398
2615033302
26837025
1120038111738777600
1037665665983963137
285000738
752523992058200064
22356192
1169202029769691137
918901868
196409507
63771768
862808863006961669
2228748548
862808863006961669
435289078
1139230201953603584
427801591
1129039813
35852829
28304157
43071761
1037031822
45565440
39239833
1518809059
39239833
1518809059
39239833
1518809059
18475198
1518809059
18475198
1518809059
18475198
1518809059
18475198
1518809059
1518809059
1518809059
1518809059
473993305
1518809059
1518809059
1518809059
406892131
39976879
2192914376
570744394
3369648803
4885135192
477964537
33013437
864302522
4193108225
805861003871195138
804597968
2818756895
31662242
221476163
307237285
36031018
36031018
277496292
43071761
23104499
31397933
31397933
912596187445911553
31397933
912596187445911553
31397933
912596187445911553
933674677196808192
14286387
31397933
14286387
31397933
224394651
402377699
224394651
402377699
45335955
402377699
45335955
3116109856
35186651
137776972
406892131
22356192
23925022
22356192
3129875193
3129875193
22356192
1518809059
2415957962
1582770728
95575706
615476387
804597968
141744721
40196836
26208557
26208557
931590480
3431120265
46101484
18610189
22356192
22356192
804597968
804597968
28957526
804597968
28957526
804597968
34941106
804597968
28957526
804597968
804597968
873304134
873304134
28957526
804597968
28957526
804597968
28957526
804597968
28957526
804597968
34941106
28957526
28957526
804597968
28957526
804597968
22356192
88236209
931590480
26837025
26837025
422787241
22356192
72245600
135173461
22356192
804597968
16557956
387118980
804597968
931590480
825040897
804597968
2415957962
356740432
211846670
2415957962
35186651
838081680879529986
35186651
982908663387041792
22356192
567684174
28957526
26837025
28957526
26837025
28957526
28957526
313253372
495004140
510199884
718349821153832960
596422929
18443986
28807277
1242009798
406892131
406892131
110994325
4351028980
1009923719861501960
90534982
90534982
4339273582
31397933
1345314079
931590480
1923047580
1345314079
931590480
982386266540036096
1345314079
931590480
1345314079
931590480
1345314079
1345314079
931590480
931590480
1345314079
38451208
931590480
1008806407540486144
1008806407540486144
31397933
35186651
406892131
359532790
3369648803
711921323681959937
735095665
718349821153832960
3076779896
48713549
990200006157185024
106769293
736712634
3457292777
831986306
365603504
795929759200976896
224996231
467446719
2264840661
46099447
31397933
36924238
848152513027166208
2982609633
1887331411
712645860
2825747327
20667905
4179613355
4179613355
479588503
338557070
596422929
101727020
31397933
510199884
18475198
2873711309
776803260
406892131
2818756895
2825747327
902641279410036736
406892131
470233975
2825747327
2825747327
2825747327
2825747327
612972910
2825747327
1705451886
2825747327
2825747327
2825747327
2825747327
2825747327
1705451886
2825747327
2825747327
2825747327
873304134
873304134
2825747327
2825747327
40211533
309387992
223812019
596422929
2560459421
1382215398
2560459421
1382215398
2560459421
873304134
14405428
2560459421
1382215398
1354354296
1354354296
1354354296
612972910
873304134
2773561720
1354354296
524119904
2773561720
1354354296
3116109856
1055050484
2308216804
3386503072
612972910
66664753
837060598835855360
3294171827
983655906587144193
2560459421
51396153
596422929
735095665
341432090
223812019
1382215398
341432090
1541130644
223812019
1627917192
74677398
10141402
341432090
1382215398
901922924168441860
1382215398
1432993051
66664753
1627917192
524119904
341432090
1875018320
106769293
930445230507216896
278677460
3116109856
220964295
3116109856
220964295
21293785
406892131
1175053362
253643463
2818756895
193597488
1923047580
405428469
3003366687
2825747327
31389952
264679966
45565440
3457292777
54917900
20667905
819702318
62302675
819702318
352306584
931590480
495004140
253643463
954411663167549440
33307967
108856784
402377699
18669139
1428760106
759513430436876288
1887331411
402604994
402604994
224996231
2708981112
371200039
1960763762
404629302
1960763762
1960763762
319070263
2348286382
2348286382
319070263
457435725
2348286382
371200039
7170602
81843774
1073242634
48817946
2341302767
393448735
47974057
2784404887
46081160
1941018354
2896604975
39219494
296499615
117819606
921084265957396480
921084265957396480
2849583969
921084265957396480
3246415017
3246415017
222172885
3076651541
79749213
845676280800563201
587633143
931975404751073281
2849583969
296499615
931975404751073281
325706996
1114728481
1582941085
1582941085
16309025
4032129321
2485752379
2476732957
3246415017
2896604975
1672750315
3076651541
311601542
541940675
541940675
39219494
933102716267696128
282735469
282735469
198419080
1672750315
1672750315
319070263
2708981112
1672750315
1672750315
719624026386247680
2348286382
39219494
457435725
868805515
1672750315
2348286382
2348286382
719624026386247680
719624026386247680
2348286382
2348286382
457435725
1672750315
2348286382
2348286382
1672750315
966359210
371200039
1672750315
34573856
1672750315
884512139377090560
719624026386247680
763447196645781504
1672750315
1364070440
719624026386247680
1672750315
1364070440
2348286382
457435725
719624026386247680
1364070440
370663947
2348286382
719624026386247680
262092909
2348286382
1672750315
1364070440
457435725
1672750315
719624026386247680
2348286382
262092909
457435725
1364070440
16309025
282735469
2348286382
457435725
2348286382
371200039
2348286382
371200039
2348286382
371200039
226244097
282735469
1432946972
502186186
255027239
39219494
85552807
440807085
812396405478359040
921532741086146560
966359210
585852638
181284454
3296840687
394788690
1432946972
1432946972
914950883871531008
2708981112
2818756895
966359210
195073490
219465351
108856784
108856784
108856784
108856784
18761782
45531571
70665468
310438027
35733102
64385966
39743376
795537768118177792
2818756895
22379431
54479468
107354968
107354968
3129875193
39743376
937480386
937480386
3305705511
63266077
19764533
27716729
27716729
14617551
28822089
63266077
136029854
136029854
425708396
136029854
425708396
14617551
14617551
425708396
136029854
425708396
425708396
Result_count_tot:683