1379421013855846418
1379421013855846418
2572733922
2572733922
2572733922
279251607
279251607
279251607
82670042
279251607
973869990
1067141442886340609
150619311
279251607
244983461
279251607
244983461
1067141442886340609
279251607
279251607
217530764
21746816
217530764
217530764
21746816
217530764
217530764
21746816
217530764
217530764
2325000927
1067141442886340609
24938748
149806757
226281624
226281624
1067141442886340609
279251607
876303781
539397380
1120038111738777600
226281624
1172011488795643906
250095166
279251607
19905010
4048152814
818127906
560965705
20967934
2228333039
66664753
1518809059
279251607
271575289
1268113275868381185
1268113275868381185
899483166
1382743280
279251607
279251607
2362101866
1482799195929341953
1492746672308649985
46380085
1426289635
471180578
103097873
19389900
19389900
19389900
539397380
219653856
219653856
1518809059
45565440
1518809059
1443520866457956355
1488519210
612972910
45565440
612972910
45565440
2250607685
603775254
30322601
968519761129766912
471084733
1445578000037138433
317643480
603775254
1172399784876900352
360833304
471180578
270031753
1348623194
471180578
1382743280
1347295592523984898
1518809059
103097873
111060431
82670042
29908667
33464295
39599815
333903537
39599815
333903537
333903537
333903537
333903537
333903537
4283437995
560965705
36362393
781055332655198208
1109941264336719872
1109941264336719872
1394175200
1109941264336719872
1518809059
1109941264336719872
1109941264336719872
1109941264336719872
1518809059
103097873
103097873
6706182
6706182
38016658
1288545693053976577
1038441222862528512
19334026
329246770
1038441222862528512
103097873
84842549
781055332655198208
1252937001214644224
42034180
333903537
1455128680666173442
70346329
955474624917188608
18461311
375639548
34941106
401237832
39599815
341725644
401237832
39599815
881866381586771969
243310873
30322601
401237832
1192479630701289472
1443520866457956355
36307732
150619311
150619311
417920333
456883296
1518809059
1041276467269709824
57592947
14214281
57592947
19851362
14214281
57592947
2820198245
570744394
67724181
4283437995
1348665982819196929
1348665982819196929
1348665982819196929
1348665982819196929
1192479630701289472
148686363
1382814794
57196105
4283437995
863559330
51473040
192889718
31404274
406892131
39239833
1252127025533530112
1275457709702348800
524326247
1518809059
1382743280
1192479630701289472
1518809059
45565440
1275457709702348800
560965705
18475198
705848240353189888
18475198
1148709864
3331154825
565710092
56044169
565710092
26719515
95238065
1545946591
14062842
4894248365
1545946591
82670042
603775254
137776972
54972400
14282565
1543506013
56044169
2718593403
27438286
6523962
56511759
27513352
1272836938219880448
386588573
18520064
267204162
1071540572916277248
1125479276336308225
1328679477120016386
1125479276336308225
1328679477120016386
25687704
1011728104862179328
1011728104862179328
1048085844
1096055512955793408
18520064
130597727
1125479276336308225
1048085844
1331552161
1125479276336308225
17606518
17606518
103097873
20008618
16362310
4856541173
20008618
195073490
464645247
1297784194907738114
20008618
24169740
607016620
60983
607016620
60983
607016620
60983
607016620
60983
879259259518803968
761541476
865607970121535488
21393069
21746816
24169740
168762104
2942170702
2942170702
2942170702
1329062761482117121
55450664
1329062761482117121
55450664
395594393
1329062761482117121
992688838987436032
1329062761482117121
992688838987436032
318901745
1155396785587871744
485041702
1382215398
1278779333486706688
588496132
1278779333486706688
588496132
588496132
95238065
2767349669
1278779333486706688
16557956
554605383
3253645918
77722927
18935911
471180578
21746816
24169740
162672672
39721232
87666695
878524436
16362310
74677398
1216061304445849601
108728225
752523992058200064
822964671305121792
314635115
1048924999678083079
98474827
30322601
95238065
46366799
24169740
76008218
752523992058200064
2284280579
281589495
860129059
34972320
34972320
923679078
34972320
34972320
923679078
28319144
741479168
355348269
34972320
355348269
464645247
39721232
107475104
34972320
107475104
39721232
107475104
107475104
1260914026743320578
107475104
5201311
39721232
1281394579414155264
1375482213404401664
33986268
34972320
14351028
429313316
1260914026743320578
34972320
107475104
107475104
14351028
107475104
1031662642396577792
1260914026743320578
5201311
34972320
38225822
159158744
107475104
2629132733
2629132733
120183536
34972320
159158744
286907186
238109168
1965420942
3004246390
464645247
1225699636674875392
34972320
322531105
34972320
46251950
2305137562
2305137562
45565440
24169740
1330892617903726593
24169740
1330892617903726593
1073486504834592768
1125479276336308225
24169740
860129059
265586862
18601762
18601762
265586862
18601762
497972401
265586862
265586862
1379441828534091780
53876028
1586216377
823664138475999232
520281669
265586862
21388301
1586216377
332373271
332373271
3130718106
25346891
3130718106
25346891
40340159
28232768
19201740
1016326604987957248
27713906
27068569
122072320
25144335
122072320
25144335
122072320
1426289635
1290914712566337538
619475949
14350556
14350556
14350556
21746816
332373271
332373271
1426289635
864500300
2589898190
20672548
864500300
20672548
864500300
864500300
2589898190
1358826665032486918
761541476
761541476
1426289635
761541476
761541476
30941476
237524449
875498788005310464
237524449
332373271
237524449
20854389
23934018
237524449
237524449
21746816
193186935
25144335
141744721
16432083
16432083
27718077
27718077
295361148
27718077
295361148
135462851
237524449
701663928
701663928
1141282073937948673
16557956
95238065
17066475
570744394
1275446147700518916
4885135192
197110573
197110573
1118908050969116674
193186935
193186935
205111571
36038441
205111571
342931484
273118166
477061627
2767349669
64017065
6058832
274452288
274452288
892044430949179393
91998886
2858828716
477061627
546789897
477061627
477061627
222251213
122072320
18364179
98887187
1342246146
485041702
85666077
485041702
377427650
54007671
2767349669
1041237779135397888
36067300
845508591641550848
2764238603
205111571
2418099208
2536139878
2418099208
2536139878
2536139878
2418099208
3579740657
39239833
64017065
19866259
78682735
384521297
1252127025533530112
2418099208
3579740657
39239833
39239833
1031912178306220033
1278422912979132421
26507495
966251334960902144
781569027357470720
781569027357470720
1252127025533530112
2418099208
1252127025533530112
14284837
204525639
2974973199
1934485416
17632830
1934485416
1934485416
1252127025533530112
567684174
567684174
32362052
99347701
25152546
541522566
81578629
36077820
393387610
34896383
993417457
1429890756
36307732
761541476
172694845
14694707
24169740
18629239
54577364
24169740
1477365528
915516061444866048
261852783
915516061444866048
261852783
915516061444866048
261852783
915516061444866048
3422808345
261852783
193186935
481401647
193186935
1417914529
193186935
496952496
1338522338
193186935
1227689664
788283419822321664
23737789
26798240
1053986654514569219
3071006507
1158743109523648512
261224454
27716729
34571000
1215085320
816758060727332865
337332303
365635604
19764533
27716729
27716729
19764533
27716729
27716729
1974585762
27716729
27716729
21746816
27716729
27716729
21746816
27716729
1169986791811747849
1579892534
180704610
471180578
17776788
402377699
1041237779135397888
1426289635
85883333
109017660
438211624
1041237779135397888
860129059
109017660
1426289635
473914976
56125230
46979706
17704161
56125230
860129059
95238065
392694318
454799703
365635604
365635604
2425458465
932785156284350465
838081680879529986
95238065
365635604
365635604
454799703
365635604
365635604
365635604
365635604
365635604
454799703
56361881
392694318
2284280579
3307278897
33847354
48713549
158710489
1972948940
421125838
568334003
33847354
464692952
72228773
21864336
498130171
21864336
16557956
570744394
24169740
415701368
314635115
1099289667965517825
320683924
84419895
14694707
38451208
736246191634141186
1073826783584247809
320683924
24169740
320683924
27713906
3248864326
19389900
19389900
415701368
415701368
2981103473
2570532034
415701368
2570532034
3104817556
3104817556
19127726
24169740
320683924
130267435
845034279319015424
464645247
464645247
955080509935292416
21864336
52104623
954411663167549440
823893014
415701368
823893014
415701368
159158744
274452288
118546483
274452288
274452288
188078681
118546483
118546483
274452288
786808732327870465
274452288
322244820
274452288
274452288
274452288
359379800
274452288
274452288
274452288
22415635
951275917
415701368
471180578
174426959
3874990817
135185261
33847354
24169740
20969107
14113386
353569626
24169740
2729147326
2894193579
3874990817
49563981
18335499
809492594
387118980
387118980
291291580
3844226195
1076581284
55129886
788337711916646400
14154562
4867120059
1464466166
426750416
76264443
2821310817
76264443
21253940
39239833
21253940
39239833
74677398
1666011540
18425625
Result_count_tot:780