1362816919645147139
10752892
1352086882943979522
2415957962
2415957962
22949837
1097908154594148352
2308216804
31368630
66700763
752523992058200064
288414511
752523992058200064
398606542
75742264
1352086882943979522
1352086882943979522
752523992058200064
752523992058200064
752523992058200064
999381659802853377
108856784
1352086882943979522
1352086882943979522
304331315
454799703
999381659802853377
1158782291272982528
1161216785393360903
108856784
193340913
838753427207380992
872578169492054017
1199403752970522624
75742264
306426609
762340949716570112
2771607179
29575129
2388197557
1258924800006926338
235309323
1361630671102496773
1352086882943979522
1352086882943979522
136184787
223684700
1387353458886516739
172473788
1448598260847980546
62121469
135294661
27113674
52765131
415701368
108856784
2415646176
75742264
454799703
62092544
26798240
66780134
38451208
35186651
979213423
398606542
1448598260847980546
999381659802853377
454799703
1158782291272982528
204276552
390687348
622855647
38451208
29676425
277496292
908572230
29676425
775084458743562240
1479177327821082627
512447810
277496292
73202444
863073687855149056
34382957
1362816919645147139
454799703
1331177346389434371
38451208
48154045
454799703
1456920548
838753427207380992
2548072274
243550566
1158782291272982528
1448598260847980546
1374603517466447873
454799703
25295208
802514070
26798240
838753427207380992
1158782291272982528
34714498
224240042
971883633698066432
2616879948
454799703
454799703
454799703
1282943358
707668606922915840
999381659802853377
775685426380214272
999381659802853377
273555252
860751058540384256
1325138939422732290
25295208
78864889
35733102
18471933
25295208
112981132
512447810
1268113275868381185
32352556
1440684730882551822
56125230
421112262
48154045
238308510
1277857797611442176
40443425
112428297
38901264
304331315
25295208
284761553
62092544
38822086
415701368
802514070
1362816919645147139
999381659802853377
26798240
863073687855149056
148831635
1459077237077159938
1466485664741007364
1466485664741007364
1466485664741007364
1403306327586267139
3515220803
62092544
958712200230834182
1250898934664486918
2881239162
261852783
261852783
1250898934664486918
1486094362782191629
142613436
2415957962
2415957962
142613436
53876028
2554375868
53876028
2554375868
53876028
2554375868
2554375868
2554375868
1346751896174927873
388148354
243578283
232964109
172694845
2415957962
61234730
172694845
3296731137
2415957962
3296731137
2415957962
135294661
135294661
365635604
34714498
31405598
365635604
2816843120
171463267
2472156079
2418099208
365635604
2287362827
1448598260847980546
2805883474
1568229187
363282607
271866986
67403849
24886897
133738109
2548072274
1209777222321614848
398606542
62121469
15473483
365635604
80668551
365635604
2970367533
365635604
365635604
62121469
365635604
28142174
1273966125160828928
2303645968
365635604
197110573
2415957962
271866986
271866986
2415957962
1206945301203951618
30941476
2415957962
2415957962
38260259
63266077
176542303
454799703
961135976
718349821153832960
74677398
728619284629467136
957729659348766721
718349821153832960
1342246146
961135976
333903537
961135976
718349821153832960
918735913106239488
1188385528888074241
333903537
718349821153832960
1026558984717824000
25370391
333903537
718349821153832960
333903537
2196228910
65884359
365635604
2196228910
72256129
72256129
365635604
58028047
38451208
58028047
58028047
114043368
176542303
752523992058200064
916711711
64017065
2600974059
3423031833
2600974059
3423031833
38451208
2600974059
58028047
57832321
992688838987436032
2586011154
38451208
67403849
2805883474
631861885
277496292
277496292
148831635
148831635
2874398938
58028047
1323881456360251392
2644003750
197110573
38451208
197110573
2600974059
2874398938
946038681781047301
2600974059
2415957962
365635604
38451208
765456692
58028047
68145512
2548072274
2548072274
38451208
2548072274
68145512
992688838987436032
68145512
992688838987436032
454799703
288414511
288414511
2600974059
68145512
197110573
68145512
93486562
38451208
381108636
992688838987436032
14214281
992688838987436032
26798240
992688838987436032
2600974059
93486562
38260259
38451208
2600974059
26798240
46782315
93486562
67403849
877708076
68145512
68145512
67403849
277496292
26798240
93486562
1450110086249132037
93486562
72256129
3413490065
26798240
1085896497873473543
365635604
288414511
26798240
16930782
1949497680
877708076
365635604
93486562
26798240
93486562
45565446
3515220803
454799703
1343500261982089216
325150281
64677507
1343500261982089216
277496292
33099288
1323881456360251392
2415957962
238109168
426750416
238109168
365635604
2415957962
176542303
62121469
915516061444866048
2644003750
2644003750
915516061444866048
915516061444866048
62121469
2644003750
2644003750
110462639
915516061444866048
365635604
915516061444866048
1016326604987957248
806096173597622272
236334657
2879635877
2313448980
471802731
62121469
365635604
492428265
365635604
1448598260847980546
18970504
2196228910
454799703
267825535
971883633698066432
18475198
735764197380759552
363282607
183356975
2777949597
258686567
62121469
293224201
293224201
14574520
762738981305978880
365635604
1107372186
612972910
1465006361130020870
612972910
1465006361130020870
612972910
1465006361130020870
365635604
612972910
1465006361130020870
612972910
2613797256
1465006361130020870
1465006361130020870
908572230
612972910
1465006361130020870
966251334960902144
1465006361130020870
612972910
84709356
49294750
365635604
906811824720547840
43941371
1156501430179639296
1041936320963203072
1324285369832058881
365635604
3499168877
471802731
798997668
365635604
798997668
49294750
110462639
49294750
859370869
110462639
49294750
49294750
358175397
1258924800006926338
1002972024308994049
358175397
1002972024308994049
1630619161
358175397
49294750
1630619161
365635604
358175397
46782315
1324285369832058881
365635604
1630619161
365635604
49294750
49294750
49294750
1630619161
49294750
49294750
484378340
23582761
23582761
49294750
49294750
49294750
14048665
72256129
14048665
72256129
358175397
890691071570849792
890691071570849792
10126712
365635604
10126712
365635604
72256129
197110573
1048085844
38451208
197110573
365635604
72256129
365635604
2548072274
365635604
2548072274
365635604
10126712
4798966816
365635604
2548072274
365635604
38451208
365635604
2548072274
38451208
2548072274
365635604
365635604
365635604
1196461306712383490
411806483
4798966816
365635604
365635604
365635604
38451208
4798966816
139997002
365635604
365635604
2777949597
2777949597
1465765147
365635604
360533388
197110573
1430801970122657793
365635604
197110573
197110573
365635604
311314390
365635604
365635604
2868785181
1460993065045348364
338335070
338335070
422746606
2465173109
14214281
223812019
398606542
1172869273
62121469
865286612837650432
365635604
197110573
365635604
197110573
365635604
872886026590711808
2415957962
2415957962
872886026590711808
122318779
1252283281221070849
1324347995303936000
36172874
2415957962
54854379
365635604
60900925
365635604
827989402441936896
18360037
827989402441936896
18360037
827989402441936896
18360037
827989402441936896
18360037
827989402441936896
18360037
827989402441936896
827989402441936896
18360037
18360037
827989402441936896
18360037
365635604
123796114
365635604
108856784
365635604
108856784
138890465
248664858
62121469
365635604
429985312
1343108783950737408
2644003750
618965660
17272124
49294750
2415957962
49294750
2415957962
2415957962
20238626
365635604
365635604
45565446
115124092
45565446
34264811
45565446
112981132
2418099208
31419003
612972910
612972910
612972910
1208042953404497921
612972910
2771607179
38260259
955474624917188608
612972910
38260259
612972910
365635604
612972910
365635604
612972910
365635604
612972910
365635604
365635604
365635604
112981132
872843838431399936
70350949
45565446
2196228910
22486381
1308428186842169345
1308428186842169345
2415957962
1308428186842169345
1308428186842169345
1308428186842169345
2415957962
1308428186842169345
2415957962
1308428186842169345
2415957962
1338522338
26798240
30287258
1206945301203951618
3457292777
310519153
2548072274
398606542
310519153
398606542
1432372847255638019
26798240
1256977556596760577
475024685
475024685
475024685
398606542
271045372
2415957962
1260914026743320578
2415957962
18475198
365635604
17754872
951292596
365635604
365635604
3331154825
565710092
56044169
565710092
365635604
95238065
1545946591
14062842
4894248365
1545946591
54972400
14282565
1543506013
56044169
223812019
31405598
941980603431505921
986599884341080066
306426609
415701368
941980603431505921
941980603431505921
415701368
941980603431505921
2215346931
398606542
2313448980
2313448980
45360653
254715838
33885551
40215521
21393069
2580986466
271866986
271866986
271866986
271866986
3331154825
398606542
608974536
87666695
2818756895
1208924740179677184
1342246146
26798240
1342246146
1342246146
1342246146
1342246146
1164479058396286976
1370413813439287301
1342246146
271866986
398606542
3393385137
1096055512955793408
271866986
1290914712566337538
42865847
271866986
1329062761482117121
42865847
1342246146
1342246146
2548072274
992162588233527296
271866986
271866986
2548072274
572867654
992162588233527296
992162588233527296
992162588233527296
2548072274
369486542
2548072274
992162588233527296
992162588233527296
2548072274
369486542
2548072274
398606542
2548072274
398606542
398606542
26798240
2548072274
1096055512955793408
1096055512955793408
369486542
398606542
271866986
398606542
271866986
398606542
1342246146
42865847
612972910
271866986
42865847
612972910
205111571
42865847
271866986
42865847
2942170702
1329062761482117121
3336880684
612972910
2818756895
1342246146
409185521
460042429
234387750
18475198
234387750
18475198
234387750
1172869273
271866986
18475198
234387750
236399908
1061551568
74677398
612972910
18475198
612972910
612972910
398606542
2873711309
95169910
238109168
238109168
1290914712566337538
219268128
57592947
219268128
232964109
57592947
57064417
195073490
57592947
18475198
57064417
18475198
2548072274
232964109
18475198
223812019
Result_count_tot:843