26076279
26076279
1290021931190751234
751308406275923968
1290021931190751234
987486896237568000
2664588350
2362101866
2362101866
1208042953404497921
1460437544781426691
1460437544781426691
1460437544781426691
1467291456
277678993
570767055
277678993
570767055
277678993
1290630898522693633
487494915
31084619
992162588233527296
2746346535
18611983
44972313
277678993
205111571
776658060
35733102
1158782291272982528
18046947
60983
897314346
1381934676978368520
550159524
550159524
98474827
752523992058200064
19904252
513661118
56044169
430989871
481401647
56044169
913018310
958712200230834182
2889270755
2874173163
752523992058200064
14242271
14242271
775084458743562240
946372453735034880
238109168
863073687855149056
18475198
16903035
1456920548
1355510527
56044169
1245760994
4088630932
18560876
1658661236
1658661236
1343500261982089216
1115903867403763714
1115903867403763714
22028192
1115903867403763714
575398242
3374114717
1346193060
28169903
518426143
1113727354470326272
2772355264
250722978
30861154
250722978
250722978
250722978
103648956
1431223499318874113
848529943982202880
1353811322253803520
169499733
2772355264
2772355264
295361148
250722978
22028192
218871193
1040644816445554688
102603307
395354678
492207294
24890121
984136220178632705
984136220178632705
1425511183663210496
2729147326
14226613
1263003875927343104
2481844412
448762931
1386797797723230210
115044695
1164065309772451840
3515220803
1276928926447796224
281589495
1277878323373387776
1164065309772451840
96724910
2998730234
429985312
1465765147
1541727288
1630619161
46846624
2746346535
1238802143131426816
17421178
14226613
66335860
66335860
1358879749507006465
18443986
519669314
519669314
263125368
33843112
86439347
519669314
1131150391641628672
70145468
1422148992947867650
600968355
19063184
53876028
14226613
69300243
310807988
41908037
1266408171582652424
1266408171582652424
1266408171582652424
1266408171582652424
1266408171582652424
1266408171582652424
20844779
2364874091
1343302026709630986
19998632
93486562
1266408171582652424
1266408171582652424
1266408171582652424
1266408171582652424
1266408171582652424
1266408171582652424
1266408171582652424
1266408171582652424
1266408171582652424
1266408171582652424
1418725233322770439
1266408171582652424
1266408171582652424
1266408171582652424
1266408171582652424
1266408171582652424
1266408171582652424
1266408171582652424
1266408171582652424
1266408171582652424
1266408171582652424
1266408171582652424
1266408171582652424
1266408171582652424
1266408171582652424
1266408171582652424
1266408171582652424
1266408171582652424
1266408171582652424
1266408171582652424
1266408171582652424
1266408171582652424
1266408171582652424
1266408171582652424
1266408171582652424
1266408171582652424
1266408171582652424
1266408171582652424
1266408171582652424
1266408171582652424
1266408171582652424
1266408171582652424
1266408171582652424
1266408171582652424
1266408171582652424
1266408171582652424
1266408171582652424
1266408171582652424
1266408171582652424
1266408171582652424
1266408171582652424
1266408171582652424
1266408171582652424
1266408171582652424
1266408171582652424
1266408171582652424
1266408171582652424
1266408171582652424
1266408171582652424
1266408171582652424
1266408171582652424
1266408171582652424
1266408171582652424
1266408171582652424
1266408171582652424
1266408171582652424
1266408171582652424
1266408171582652424
1266408171582652424
1266408171582652424
1266408171582652424
1266408171582652424
1266408171582652424
1266408171582652424
1266408171582652424
1266408171582652424
1266408171582652424
1266408171582652424
1266408171582652424
1266408171582652424
1266408171582652424
1266408171582652424
1266408171582652424
1266408171582652424
1266408171582652424
1266408171582652424
1266408171582652424
1266408171582652424
1266408171582652424
1266408171582652424
1266408171582652424
1266408171582652424
1266408171582652424
1266408171582652424
1266408171582652424
1266408171582652424
1266408171582652424
1266408171582652424
1266408171582652424
1266408171582652424
1266408171582652424
842311475788161024
203032271
1266408171582652424
1266408171582652424
1266408171582652424
1266408171582652424
1266408171582652424
1266408171582652424
1266408171582652424
1266408171582652424
1266408171582652424
1266408171582652424
1266408171582652424
1266408171582652424
1266408171582652424
1266408171582652424
1266408171582652424
1266408171582652424
1266408171582652424
1266408171582652424
1266408171582652424
1266408171582652424
1266408171582652424
1266408171582652424
1266408171582652424
1266408171582652424
1266408171582652424
1266408171582652424
1266408171582652424
1266408171582652424
1266408171582652424
1266408171582652424
1266408171582652424
1266408171582652424
1266408171582652424
1266408171582652424
1266408171582652424
1266408171582652424
1266408171582652424
1266408171582652424
1266408171582652424
1266408171582652424
1266408171582652424
1266408171582652424
1266408171582652424
1266408171582652424
1266408171582652424
1266408171582652424
1266408171582652424
1266408171582652424
1266408171582652424
1266408171582652424
1266408171582652424
1266408171582652424
1266408171582652424
1266408171582652424
1266408171582652424
1266408171582652424
1266408171582652424
1266408171582652424
1266408171582652424
1266408171582652424
1266408171582652424
1266408171582652424
1266408171582652424
1266408171582652424
1266408171582652424
1266408171582652424
1266408171582652424
1266408171582652424
1266408171582652424
1266408171582652424
1266408171582652424
1266408171582652424
1266408171582652424
1266408171582652424
1266408171582652424
1266408171582652424
1266408171582652424
1266408171582652424
1266408171582652424
1266408171582652424
1266408171582652424
1266408171582652424
1266408171582652424
1266408171582652424
1266408171582652424
1266408171582652424
1266408171582652424
1266408171582652424
1266408171582652424
1266408171582652424
1266408171582652424
1266408171582652424
1266408171582652424
1266408171582652424
1266408171582652424
1266408171582652424
1266408171582652424
1266408171582652424
1266408171582652424
1266408171582652424
1266408171582652424
1266408171582652424
1266408171582652424
1266408171582652424
1266408171582652424
1266408171582652424
1266408171582652424
1266408171582652424
1266408171582652424
1266408171582652424
1266408171582652424
1266408171582652424
1266408171582652424
1266408171582652424
1266408171582652424
1266408171582652424
1266408171582652424
1266408171582652424
1266408171582652424
1266408171582652424
1266408171582652424
1266408171582652424
1266408171582652424
1266408171582652424
1266408171582652424
2601641730
1197164229356400641
112666537
1346204119720202241
475172955
20914074
340880013
33170830
600779680
1251776179
1035848784583041025
1303666177684770821
36028993
1381934676978368520
22028192
2358236409
940191986346266624
88874208
88874208
811535147296292864
1120038111738777600
489479693
18632003
57592947
81391294
19190875
87179667
1179321863081738240
26076279
108618409
140014476
943282590
1388488269101506562
1388488269101506562
1388488269101506562
1388488269101506562
453906285
19334026
1266408171582652424
1266408171582652424
1266408171582652424
1266408171582652424
1266408171582652424
1266408171582652424
1208924740179677184
70641452
1266408171582652424
1266408171582652424
1266408171582652424
1266408171582652424
1266408171582652424
1266408171582652424
1266408171582652424
1266408171582652424
1266408171582652424
1266408171582652424
1266408171582652424
1266408171582652424
1266408171582652424
1266408171582652424
1266408171582652424
1266408171582652424
1266408171582652424
1266408171582652424
1266408171582652424
1266408171582652424
1266408171582652424
1266408171582652424
1266408171582652424
1266408171582652424
1266408171582652424
1266408171582652424
1266408171582652424
1266408171582652424
1266408171582652424
1266408171582652424
1266408171582652424
1266408171582652424
1266408171582652424
1266408171582652424
1266408171582652424
1266408171582652424
1266408171582652424
1266408171582652424
1266408171582652424
1266408171582652424
1266408171582652424
1266408171582652424
1266408171582652424
1266408171582652424
1266408171582652424
1266408171582652424
1266408171582652424
1266408171582652424
1266408171582652424
1266408171582652424
1266408171582652424
35733102
266698074
183356975
1215914436
60983
21904772
373272300
31382645
373272300
373272300
60983
402377699
60983
464061917
1327931374129586179
1316289968164286464
132499217
475172955
24693882
32535843
475172955
382598137
1324347995303936000
27718077
395859253
338557070
19762987
1115903867403763714
149832362
473980663
368505134
2180608131
2729147326
22028192
1923047580
355141492
65334576
139997002
863073687855149056
4876636583
168508977
516048585
559306887
1156271613312212997
168508977
4088630932
29731324
31994651
1429890756
926595277997465600
1343500261982089216
1048085844
337332303
34027223
1164065309772451840
22486381
21890520
2560618001
95238065
347469842
95238065
14340875
1708356577
22028192
1306553842197303298
255628022
95575706
60983
101891267
22028192
31397933
30848427
30848427
477185074
477185074
615476387
1127447713
1531171987
489479693
1127447713
112666537
192328753
22028192
87237306
20844779
72228773
1241308942145392640
22028192
4876636583
22028192
2729511392
108618409
715796256002547712
87237306
1590192601
156201907
542126969
478754334
3125033591
28757140
324797755
715796256002547712
489479693
17691017
489479693
14062842
284025416
1037031822
1429890756
16575626
489479693
761596867625058304
21689226
88934044
45565446
26507495
45565446
45565446
19334026
74539103
53876028
19017103
1664459520
553671921
19017103
553671921
151564554
174762419
553671921
148062520
88332163
38033026
21689226
37620087
1037031822
33986268
151564554
45565446
715796256002547712
37620087
72228773
1894856984
14360100
22028192
715796256002547712
2519939785
563235947
40025776
237524449
761541476
237524449
108618409
369419700
28090915
1139577989564440576
6769152
1115568007185616897
606448747
135173461
29942355
966251334960902144
3457292777
22028192
67561158
400057194
2785305854
1384334689
715796256002547712
899010525136388097
453906285
728292721186754560
15402344
913108153079910401
453906285
879392046649417730
93963992
1310587637842010115
756895303
960533857
43071761
939529976919085056
14667319
3431120265
17385637
489479693
489479693
7758902
913108153079910401
72228773
63160235
93963992
1179321863081738240
350954507
1057475636
38033026
464645247
954501885674868737
489479693
36627732
32129282
615283724
3198010973
4798966816
59569015
4798966816
32129282
182275776
349872308
4798966816
18425625
59569015
59569015
37416154
32129282
37416154
37416154
59569015
18425625
37416154
59569015
14246923
74778874
793629150582104064
1215914436
14246923
475172955
255961843
1352574981625012256
63425851
2850181869
19725337
2850181869
2785305854
25401490
53876028
88264684
752523992058200064
18970504
26207988
26207988
26207988
24169740
32129282
26207988
24169740
31994651
18970504
864004321419161601
24418500
59510401
393387610
457809470
457809470
457809470
866501976
48288615
338557070
340829607
340829607
1188948789714927618
53876028
1691130469
53876028
722291226121281536
387933104
602719237
26207988
14246923
14246923
19201740
89398445
167355978
940191986346266624
1487842620
14385015
1347854601291264000
19201740
19201740
236399908
19201740
619475949
489479693
267204162
53876028
489479693
402943668
489479693
53876028
489479693
489479693
16342984
940191986346266624
68413635
118448743
Result_count_tot:776