1269807374560301057
1269807374560301057
1463171452111241216
1502768839607603202
1502768839607603202
274133892
274133892
725382561770442752
1489230423972536337
1382383469624492034
1466870813769019395
1382383469624492034
1381537356973498370
1351663702488002565
255628022
107818860
1095139867879723008
1393047917422948352
1362225582180872193
1477396433070346240
1352755890127036422
1352755890127036422
1352755890127036422
1393047917422948352
1469959188805791744
1500300664382971909
432476596
1499786763409235970
1499786763409235970
1389455459027873794
1352086882943979522
1095139867879723008
1095139867879723008
1291827765881249792
1429822409943633932
1308324266149060609
1073559721754484737
1395054312469024772
1499608755134091266
1373315947562475524
974982525595586562
974982525595586562
874244978372947968
1325855059159224321
1412113162380398603
812817671846842369
1590699720
1498562798145708038
1454470113512538114
998476071292035072
983835218221129729
4021199458
2194241613
2194241613
1446822423769362437
971072576
2307893040
1502549391835648000
1073219423559925760
1492201784135278594
1095139867879723008
1466870813769019395
1477396433070346240
1095139867879723008
1268900447626002433
1499041620255199242
2911657628
2911657628
2911657628
2911657628
1147861172198236160
2911657628
2192058508
14068331
1258924800006926338
974982525595586562
712561242347610112
800804124
974982525595586562
1178238416993079296
40025776
1373722292459507713
1095139867879723008
360518591
983835218221129729
2970022252
2289220715
1073219423559925760
1231820270
1314128521048907776
1314128521048907776
1393047917422948352
1393047917422948352
1393047917422948352
1590699720
25336045
1499479780990898179
1095139867879723008
1095139867879723008
1073219423559925760
1249338869570514945
1073219423559925760
128831546
2909869374
966113328
1496218554005274625
1496218554005274625
2908448507
1374065482043691011
705257106
43679659
43679659
43679659
1230984376185507848
1230984376185507848
859538232429727744
1500918155019010051
1873177171
1258082104824512515
1076544073530568704
1076544073530568704
1076544073530568704
1076544073530568704
1375020698264084481
1375020698264084481
1502537458591965185
3225602396
1139779091127767041
184408646
184408646
184408646
1343500261982089216
974982525595586562
801522667685875712
1495085035854118917
1075308375477506048
1005191233168388097
140531098
1501661035459235841
765456692
986543088
1590699720
1139779091127767041
1109544350499917824
432476596
1109544350499917824
1497177888596148246
1456015173093838850
1241090800341131264
1246381627787354112
382341005
2734038971
1274323886017044480
980464845240913920
235454750
2208008388
1373722292459507713
215952841
2771280475
626250543
1373722292459507713
1373722292459507713
1075317667807019011
1147861172198236160
1147861172198236160
3407116893
3347508124
1499041620255199242
626250543
1499041620255199242
1499041620255199242
215952841
1459629362278510599
1459181647178383367
1499004514254348292
1304002994292355076
1500454204585955328
1500454204585955328
939582896616112142
1268939456817627136
1268939456817627136
1095139867879723008
1348240894697349121
1497882718662758401
1497882718662758401
1348240894697349121
536232840
431665471
2905291161
2905291161
783126939825496064
2905291161
84569559
3407116893
347873489
432476596
84569559
347873489
84569559
3407116893
859538232429727744
980464845240913920
3407116893
1087653701211308033
1132127578922344448
859538232429727744
347873489
709066160147460102
859538232429727744
819862219739557889
1479588004800962562
347873489
1467920063491678213
288341428
783126939825496064
449265529
449265529
449265529
1470273147890974725
73211498
235454750
434910008
235454750
1497267357089247238
1272439988479762434
235454750
432476596
1352199541441892354
1402210153882136580
952173179287597057
235454750
1251242541296599046
434910008
2771280475
1402352323851083779
1497331310834204673
952173179287597057
6462972
2775367356
1497331310834204673
1501107882296856576
220808050
735068160492244992
277376758
251200698
283507160
1410596876416479242
1172869273
1498625980117798915
980464845240913920
952173179287597057
347873489
2980959905
716181375037128704
347873489
952173179287597057
716181375037128704
952173179287597057
69909264
716181375037128704
38625544
69909264
4853477475
952173179287597057
716181375037128704
3169894516
1352086882943979522
1278456284270952449
1005191233168388097
1470071847379255301
1005191233168388097
1500893103376502787
1496759421719953412
1373315947562475524
1005191233168388097
966113328
1373315947562475524
1095139867879723008
1059811218574270465
1308722752778637315
1073219423559925760
935571985295388672
57592947
47974057
18461311
47974057
18461311
974982525595586562
34231784
34231784
42843759
974982525595586562
974982525595586562
1095680662659612672
1139779091127767041
1078996031474298881
1487439143886020610
1291827765881249792
1352086882943979522
1352086882943979522
1477396433070346240
1290081191094366208
1290081191094366208
1290081191094366208
1290081191094366208
1290081191094366208
1290081191094366208
28475660
1139779091127767041
1351663702488002565
198444812
1139779091127767041
198444812
900497136
557746614
900497136
1034858136
1034858136
900497136
1373722292459507713
1352086882943979522
1352086882943979522
1095139867879723008
1095139867879723008
1477396433070346240
1303312896840077312
944602050
1377259605651243015
56328067
1303312896840077312
976922158197891074
1258924800006926338
74217252
1462407711149207558
2204279255
1590699720
1590699720
1590699720
974982525595586562
974982525595586562
1079708634
974982525595586562
974982525595586562
974982525595586562
974982525595586562
974982525595586562
974982525595586562
584107111
1497579976563986433
1497579976563986433
34382957
1614998162
1126018462298660865
1169986791811747849
1474002567793455104
1373315947562475524
1434177334446379008
1315437751710486529
1167618172394135552
410236677
1095139867879723008
1383999229216002055
1496773406607425537
1095139867879723008
1496773406607425537
4850588718
74217252
1137247952420954112
966113328
19233560
3330226552
1473494130386866180
123630929
1111381369169633280
1460652442526400520
2540482822
1473494130386866180
1356850528815300610
954184786356199425
1500822707600072704
1479114001430630405
1268900447626002433
1501602752463572998
1445076219557552142
149458323
284416043
2695584032
1500170785876500491
81055599
14285368
1590699720
1590699720
93946973
1352086882943979522
1242725502747643905
350770729
1590699720
18006431
38908382
14285368
1096055512955793408
1352086882943979522
899010525136388097
1327911914400329728
1396537770718416902
910875612612583424
1084547609048637440
3225602396
966113328
3225602396
1484736404173250560
324339839
1484733833832394755
1484732031263248387
324339839
1073219423559925760
1187033892466909185
83199512
780289382
74217252
34032735
2865423759
255628022
2865423759
2192058508
138068425
1285190296628793344
1139779091127767041
526207866
399591808
1095139867879723008
1095139867879723008
1095139867879723008
22282690
33305235
966113328
1462028524282392582
1271748602986192896
1590699720
38908382
74217252
38908382
1590699720
1315437751710486529
1005191233168388097
3457292777
1501243858327420928
1498970542266802179
998476071292035072
1458356376476946436
1379684017541414914
1590699720
1590699720
1590699720
1046265329880625152
1590699720
1590699720
1590699720
263483174
584107111
1109235861986689033
435260935
1373315947562475524
1373315947562475524
1394181496823504898
1494045009489846273
1365536668288180224
1693563402
1267458269326516224
1267690157681135616
1256813973044854784
224240042
1373722292459507713
1258924800006926338
1476165729946939394
1269671368016244736
923521592
1089486021065146369
1590699720
1590699720
1103314853790404616
2540482822
1070344360196235266
4838709227
1352086882943979522
1072214726678102017
1095139867879723008
1301518685530710026
1071317622246043648
1099986644705427456
1099986644705427456
4353234441
713668809564020736
1097196404701835264
1235800401687064576
1070385138410889216
1109235861986689033
1377259605651243015
1095139867879723008
1484064072911888387
1139577989564440576
1005191233168388097
15084430
1495030446786330633
1353051025461141504
524651729
2214684138
524651729
1074670741428322304
1496218554005274625
1033612932284915712
1106144188607983619
1373315947562475524
1095139867879723008
34231784
1500555074652852225
1590699720
363110413
91889495
409591553
485378081
141061902
882526887360081922
1496548502167556096
1373722292459507713
99821071
32845966
1590699720
277496292
1590699720
1302585651053973507
554750954
362579310
910875612612583424
1590699720
1590699720
1590699720
1351663702488002565
1351663702488002565
1264676262628462593
601071168
1351898876228341766
471152965
966113328
1139779091127767041
18435641
1088977941445464064
808093963160678402
1352086882943979522
1352086882943979522
1496371297554952193
1373315947562475524
195883710
1590699720
1167915179222491136
1373722292459507713
1373722292459507713
1373722292459507713
1169986791811747849
1442915613266124800
584107111
1464278247626231816
439940584
1373315947562475524
1373315947562475524
1477964898
1500859809909850114
1352086882943979522
1590699720
1590699720
966113328
1373315947562475524
1373315947562475524
1373315947562475524
1095139867879723008
1373315947562475524
1497980055066226693
1500188934638342145
1139779091127767041
1095139867879723008
1308115690335932422
1005191233168388097
1339603698
1500774957080629250
1486698639955214342
1451544251649732608
1095680662659612672
1095680662659612672
1353051025461141504
139997002
1136055528273133569
3347554396
3347554396
1356119721498660869
804080861419360257
1352086882943979522
1500593368535126022
1494506571535110155
1346497587654885377
991956258
3126607882
1095139867879723008
1473336479761981450
1498031400263593992
1434994831403663368
1316633247682564096
1477396433070346240
1477396433070346240
1477396433070346240
1095139867879723008
3570649997
1095139867879723008
361139707
868102604798259200
361139707
1095139867879723008
361139707
361139707
361139707
361139707
123630929
19080151
361139707
1499786763409235970
324339839
3433970278
75547391
1139779091127767041
1497595987099107330
966113328
1499907405144014851
1498018573796757507
1135898608509825024
4773511276
3406209514
1498308710673883137
1125414934131687425
1486246968863166464
1497589620556587008
1500475315235311623
142213666
2667449618
2313448980
1016356839456374784
1016356839456374784
1498707575893864455
2533221807
931974973312438272
1147914462
1079708634
1455602545175539712
3092992023
1497544724932091907
1466362265167437835
162672672
1426289635
1155981621771685888
162672672
3347554396
1497892850872328198
1497892850872328198
1426289635
1498562798145708038
3347554396
1500215324779724803
1500215324779724803
1500215324779724803
1448699421747781635
2797420265
1491441571522551808
4836064754
1211392226988711936
311317636
1169769839906492416
1499756629352452104
1500291826368061441
1483531941836386305
1500279572155314178
30686053
1500277619975147521
1500275000728866824
1486335420254527490
1352086882943979522
30686053
1500253012949929985
1073219423559925760
1477396433070346240
1477396433070346240
1483531941836386305
2667449618
1455216796840124426
113137197
90604318
1487848519121752077
1494264661281226753
1457065795373211652
996681138700783618
14473462
1377984899425185792
268643470
1442023346
961463268068950016
2554375868
123630929
1426289635
481401647
1498214231358988295
1095139867879723008
31007362
31007362
1498753230783881220
1500176193911508998
1352086882943979522
72228773
1426289635
1499496748040876035
288341428
1498929292784193540
31007362
592937990
939235765
288341428
288341428
72228773
74217252
1486883028211318792
1343500261982089216
1426289635
861957331
288341428
1172869273
1485917225940881409
1485917225940881409
1466205543312277504
1485917225940881409
1095139867879723008
1263530469473374209
1498562798145708038
1095139867879723008
1500114418125967372
1030947361
557746614
1350466320194805760
1497406211368656905
1494264661281226753
1498031400263593992
1494264661281226753
Result_count_tot:747