1362663147836997644
82670042
2572733922
2572733922
2572733922
279251607
279251607
279251607
279251607
973869990
1067141442886340609
24938748
279251607
244983461
279251607
244983461
24938748
279251607
279251607
24938748
149806757
226281624
226281624
279251607
876303781
226281624
1172011488795643906
250095166
279251607
19905010
4048152814
279251607
26708613
271575289
1268113275868381185
1268113275868381185
427271586
1382743280
279251607
279251607
31404274
575398242
986930424474632192
1181108894409601024
1120744894203609089
986930424474632192
111060431
18697324
53876028
111060431
94721506
81578629
94721506
1120744894203609089
81578629
351650159
340550375
1443520866457956355
4894248365
1209777222321614848
233665155
312269694
965620144234954752
20140230
1384874812150013952
1382609588646727682
2453031828
1464466166
238315982
3386298503
1441126164773277696
38663930
36362393
4283437995
1250448094937976834
1120744894203609089
2296217728
1252937001214644224
70346329
375639548
36307732
36362393
1138506578246721536
2496120775
909807860
1160218226007130112
65619261
4008584489
2817538474
1447599515297538054
1324285369832058881
555402051
1426289635
122072320
6523962
19851362
612972910
34715201
2560618001
2560618001
612972910
2560618001
612972910
18330543
612972910
612972910
2560618001
2560618001
612972910
2560618001
612972910
612972910
2560618001
2590058264
752523992058200064
863559330
2817538474
1456920548
35186651
1192479630701289472
1138506578246721536
2817538474
1148709864
1402337384
1402337384
490173594
919851948882452481
2435688609
998476071292035072
53876028
485041702
53876028
1221539816610914307
20238626
19201740
1314484336998191105
1120744894203609089
1288153374161018880
2703753553
20238626
57592947
53876028
1518809059
236403619
30421352
33099288
53876028
414321157
271045372
1410263453080735750
34382957
867381021502787585
72228773
53876028
67724181
1019601348
50466100
53876028
1516199528
1404008639971667968
53876028
340230319
53876028
81488726
53876028
1513333748
100485411
53876028
53876028
53876028
53876028
53876028
53876028
1630619161
258780407
612972910
53876028
612972910
53876028
53876028
175876346
53876028
62121469
62121469
19923066
858763081031311362
1125479276336308225
858763081031311362
1125479276336308225
1002809912
53876028
14741289
399601474
275593657
53876028
16900900
38625054
53876028
53876028
42909133
18697324
53876028
53876028
976922158197891074
53876028
1734755736
367985666
53876028
53876028
1462976336
53876028
19923066
1034011336185970689
65619261
612972910
612972910
612972910
1290914712566337538
1353800907855695873
612972910
24044383
95575706
1346967083402231811
472851432
908588706
1001338838
271045372
271045372
271045372
455877441
194476610
236162205
516048585
2999569138
273575122
612972910
732348631
171463267
82825318
1073486504834592768
34715201
612972910
19018191
612972910
171463267
612972910
19018191
269306020
612972910
1001338838
612972910
269306020
908588706
55164706
612972910
612972910
612972910
361364277
1343500261982089216
55164706
1518809059
1290914712566337538
612972910
59065675
1518809059
194476610
612972910
23084212
271045372
474967333
908572230
3182718009
271045372
403314268
749565235858726912
187113841
612972910
1290914712566337538
3423031833
955474624917188608
57592947
3175750240
612972910
101312570
2772355264
1357111548964175876
842078347538640897
3248077611
1404186941013250055
1403280233025970181
1402975810089271297
1357111548964175876
205111571
19201740
1324019953926897665
53876028
53876028
53876028
1403681050904207365
53876028
851707999
1229014885599719424
2780556618
806973271
1402975810089271297
54913988
1357111548964175876
249257679
1403277081660866563
1403280233025970181
603775254
269762451
796444128
1403009670541975557
1403001154372440070
1403000467261591568
863559330
1181108894409601024
1402980742724931598
1402978639428395008
1402975810089271297
1402969559896821762
1241377124
2818756895
183356975
3248077611
2817538474
53876028
53876028
2825747327
1920493537
53876028
3248077611
53876028
28148610
16408059
28148610
16408059
53876028
1172869273
2818756895
18333954
2415957962
2415957962
769218533834297344
1487842620
342447291
132499217
293224201
17188157
475172955
24693882
32535843
475172955
1311618490160295936
3188655931
16362310
28413649
2415957962
195073490
1246063724
31994651
53876028
53876028
1311618490160295936
1311618490160295936
1055457363883409408
28413649
20576681
53876028
152172439
2874173163
34715201
2874173163
53876028
2874173163
53876028
53876028
828773456
53876028
838081680879529986
53876028
17272124
1158520971487322113
53876028
994940202
53876028
1541727288
15855585
15855585
1541727288
15855585
1541727288
15855585
1541727288
15855585
15855585
15855585
1541727288
15855585
1541727288
15855585
53876028
53876028
925538612
1541727288
47656908
3188655931
16362310
16362310
19201740
34619210
15855585
1541727288
53876028
53876028
1541727288
48657009
1355593081
13712
36038441
1045626124833820672
19018191
1288153374161018880
612972910
1288153374161018880
612972910
4798966816
612972910
495911241
1858063040
258686567
35186651
3050550705
38693061
79163086
2415957962
33099288
2290658585
1974343254
2415957962
38451208
2554375868
95169910
1975458360
2554375868
22014140
1048085844
2182223300
838081680879529986
584107111
584107111
846940940
1096055512955793408
846940940
1308810439934070785
1308810439934070785
1008868888724066306
451658849
838081680879529986
28541040
49746926
28726577
14499947
34715201
408398227
846940940
833800521601445890
2590058264
107025988
3178221399
781770567653425152
414321157
67845970
846940940
35454981
1311296533720072197
3369648803
53876028
2760004465
233942985
62982116
20238626
219653856
185453179
20238626
91772615
14218692
4798966816
31383680
4798966816
2377081210
901921784177586176
2654480499
16040065
108089749
1637657736
67403849
1637657736
411806483
53876028
781568024683900928
67403849
2729979197
577301266
125960653
67403849
1273766098316464131
148831635
67403849
2729979197
148831635
67403849
838081680879529986
61828285
1518809059
271866986
1242755218250649600
19923066
4836064754
4836064754
612972910
4836064754
612972910
612972910
612972910
4836064754
4836064754
485041702
4836064754
4836064754
4836064754
835878476
429844913
2718334706
1184099033465458690
90831443
1185270297043329024
2548072274
2415957962
27126479
1116747379
289972561
359261759
429313316
577301266
2590058264
123669991
2590058264
123669991
2590058264
123669991
2590058264
22814965
123669991
2590058264
123669991
2590058264
123669991
2590058264
123669991
2590058264
123669991
2590058264
123669991
306426609
2962983082
385920208
258686567
111434629
18551911
1077597337508331531
408398227
3248077611
2415957962
484408612
1134070120572182530
258686567
1242834702630883329
2548072274
992162588233527296
2548072274
992162588233527296
2548072274
1144550193930670081
2433391021
2548072274
57064417
2415957962
1161693951495221254
940876952
612972910
21052022
1242834702630883329
30911018
464645247
76585094
2415957962
28417895
30911018
30911018
176085590
43659251
772116428
227241501
320766476
833800521601445890
61250638
987204220804894720
156201907
129939483
50079902
36970470
50079902
205111571
2742457455
2415957962
2415957962
3173722822
2180608131
224240042
224240042
3291234059
236403619
21864336
2415957962
2415957962
932923776446205952
104830341
1218222672783585280
992162588233527296
16040065
2176428032
2379010114
72256129
850749608
24680416
1059092400369553409
24680416
33830895
73323210
33830895
80668551
4084289230
2999569138
4084289230
33830895
2415957962
61746571
1093940802005422080
4084289230
492938063
1093940802005422080
2805627770
80668551
2818756895
267204162
1076581284
2619183836
140878985
200892586
70373458
39239833
39144003
289972561
326349138
31115326
472851432
60896067
472851432
570744394
60896067
2188877355
60896067
160524002
21864336
60896067
68145512
60896067
60896067
24475435
68145512
897831632241127424
631861885
60896067
521624306
429844913
18443986
1133852052185145350
406892131
1138506578246721536
17272124
1193139631413436416
863073687855149056
128658880
1015168528239005697
863073687855149056
128658880
863073687855149056
772116428
307821261
521624306
172694845
172694845
2841711645
577855398
919095216
99347701
521624306
791919453613199360
791919453613199360
791919453613199360
502930299
60896067
791919453613199360
502930299
1456920548
3404138255
60896067
3116109856
3116109856
60896067
925538612
3404138255
60896067
39490510
1262245315
3405779680
1060863903494758400
3040532337
838081680879529986
91366255
750417369386868740
2817538474
33099288
14997025
33099288
35733102
3369648803
36307732
36307732
36307732
36307732
36307732
706844288
846940940
58554071
123669991
1109053388782821377
475024685
619475949
619475949
82825318
882801780
82825318
612972910
882801780
82825318
271045372
82825318
612972910
271045372
612972910
271045372
3082854989
Result_count_tot:765