2590058264
2590058264
38033026
16930782
983400180
2462041882
958712200230834182
1258924800006926338
1378264018905878529
36077820
19140661
62092544
1273766098316464131
3414509159
62524886
138890465
2317558679
19093203
3457292777
3457292777
2317558679
57064417
35483071
57064417
58511405
57064417
235309323
1674004417
2317558679
2308216804
1325798836602875905
271045372
776412732107075584
2317558679
36345076
271045372
2296217728
1324285369832058881
1443520866457956355
2317558679
1096055512955793408
225341716
2248081674
752523992058200064
1096055512955793408
2874753993
270462799
125960653
807629196
39239833
1003804196
1456920548
1459077237077159938
1100698677050593280
3457292777
3457292777
3423031833
1026558984717824000
20984741
1474763990920318977
784507090551406592
125960653
460042429
57592947
488684370
306426609
3457292777
16729453
21393069
16729453
16729453
16729453
16729453
16729453
16729453
1448379760636219399
16729453
135037235
91068242
1382215398
1382215398
91068242
1382215398
1382215398
1382215398
91068242
34013960
91068242
1382215398
20238626
34013960
91068242
34013960
102108906
855470565007687680
102108906
1485118037627838465
752523992058200064
238308510
238308510
596422929
829667607108284417
829667607108284417
1309053575994257411
49074735
1362663147836997644
1443520866457956355
62524886
2741585422
239541918
1324373490506584068
1324373490506584068
19233560
1908183746
612972910
4892320882
17606518
17606518
17606518
62524886
1339569639614009344
58139756
752523992058200064
567684174
58139756
567684174
340433847
51493208
1406974932958040064
1406974932958040064
968955060
968955060
968955060
968955060
1068074388380164096
266507334
958712200230834182
1068074388380164096
1496305862
1496305862
1231052405170692102
968955060
69806167
968955060
974729722482581505
103275897
62524886
321494996
217989224
3024956579
2560618001
2815604118
2815604118
862253531113377792
950364538188296192
2560618001
2815604118
343318076
2560618001
2815604118
2815604118
2815604118
2313448980
58139756
2991881739
1460865948961943554
27836738
27836738
27836738
255173845
2313448980
2313448980
2313448980
2316777825
987486896237568000
1458813556816764934
71894191
1312008191811739651
1458813556816764934
30686053
2560618001
1404840897326505997
3108533079
2448430141
66435424
20854389
67724181
1072055971025948672
1412789945161457666
2627319680
67612349
22014140
752523992058200064
736270796490977280
2343160317
6706182
20854389
4738432036
67724181
2180591288
2560459421
3579740657
1133458959925436419
20854389
1417553441434619908
62092544
1292390851461685255
804132241
992688838987436032
704735193928699904
606227271
1417553441434619908
1417553441434619908
72141188
974729722482581505
1443520866457956355
1273966125160828928
85666077
14214281
19334026
976904551809847301
1292390851461685255
884185100
746610873767202816
242310756
29715510
16440383
61161295
1073486504834592768
2767349669
1346751896174927873
2305137562
1343500261982089216
53876028
1353768777972936704
1353768777972936704
74677398
477122511
1469403303385706501
133738109
529641017
1331295815109906432
194980168
67724181
16440383
16440383
18669139
321494996
1290914712566337538
612972910
1406974932958040064
1290914712566337538
608828776
1287782804311416832
340462564
1448598260847980546
612972910
2855541052
1358879749507006465
39239833
1474149244424626179
321494996
3484450397
966251334960902144
1109941264336719872
17606518
34922204
10209472
929764442421780485
63425851
1216287369013448705
968519761129766912
1470863472191750144
39721232
715982333329977344
3319450421
2560459421
72228773
2228333039
101778501
399552743
2754777701
85666077
193463414
2718593403
987486896237568000
2616746847
18669139
66217612
62524886
18669139
624011689
66217612
18669139
66217612
18669139
66217612
18669139
28726577
19389900
66217612
1448598260847980546
120183536
37416154
606227271
2560618001
1192479630701289472
950364538188296192
950364538188296192
2746346535
1269386606072430593
1452770780035624960
1229745018
2754777701
2746346535
944602050
2596016185
2560618001
950364538188296192
1330109718384271360
2754777701
2754777701
2754777701
810640513
234132789
14048665
1353768777972936704
30686053
1482287825852715009
31405598
860129059
64017065
860129059
860129059
860129059
1319757152202952704
860129059
374176832
393387610
563235947
1313775971296849921
1313775971296849921
242784685
1313775971296849921
39239833
16040065
39239833
16040065
39239833
115513510
998308778926903303
3515220803
2472156079
45565446
14048665
2472156079
16040065
46782315
115513510
14048665
115513510
14048665
14048665
14048665
2600974059
917536006403915776
20627309
135294661
115513510
4738432036
34571000
205111571
2600974059
26798240
78058188
58028047
1273727739519029249
16040065
39239833
2600974059
39239833
290250694
290250694
290250694
2600974059
261852783
16040065
107360105
2600974059
26798240
3515220803
2600974059
26798240
2600974059
26798240
2600974059
2600974059
427734625
59065675
96191122
62524886
3171637277
414623003
1343500261982089216
26207988
34715201
26207988
414623003
860129059
608828776
171211471
752225858270662656
78587299
1404840897326505997
36345076
2816843120
1267724298179018752
17465186
1450906933
471084733
1443520866457956355
17465186
471084733
171463267
3103828582
2472156079
2418099208
365635604
3103828582
3103828582
2287362827
2805883474
1568229187
363282607
30686053
39332307
1406974932958040064
39332307
708319207017029632
4822315269
238109168
1313775971296849921
20627309
810698208
1435581336081899528
1435581336081899528
36038368
223812019
1362663147836997644
2560459421
1362663147836997644
27714681
22471399
22471399
1068074388380164096
27714681
174762419
1488519210
1420264670
24514743
18462286
27421257
624650855
3319450421
3319450421
838753427207380992
624650855
47417745
462893360
1373151957012070402
28142174
4569304528
53876028
3319450421
3319450421
3319450421
3319450421
1273966125160828928
365635604
197110573
2415957962
570744394
1045977844755681281
2991881739
752523992058200064
1049235706252615680
1049235706252615680
413569328
1372764241
131293004
171464256
21670880
3044288870
19178945
2850181869
233665155
1241032817527619584
346828313
135294661
1290914712566337538
2841711645
2841711645
1453056280617275394
925538612
1453056280617275394
1453056280617275394
171211471
346828313
62524886
365635604
269940283
1091851158363271168
2418099208
340625008
1448379760636219399
1448379760636219399
749584399105130497
2644003750
1041237779135397888
1007405492723953664
1041237779135397888
1041237779135397888
374417128
1041237779135397888
374417128
1324373490506584068
1324373490506584068
992162588233527296
904062031
1071368653298376711
489479693
489479693
114731668
1284913891403796481
1555938680
814960539860434944
276192120
276192120
276192120
1333653392007237632
340421086
552139036
29017153
41486755
179227646
39239833
39239833
1274716741
1156271613312212997
55487753
51493208
483834979
34571000
109293948
1053054223
2453031828
804132241
1319919082431537152
18364179
1319919082431537152
2856117755
2856117755
804132241
1211036155384221696
1352673470220537857
360963923
1472532046706843648
2560459421
1375418000866676739
1469403303385706501
382637995
84842549
84842549
148831635
20611702
1196483602869080064
31976183
1172869273
1469403303385706501
14286342
20611702
31976183
288341428
2850181869
509040127
946038681781047301
56718614
1420778377544359949
367985666
69950027
117065895
58134601
1395440824821944320
1135551492595822592
1138517740891889671
20611702
805153340
1138517740891889671
1353768777972936704
1406974932958040064
1934485416
1349103425762582531
844501405574549504
28312988
27421084
955474624917188608
21864137
118857835
612972910
860129059
118857835
612972910
504496562
41595048
311314390
1555938680
1298737602850435076
2415957962
62092544
1206945301203951618
2308216804
438211624
2415957962
2415957962
1197202351553236993
127268367
1299671238
34714498
2931454865
1197202351553236993
1197202351553236993
20580713
803160911120887809
365635604
854289730812297217
4738432036
112674261
1420264670
1420264670
230649466
62121469
915516061444866048
2644003750
2644003750
915516061444866048
915516061444866048
62121469
2644003750
2644003750
915516061444866048
365635604
915516061444866048
393387610
27836738
28992097
1016326604987957248
806096173597622272
62121469
365635604
492428265
365635604
735764197380759552
544915456
15371360
14624348
217530764
359532790
60896067
966792774
210778363
21864137
170023589
421125838
170023589
14306446
607016620
28726577
629435978
20008618
2850181869
1595554820
1409868256417128456
19140661
869606803
34558120
30686053
1356365290188234754
43941371
1343535271053242373
1219724288409972736
332721031
65804220
477061627
342906269
162672672
37761004
829667607108284417
734783080888729601
6706182
897848198882111488
2727239239
29800686
1043114631584272384
248260003
67070886
25533466
1196549788029853698
20366788
393387610
342906269
550159524
1426924506606620679
205111571
321494996
2991881739
365635604
62524886
1248265040945385473
1412789945161457666
2308216804
1241032817527619584
50303955
17606518
18475198
54854379
365635604
1008706767390478336
22011813
146966650
146966650
1112961944753967104
22011813
1241032817527619584
17606518
987486896237568000
2942170702
1175664244873994244
2942170702
2942170702
1175664244873994244
1175664244873994244
1175664244873994244
2942170702
2942170702
1175664244873994244
1175664244873994244
2942170702
1175664244873994244
2942170702
1175664244873994244
2942170702
1175664244873994244
427592195
2942170702
30847508
1048275745569693696
1175664244873994244
35019895
2942170702
1175664244873994244
1048275745569693696
35019895
1175664244873994244
1175664244873994244
2942170702
1241032817527619584
4798966816
4384251
4384251
4384251
4384251
4384251
4384251
4384251
4384251
4384251
3309186214
78058188
957467053987856384
504496562
1443520866457956355
752523992058200064
752523992058200064
752523992058200064
752523992058200064
752523992058200064
752523992058200064
1346751896174927873
3423031833
1114628888834056192
1567696717
3423031833
1016326604987957248
27817693
1399069041042542597
1290914712566337538
1143974095
27817693
948480584833216512
1288026732
1288026732
1288026732
2310295012
2310295012
3920902276
27836738
286907186
17066475
17066475
17066475
1258924800006926338
62862693
25336045
25336045
2841711645
402377699
27038085
6706182
96191122
1338866706010140674
957467053987856384
1125479276336308225
735095665
25336045
735095665
372743288
25336045
174762419
2548072274
174762419
174762419
2548072274
2548072274
2548072274
174762419
2548072274
Result_count_tot:836