2415957962
2415957962
23573509
82670042
4179733923
2415957962
195073490
717774036877623296
195073490
41124241
565710092
1034754162834243584
21689226
4855118374
1208042953404497921
55258706
40025776
29928571
1343500261982089216
197110573
26451758
333903537
25986491
13665432
3515220803
95231913
33099288
2317558679
33099288
33099288
30241775
2317558679
1178934611449008129
372735335
35248084
23104499
18387289
23104499
31397933
897831632241127424
3198010973
95238065
82670042
1343500261982089216
2415957962
873407457804132352
1581289837
1214156187509252104
1067651139687059457
1067651139687059457
868795669749927936
2415957962
183356975
2444028215
429985312
1343108783950737408
2644003750
618965660
17272124
49294750
2415957962
49294750
2415957962
28318293
365635604
1041237779135397888
2308216804
1317589893552476167
1308428186842169345
93486562
2415957962
1308428186842169345
1308428186842169345
2415957962
1308428186842169345
1308428186842169345
1308428186842169345
2415957962
1308428186842169345
2415957962
1308428186842169345
271902473
2415957962
2415957962
43062590
762738981305978880
3331154825
565710092
56044169
565710092
26719515
95238065
30739418
333903537
30739418
333903537
30739418
1545946591
14062842
4894248365
1545946591
28822089
54972400
14282565
277496292
1543506013
56044169
30739418
3515220803
183356975
3403299357
34972320
74677398
21689226
138890465
271902473
21689226
1352086882943979522
918901868
20008618
57592947
20611702
2863714984
2863714984
2863714984
2863714984
277496292
103280252
44174373
378433833
103280252
64385966
2863714984
64385966
2548131272
372735335
372735335
372735335
38265914
1231820270
108937539
38265914
30739418
892715413167013889
28308385
385881449
226929592
87666695
2818756895
17243721
31397933
19488125
1364604146
385881449
1208924740179677184
3870549323
355688811
195073490
1378264018905878529
141744721
141744721
141744721
141744721
838081680879529986
1369215756177670144
344347135
762738981305978880
273555252
418200427
1239417498
1383058278255632384
1109862542560632838
16557956
20667905
138356914
20667905
4023469463
35186651
2584158192
21689226
21689226
50389557
20672548
28822089
1586216377
823664138475999232
520281669
21388301
1586216377
418200427
90818945
718349821153832960
718349821153832960
90818945
90818945
27113674
27113674
718349821153832960
27113674
19201740
14305137
427801591
236827326
236827326
2850181869
64385966
1364604146
636381599
22356192
1120038111738777600
353029255
103280252
90848755
39052549
365635604
603775254
365635604
603775254
1300409256752164866
612972910
4023469463
2818756895
892715413167013889
205111571
1382215398
205111571
36042839
321546491
366113519
1364604146
177917586
734478434
422628082
3082854989
776171614618681344
27605155
871701848444555264
1211353716
46782315
193186935
195073490
421125838
193186935
195073490
177917586
892715413167013889
3870549323
3870549323
34972320
112871323
18387289
18387289
112871323
18387289
120183536
39239833
34972320
16575626
140878985
388815555
224240042
388815555
224240042
388815555
140878985
388815555
140878985
612972910
55487753
140878985
612972910
1426289635
612972910
864365041
1342246146
864365041
57832321
864365041
18387289
333903537
1342246146
33609198
22415635
22415635
333903537
33609198
18387289
22415635
33609198
333903537
892715413167013889
4894664769
50389557
39265148
426750416
37416154
2425458465
86290053
2590058264
3369648803
21617138
21617138
776171614618681344
16342984
16342984
3066849217
50389557
19965881
47974057
47974057
421125838
50389557
47974057
27605155
27605155
30739418
16904159
3403299357
1285491224
529334746
17625169
77808402
23104499
2863714984
103280252
718349821153832960
1512614928
429985312
34656014
986543088
68145512
54007671
30941476
16904159
18669139
612972910
478026444
284761553
16904159
1054091266252828678
15017575
1054091266252828678
295053838
295053838
16904159
295053838
34972320
320766476
838753427207380992
103280252
828620824294879232
828620824294879232
18006431
204276552
3012371014
873304134
34972320
226235109
25477368
23104499
1120038111738777600
719175244968288257
719175244968288257
3403299357
64004084
871701848444555264
103280252
824160598103588871
74539103
3515220803
3515220803
87666695
20044495
3515220803
2180608131
41908037
17776121
17776121
31397933
29928571
254715838
3237493800
329004156
2548131272
2548131272
21689226
52765131
385881449
385881449
2548131272
103555738
2863714984
52021374
24475435
24475435
52021374
52021374
31189481
1362331039
915516061444866048
277496292
3423031833
915516061444866048
277496292
17233716
358969925
551730401
37416154
551730401
37416154
1362331039
4713760156
3039700781
3039700781
3039700781
3039700781
3117728950
1139166827425271808
26777438
761596867625058304
26777438
26777438
761596867625058304
26777438
761596867625058304
26777438
120183536
761596867625058304
34972320
818053116
120183536
120183536
818053116
120183536
34972320
120183536
761596867625058304
34972320
34972320
37416154
1180305138
37416154
37416154
422628082
422628082
37416154
422628082
422628082
1016447261990096896
998101298980499456
18043746
1362331039
21689226
21689226
429844913
21689226
429844913
21689226
23104499
790879650482364416
1338522338
268311597
18043746
16904159
18043746
37416154
103280252
193186935
193186935
23104499
17187058
31662242
1135465357932683265
22356192
193186935
112871323
776171614618681344
112871323
340976159
37416154
340976159
268311597
34972320
846940940
473914976
52765131
1362331039
752523992058200064
752523992058200064
37416154
1119926786555555840
18043746
365635604
306426609
422628082
818053116
912596187445911553
26798240
3089122643
317865220
26798240
138890465
26798240
3089122643
365635604
365635604
365635604
912596187445911553
34696385
2433391021
2433391021
277496292
66780134
66780134
66780134
26798240
2433391021
2433391021
66780134
3354083716
26798240
2433391021
23104499
1066960535445561344
979213423
992162588233527296
280019924
912596187445911553
2433391021
277496292
579295585
979213423
277496292
365635604
2805883474
277496292
277496292
2433391021
2805883474
277496292
2433391021
277496292
52765131
1016447261990096896
973226696693440513
718349821153832960
2590058264
2590058264
66217612
66217612
429487514
24564251
247219231
21804132
21804132
1198189740
37416154
1198189740
37416154
1198189740
37416154
1198189740
22767441
37416154
87183142
38451208
27605155
27605155
148642486
14279103
775633552197165056
1338522338
422628082
44317501
18387289
44317501
14617551
18387289
44317501
225341716
280019924
418827505
2434354652
30241775
15894774
15894774
15894774
280019924
30241775
405428469
912746546
385881449
718349821153832960
365635604
3515220803
1619988792
14617551
193186935
193186935
193186935
193186935
25346891
193186935
193186935
68222671
360838847
2924832532
25346891
193186935
2341869265
212312734
1036267969536581633
3214217986
16032272
253932197
33642442
1382215398
14694707
382341005
16557956
334520234
718349821153832960
193186935
193186935
112871323
193186935
193186935
193186935
193186935
761596867625058304
248569306
37416154
248569306
57832321
193186935
37416154
37416154
20854544
20854544
27113674
27113674
27113674
718349821153832960
40322305
107410000
17813010
2154630176
319228928
422628082
485041702
95238065
18043746
23606104
1871890350
2850181869
38882731
32844394
27605155
542126969
66217612
26837025
1364604146
42844683
27605155
27605155
83311999
83311999
35248084
813723994381811712
1362331039
18934005
33609198
38824745
355346476
813723994381811712
2474295996
4179613355
922410286270828544
19762987
818053116
21689226
284761553
2589341443
1342246146
32352078
735095665
236403619
2846215585
18043746
910589053418004486
910589053418004486
41566304
1382215398
20150850
215993689
18761782
215993689
3515220803
110957512
110957512
33609198
1361897731
2829654811
26076279
299521827
2418686054
925445971
925445971
19388863
19388863
11259122
33609198
225341716
314075083
16362310
314075083
34987277
1920493537
25264859
986543088
30249703
959074220289425408
802925906377510913
34656014
2308216804
3515220803
192689889
454799703
735764197380759552
44577324
624650855
277496292
18970504
23104499
267410607
2818756895
474225394
314075083
314075083
954411663167549440
27605155
18334306
21695321
2410945122
545894769
18425625
2410945122
21695321
37416154
1364604146
545894769
54479468
Result_count_tot:752