236108456
779341733347885056
1132377441509498882
1132377441509498882
1069611737891119104
1343500261982089216
2537113873
1017664635502252032
1472236012428431361
917838407602237440
1359154549911670790
1328016180750282752
1368098688984248323
1368098688984248323
1306050626883694593
1361633388440948738
1331972051079454723
63132666
21393770
248287592
602203032
37897444
20667539
248287592
1132377441509498882
791538236
248287592
373272300
34944963
34944963
1132377441509498882
340400074
340400074
1132377441509498882
928981156984340480
1127528170436091904
1463390827485532160
1268113275868381185
1455818338303684610
244493243
28527928
1324373490506584068
928981156984340480
326162442
94807445
630617448
3535950075
1127528170436091904
1033849844
602203032
326162442
92242004
28823852
1331972051079454723
791538236
1496415908725727237
841768222324076545
326162442
841768222324076545
1033849844
2874398938
326162442
1072055971025948672
1268113275868381185
1343500261982089216
925538612
92986214
63429334
92986214
6512422
92986214
1132377441509498882
1132377441509498882
1118177106519891968
340400074
20667539
796072774754246656
20667539
796072774754246656
20667539
796072774754246656
248287592
20667539
248287592
1333653392007237632
20667539
248287592
248287592
248287592
248287592
248287592
602203032
2586011154
364377121
441307591
796072774754246656
20667539
1333653392007237632
825635219504037888
20667539
248287592
248287592
248287592
1333653392007237632
248287592
851667908
248287592
851667908
248287592
1132377441509498882
340400074
990508154919227392
340400074
2546722688
2546722688
1132377441509498882
2546722688
2546722688
1132377441509498882
1471227833255092227
1073262134140772352
1489906304248287233
80936241
373272300
373272300
458748802
373272300
1132377441509498882
146145613
1132377441509498882
248287592
248287592
757022071
1132377441509498882
1132377441509498882
269777232
1096055512955793408
25051303
269777232
907138867295219712
248287592
1132377441509498882
1372429280035049476
1388460317416464384
465478866
1357256074664030210
1488879441191264263
578830380
1357534143974756355
1450641042194137093
1436933242167365634
1406129576216907782
1356424694736384000
1291112197951614976
1357150510134874112
1209675514786414594
1357059630682107904
902074524421812224
1447415408437383172
1398599525858648067
1437280912668913667
1357115023198326784
1356926358270611456
1387072724711923714
1361633388440948738
1482537320226172930
1361289184493793285
1393575832019369989
554603246
248287592
4678319682
1372429280035049476
868727043508260864
1357256074664030210
1384011829488197634
1382912534638780417
269777232
1468269434556932100
1415993778234667009
1291112197951614976
2741306510
768475863096578048
1356424694736384000
1472236012428431361
241054439
1363104336348213248
1380017742099574784
1373670558911528963
1263700474269593602
1356963495212765185
465478866
1332325313041207296
1357059630682107904
1357115023198326784
1450641042194137093
1387072724711923714
1388460317416464384
759767674091999235
1393575832019369989
1466998778188079104
1472117898848051201
1021035564215164929
1313717260150697984
1216672922841968640
1386233227795333122
1378294196612837376
1437280912668913667
1436933242167365634
1426395156987617283
1356641305498017792
1378184346738253830
248287592
269777232
979719477494366208
1132377441509498882
1132377441509498882
1132377441509498882
1132377441509498882
1132377441509498882
248287592
1132377441509498882
1132377441509498882
248287592
248287592
248287592
1472236012428431361
20667539
1462094100669378565
2537113873
1363964886712254474
1359331471312359426
248287592
248287592
1132377441509498882
1132377441509498882
248287592
1132377441509498882
20667539
248287592
248287592
1132377441509498882
248287592
1132377441509498882
248287592
20667539
248287592
20667539
248287592
1132377441509498882
1132377441509498882
248287592
47448389
1132377441509498882
1132377441509498882
248287592
1378184346738253830
20667539
248287592
248287592
20667539
768475863096578048
1388460317416464384
1388460317416464384
1368475973159555074
1372429280035049476
2697874914
1357059630682107904
1356641305498017792
248287592
248287592
20667539
3263788644
465478866
465478866
1357150510134874112
1382912534638780417
902074524421812224
1447415408437383172
1398599525858648067
902074524421812224
1447415408437383172
1398599525858648067
1386233227795333122
1360081943614820355
1357245178201972738
1450641042194137093
1450641042194137093
1360081943614820355
1357245178201972738
1426395156987617283
1426395156987617283
1356424694736384000
1356424694736384000
1466998778188079104
1378294196612837376
1356539808290496512
1356539808290496512
1356674820457390084
1356674820457390084
1482537320226172930
1482537320226172930
1263700474269593602
1263700474269593602
1356947675950710791
1361633388440948738
1356963495212765185
1363104336348213248
1357115023198326784
1225354279646482434
1395348739989016577
1225354279646482434
1436933242167365634
1395348739989016577
1323509264393011200
1357115023198326784
1376260572967276544
759767674091999235
759767674091999235
1376260572967276544
1323509264393011200
1378294196612837376
1361289184493793285
1436933242167365634
1357150510134874112
248287592
1327595187724541954
1327595187724541954
785087320869498880
785087320869498880
2401898365
969962942
1483870102042853376
1132377441509498882
32129282
37897444
1343500261982089216
20843718
89475417
89475417
89475417
42938159
248287592
1132377441509498882
1132377441509498882
1132377441509498882
1132377441509498882
1132377441509498882
248287592
1132377441509498882
796072774754246656
385920208
843530648
385920208
124174002
139623315
149806757
62524886
1453618569627963393
47448389
62524886
60900925
1132377441509498882
1132377441509498882
248287592
952947335444815872
1483870102042853376
248287592
20667539
248287592
248287592
20667539
248287592
348685910
282734584
342906269
62524886
1453618569627963393
42370044
14288037
22492349
14288037
268280629
924314463624466432
14288037
14288037
268280629
924314463624466432
14288037
268280629
268280629
62524886
40938591
891703584
363832273
364377121
970667352957255680
1132377441509498882
1132377441509498882
364377121
276547276
990508154919227392
18970504
1333653392007237632
1354885958471213056
549497297
330267239
549497297
340400074
1343500261982089216
1132377441509498882
56194380
311977015
751499575442235392
868404072
401628578
199604190
28789597
1132377441509498882
1132377441509498882
237260418
248287592
27412656
248287592
27412656
248287592
248287592
27412656
248287592
248287592
950773682
574743863
1333653392007237632
3155698379
2560618001
752523992058200064
1333653392007237632
796072774754246656
1333653392007237632
1333653392007237632
796072774754246656
1333653392007237632
796072774754246656
1132377441509498882
1132377441509498882
11196542
11196542
355348269
401628578
124174002
990508154919227392
355348269
401628578
355348269
1333653392007237632
401628578
355348269
401628578
401628578
401628578
1333653392007237632
1686535621
355348269
60569306
1033849844
355348269
436894773
441307591
56194380
340471159
610405401
340471159
610405401
340471159
355348269
121537858
1132377441509498882
1132377441509498882
1333653392007237632
1033849844
11196542
1208042953404497921
358394494
1080885559
272945882
37761004
34656014
34656014
304850593
304850593
401628578
248287592
92242004
1225142899
1225142899
1225142899
1333653392007237632
1057475636
58004408
1132377441509498882
1343500261982089216
36025825
3388715182
1306601159680053249
41634334
459456030
796072774754246656
1333653392007237632
1333653392007237632
1132377441509498882
459456030
197383762
168617759
1343500261982089216
743028454417895424
1132377441509498882
1455818338303684610
14291311
401628578
1132377441509498882
146145613
248287592
1132377441509498882
1132377441509498882
248287592
248287592
1132377441509498882
55223004
1132377441509498882
55223004
2646716219
1132377441509498882
1132377441509498882
364377121
1132377441509498882
248287592
248287592
248287592
1132377441509498882
364377121
1132377441509498882
1132377441509498882
248287592
1132377441509498882
1132377441509498882
1132377441509498882
248287592
796072774754246656
248287592
248287592
796072774754246656
248287592
796072774754246656
796072774754246656
248287592
1132377441509498882
458689439
248287592
458689439
398284042
990508154919227392
1132377441509498882
1132377441509498882
1132377441509498882
990508154919227392
990508154919227392
1132377441509498882
1132377441509498882
1132377441509498882
364377121
1132377441509498882
1132377441509498882
1132377441509498882
1132377441509498882
752523992058200064
2745382714
2335903151
458748802
214092807
37897444
452091519
1331241182
2745382714
54530632
584107111
3082854989
34571000
401383157
197110573
1225142899
125928871
1343500261982089216
20843718
459456030
359960705
496461333
146145613
20843718
60983
23925022
1091951781276540928
237524449
23925022
19140661
1127528170436091904
1033849844
37897444
364377121
45321236
140788514
54479468
54479468
28870473
1343500261982089216
95238065
23934018
95238065
364377121
340400074
2772619142
125928871
554603246
554603246
554603246
554603246
554603246
554603246
554603246
554603246
554603246
554603246
554603246
1306601159680053249
1306601159680053249
990508154919227392
380580452
32351939
436894773
146145613
380580452
32351939
380580452
32351939
41634334
32351939
32351939
1306601159680053249
1333653392007237632
1132377441509498882
1132377441509498882
1333653392007237632
1132377441509498882
1355598449060818953
248287592
248287592
27716729
250688048
816401911465254913
1132377441509498882
1132377441509498882
20667539
825635219504037888
1132377441509498882
1132377441509498882
1132377441509498882
1132377441509498882
1132377441509498882
20667539
1132377441509498882
1132377441509498882
1132377441509498882
1132377441509498882
1132377441509498882
1132377441509498882
1132377441509498882
168617759
858674768
452091519
82670042
1455818338303684610
1132377441509498882
1132377441509498882
1343500261982089216
1324452698
394216440
14542929
554744553
1282726045
358394494
1359516820961693703
1373151957012070402
1241032817527619584
1343500261982089216
28148610
1444291362975854595
57592947
131293004
602203032
22492349
36627732
896542432933924865
538491906
373272300
796072774754246656
1132377441509498882
178028982
2432677045
2432677045
92242004
1125828828
2432677045
1125828828
2432677045
1268113275868381185
1268113275868381185
1268113275868381185
92242004
311642406
190544369
1343500261982089216
1306601159680053249
41634334
1463616341970243587
1127528170436091904
1127528170436091904
89475417
1455818338303684610
1354885958471213056
238109168
1455818338303684610
18769714
244493243
1051586227
847105951010312197
1225142899
1225142899
1051586227
1333653392007237632
1455818338303684610
3101371930
1132377441509498882
1132377441509498882
62524886
62524886
55928080
1686535621
2887968287
225520725
225520725
990508154919227392
1132377441509498882
340400074
1132377441509498882
248287592
1132377441509498882
1132377441509498882
248287592
66480609
276547276
248287592
722184686
2925842572
215434553
475239362
1389272852264849417
18769714
716750286883266561
716750286883266561
1132377441509498882
820258149735235584
413569328
77143383
14542929
722184686
20667539
401628578
16342984
18364179
925538612
35733102
95238065
95238065
Result_count_tot:781