19603174
2873711309
407634764
31405598
2873711309
2548131272
1159440877712019456
154762008
257582449
338335070
1337797928
193659324
2966397556
1159440877712019456
19389900
542126969
23925022
804132241
804132241
804132241
25687704
70996053
14310788
196409507
14310788
196409507
14310788
14310788
14310788
196409507
14310788
196409507
14310788
196409507
14310788
196409507
196409507
14310788
14310788
196409507
14310788
196409507
14310788
40836667
1279522303454429184
1279522303454429184
1279522303454429184
1279522303454429184
18678478
18678478
289253819
421125838
36510958
1622142230
196409507
19762987
751328581402365952
253269739
704739135290998785
230910455
227241501
293692501
751328581402365952
751328581402365952
43911827
196409507
1622142230
1288930691682643970
704739135290998785
704739135290998785
40836667
40836667
14282577
40836667
107475104
196409507
14310788
1109941264336719872
38635103
253269739
1288930691682643970
253269739
275076444
253269739
1263976867
2390130619
829667607108284417
926907587886551041
926907587886551041
253579016
884505350862450689
818563303903559686
85626523
230910455
28960669
32113690
185979270
19017906
98434549
62569406
304349283
1689230918
184421147
19389900
234078530
14282577
275965157
234078530
109355708
109355708
234078530
3405779680
1934485416
55487753
13712
1298737602850435076
27718077
113032751
1208042953404497921
414693833
14287243
1343500261982089216
23582761
19389900
27718077
234078530
23582761
843514380386033664
1262282503819341824
19389900
14405428
842914262947430400
1109941264336719872
1287439965211721728
584107111
14282577
14282577
1085173118619078660
236773416
2966397556
303818685
340810247
1085173118619078660
40836667
40836667
123335372
1321819646778114049
1109941264336719872
1109941264336719872
790861424197246976
14276943
1109941264336719872
132290646
2816581411
2816581411
1085173118619078660
40836667
40836667
1287439965211721728
28611543
138890465
1321819646778114049
738113051212296192
14282577
1321819646778114049
1321819646778114049
120183536
1321819646778114049
738113051212296192
269733136
19190875
738113051212296192
1321819646778114049
738113051212296192
1321819646778114049
1321819646778114049
1109941264336719872
2980929738
1208042953404497921
179227646
135571930
1343500261982089216
32362052
1343500261982089216
2418099208
2472156079
2472156079
20427104
35515499
38643660
14235223
56380373
88899115
1305733013171511296
28823852
90260779
55450664
2883590932
2883590932
2803351237
2256168387
1036964193591734274
2773561720
1287830110050095104
19603174
54458415
132506283
1085442796654391297
230910455
3001712512
3302809355
230910455
143025314
56773256
72830645
946003477746077697
1489898578298478592
293224201
186745026
2784517072
1320668088
34242874
23925022
900262266662260737
129853597
224248943
53774336
2760004465
2881687349
1411400935323078663
22814965
22814965
22814965
316341075
2430171572
1281394579414155264
384882362
2181712808
2837972488
25805313
2727239239
284025416
299521827
31690714
974729722482581505
175091333
31394950
941699814
22609263
1343500261982089216
28992097
23925022
517328759
204276552
579295585
236824300
63425851
992688838987436032
4894664769
46782315
1208042953404497921
1337797928
6706182
46782315
23925022
23925022
23925022
810640513
23925022
825314268
475239362
109255993
193017662
2511829614
196964239
274490479
2418099208
1158659247439302656
494942196
37163781
156390474
612664952
987394890622558208
101954874
612972910
44852484
19123323
612972910
20582802
82825318
2214354255
82825318
1343500261982089216
32535843
754071383395663872
273333721
122318779
860761097338589189
860761097338589189
2548072274
14048665
174762419
36501920
36501920
23934018
38643660
38643660
16040065
7879802
365604680
7879802
46782315
365604680
120183536
25752134
29908667
221476163
377354280
776171614618681344
46782315
170407362
365635604
28992097
365635604
29271636
22767441
82825318
6512422
2305137562
341564433
1343500261982089216
47073928
16040065
992688838987436032
612972910
1208042953404497921
2420157306
1347894255465996289
312113003
22814965
2341253739
33830969
3033563838
2428958798
273118166
992688838987436032
584107111
21281102
584107111
273118166
1151574323112665088
992688838987436032
992688838987436032
338293610
26307045
1439606119140315137
983400180
26307045
27609853
998476071292035072
37722071
735095665
612972910
932927287
860129059
2999569138
480311883
474759887
17778782
714758284
27609853
16040065
46782315
1424457549806456833
18639301
271094740
631861885
2418099208
26307045
1231820270
522268751
464592134
464592134
27609853
631861885
271094740
522268751
522268751
522268751
522268751
155588846
19603174
1231820270
148391437
23925022
631861885
419197802
46782315
419197802
1053108241
19603174
419197802
419197802
717036122837266432
419197802
33830969
3652529541
1053108241
631861885
985926334374383616
1343500261982089216
19603174
717036122837266432
481401647
1343500261982089216
18475198
38643660
49370357
271045372
271045372
169662017
992688838987436032
1065640603
1343500261982089216
481401647
32866277
1285491224
3423031833
1362331039
49774380
1934485416
3423031833
19018191
2180849438
1343500261982089216
624650855
421125838
96191122
19145951
2420157306
29676425
27718077
2341253739
27718077
19145951
374402229
1208042953404497921
33892809
603775254
624650855
259408011
1343500261982089216
35733102
1929740342
27835974
612972910
67554885
152591353
1343500261982089216
2548072274
2548072274
14617551
14617551
169662017
169662017
2548072274
169662017
20582802
169662017
1208042953404497921
1343500261982089216
36627732
1215085320
1215085320
1343500261982089216
14006692
762738981305978880
171464256
992688838987436032
48491413
48491413
37163781
1343500261982089216
1263914168656302082
966666031166054400
966666031166054400
919851948882452481
1343500261982089216
1343500261982089216
33562987
1285491224
464645247
50954331
703547894
22767441
1514087286
18666061
112204442
54175087
88287482
171464256
1342246146
2841711645
1208042953404497921
2305137562
171464256
17187058
249076776
314081431
29800686
17187058
588149318
1452560275
2869032623
357376695
23937836
429844913
1925993798
367985666
91394261
612972910
39311450
19201740
224654698
1232317844819341323
810640513
23582761
2269426143
467225373
32535843
575398242
37761004
31386255
37761004
754071383395663872
103280252
328445838
49720422
16432083
62524886
53876028
15473483
4894248365
141744721
250435513
47974057
10058212
22814965
1275446147700518916
22814965
3782545529
754071383395663872
66135214
374402229
815587848120369153
238109168
32535843
32535843
1343500261982089216
1285491224
2980929738
47974057
2180017225
271045372
29676425
19389900
27609853
2980929738
19764533
127268367
167355978
2980929738
14286342
167355978
238109168
277496292
14286342
14286342
374402229
1208042953404497921
23934018
82825318
84709356
47317899
19145380
1663394126
82825318
624650855
37722071
46782315
624650855
1663394126
27609853
1343500261982089216
25687704
1343500261982089216
314129837
949725031180963842
405113967
30941476
344767027
29676425
344767027
2548072274
29676425
2548072274
2548072274
246492252
1311254921984053248
1311254921984053248
246492252
810439669
55450664
818563303903559686
1262282503819341824
489821632
489821632
1375418000866676739
1375418000866676739
983400180
365635604
765456692
1085173118619078660
1085173118619078660
1085173118619078660
1085173118619078660
1085173118619078660
1343500261982089216
1085173118619078660
1243971752155365379
1243971752155365379
32535843
1243971752155365379
1208042953404497921
1362331039
834087210
1541727288
31389952
2548072274
983400180
224240042
224240042
337825216
1346734470276280320
29908667
246492252
2173501538
3423031833
365379334
2822928406
717036122837266432
717036122837266432
3423031833
612972910
20854389
14048665
1543192765
4715462775
62092544
62092544
14048665
29676425
20854389
29676425
20854389
14048665
29676425
1543192765
464645247
14048665
14048665
62092544
1543192765
1343500261982089216
19603174
762738981305978880
62092544
1543192765
3061300019
20854389
891404165561409536
1543192765
1343500261982089216
3423031833
1370413813439287301
992688838987436032
464645247
3423031833
62092544
612972910
906811824720547840
612972910
3423031833
612972910
612972910
612972910
1362331039
29676425
575398242
365635604
3423031833
1262282503819341824
1262282503819341824
3423031833
1343500261982089216
405113967
33562987
414693833
18669139
1465006361130020870
558884918
238109168
204525639
24514743
174762419
46782315
26798240
19603174
584107111
1276320722269491200
58511405
1221418020595171328
1343500261982089216
72256129
45342108
419197802
58511405
44554105
472294857
2548072274
24514743
111974180
294000916
236827326
111974180
236827326
1330892617903726593
111974180
1541727288
17528883
18029265
701807069
1116623564
20304916
23925022
1343500261982089216
701807069
3128609127
23925022
31404274
1208042953404497921
114043368
717036122837266432
114043368
247554183
23925022
31404274
114043368
114043368
114043368
21689226
1541727288
114043368
317643480
317643480
1343500261982089216
1338522338
1337797928
87675783
3423031833
266466716
23925022
23925022
476591541
10141402
266466716
23925022
38643660
18554686
955474624917188608
1362331039
23925022
28969873
1107372186
137463417
1010870741854834689
2696113919
37578531
1293617116634140676
4264617023
58028047
501877020
122784584
1343500261982089216
843514380386033664
1343500261982089216
1265305829269520385
871705960418615296
363282607
2192914376
3423031833
3093394421
919851948882452481
838753427207380992
436785962
584107111
137463417
36627732
1343500261982089216
19603174
1362331039
64404994
64404994
1338522338
60900925
289395726
33830969
14542929
338557070
174762419
338557070
20506248
1352673470220537857
377551958
377354280
289395726
176085590
84530473
983400180
28410803
1362331039
39966546
2310295012
Result_count_tot:833