2347824926
66681098
2548072274
708938600382124032
21936101
66681098
15402344
2389682486
2548072274
2389682486
969372752540037122
2548072274
2389682486
66681098
577318064
57592947
2389682486
245275525
3175750240
759955208306888704
818127906
759955208306888704
1240757030157197313
1306593394974625801
759955208306888704
3175750240
1187062935262236674
759955208306888704
759955208306888704
2478155442
2284280579
1359819661131587586
944920784732065792
62727735
341564433
1306593394974625801
341564433
822964671305121792
1306593394974625801
116872803
3180220366
66681098
1048924999678083079
1048924999678083079
910875612612583424
2324937059
3125033591
170407362
62121469
2418099208
2305137562
75757818
1370413813439287301
607079943
3180220366
416460347
4892320882
1444258615070703617
1048924999678083079
941980603431505921
53876028
2389682486
2548072274
66681098
245275525
245275525
66681098
90831443
3247543191
245275525
66681098
948180824003883008
66681098
3175750240
66681098
2391406278
66681098
2389682486
2389682486
2548072274
2548072274
1219309794
26798240
3081108930
2389682486
61340005
2389682486
1150972124
2389682486
2389682486
2590058264
2389682486
2548072274
66681098
1095016101233262592
1314484336998191105
17813010
53032573
1343500261982089216
1283737615041273856
309126789
3175750240
1034363600989839365
408328669
4903931
764232049
172694845
174762419
1478671490811895812
36307732
15402344
66681098
2358236409
2358236409
2548072274
2415957962
124407750
24943512
31085474
66681098
1362816919645147139
946658610448424961
34656014
2389682486
365635604
1158782291272982528
365635604
1158782291272982528
3175750240
33099288
2317558679
33099288
2317558679
2389682486
1091565582
307045355
36124905
55528242
34382957
245275525
66681098
66681098
66681098
2389682486
66681098
307045355
2317558679
341720849
307045355
2389682486
307045355
106428909
66681098
2504039479
2389682486
66681098
2548072274
66681098
307045355
174762419
124407750
35693275
124407750
293652203
66681098
170407362
276565825
1161543558052139008
74078975
66681098
424529589
3342685876
112668501
1239851082832130048
2389682486
26349198
2999569138
1125479276336308225
769167284
1091565582
64385966
2317558679
2317558679
2317558679
372735335
524326247
195073490
195073490
2317558679
57592947
720591283211870208
223812019
223812019
304331315
734683794
66681098
473914976
277496292
277496292
277496292
365635604
986599884341080066
63119470
1370413813439287301
1370413813439287301
37788958
245275525
66681098
2504039479
3177346709
2317558679
18475198
156390474
2389682486
18475198
223812019
131293004
39239833
31405598
162672672
1314484336998191105
162672672
1241032817527619584
815188041308446721
2532762127
1073486504834592768
365635604
4892320882
34656014
1432993051
719239930279538688
76989641
15101278
1263914168656302082
1420706888468111363
1115568007185616897
2868525504
2868525504
2868525504
2868525504
2868525504
2868525504
21393069
496420805
205111571
3412312335
1162187634
82325555
570744394
95575706
192889718
87666695
19452766
2825747327
3431120265
38260259
915516061444866048
171211471
464645247
34972320
1412906407
174762419
2310295012
57064417
38751278
27609853
34656014
415701368
57064417
38260259
57064417
36038441
570744394
966251334960902144
38901264
365635604
29928571
320095560
818127906
816758060727332865
2462041882
940191986346266624
940191986346266624
320095560
1287058573391007749
19764533
1182345583538966528
940191986346266624
1182345583538966528
940191986346266624
1182345583538966528
940191986346266624
940191986346266624
1182345583538966528
940191986346266624
1182345583538966528
940191986346266624
940191986346266624
1182345583538966528
1182345583538966528
940191986346266624
3125033591
1182345583538966528
332721031
940191986346266624
253932197
253932197
253932197
253932197
332721031
940191986346266624
1182345583538966528
940191986346266624
940191986346266624
940191986346266624
1182345583538966528
253932197
253932197
332721031
570744394
940191986346266624
940191986346266624
940191986346266624
1339569639614009344
34571000
1603282212
1182345583538966528
3125033591
253932197
253932197
253932197
253932197
940191986346266624
253932197
253932197
253932197
253932197
940191986346266624
940191986346266624
940191986346266624
253932197
253932197
883619430483333120
117720862
3175750240
1118010708367687682
940191986346266624
940191986346266624
940191986346266624
940191986346266624
1109862542560632838
38033026
19764533
253932197
37788958
1182345583538966528
273555252
332721031
53876028
1118010708367687682
238109168
4892320882
253932197
20854389
783696165334315008
3125033591
87817283
38033026
34571000
233942985
337332303
332721031
38033026
38033026
1134070120572182530
253932197
365635604
1241308942145392640
117720862
320095560
19764533
1641482785
34571000
1061551568
172694845
1041237779135397888
219653856
90818945
1168191237368799234
1317926834269544450
107360105
784809964816764928
812431372174454786
19764533
494404599
522268751
34656014
26798240
18627984
1120038111738777600
110957512
35186651
47974057
45136652
17404231
1566612524
969372752540037122
15084430
1450680715
63132666
136923834
902216933633912836
23418810
838753427207380992
838753427207380992
838753427207380992
838753427207380992
67403849
838753427207380992
67403849
838753427207380992
838753427207380992
579295585
1120038111738777600
838753427207380992
838753427207380992
579295585
838753427207380992
23418810
838753427207380992
176542303
762738981305978880
23418810
23418810
579295585
1223295332110520321
838753427207380992
838753427207380992
838753427207380992
838753427207380992
838753427207380992
838753427207380992
23418810
838753427207380992
579295585
838753427207380992
838753427207380992
838753427207380992
23418810
23418810
838753427207380992
838753427207380992
23418810
838753427207380992
23418810
579295585
838753427207380992
838753427207380992
838753427207380992
579295585
365635604
838753427207380992
838753427207380992
579295585
838753427207380992
365635604
838753427207380992
23418810
838753427207380992
870263317415288832
838753427207380992
365635604
23418810
365635604
762738981305978880
838753427207380992
838753427207380992
365635604
838753427207380992
365635604
838753427207380992
365635604
762738981305978880
838753427207380992
838753427207380992
23418810
838753427207380992
838753427207380992
579295585
838753427207380992
579295585
838753427207380992
579295585
838753427207380992
838753427207380992
838753427207380992
23418810
365635604
762738981305978880
838753427207380992
762738981305978880
762738981305978880
838753427207380992
762738981305978880
762738981305978880
762738981305978880
762738981305978880
838753427207380992
838753427207380992
23418810
762738981305978880
365635604
23418810
762738981305978880
1120038111738777600
22067123
2656778349
762738981305978880
65619261
926595277997465600
53876028
926595277997465600
926595277997465600
926595277997465600
926595277997465600
926595277997465600
65619261
926595277997465600
926595277997465600
65619261
926595277997465600
926595277997465600
65619261
926595277997465600
926595277997465600
65619261
926595277997465600
926595277997465600
65619261
65619261
926595277997465600
65619261
926595277997465600
65619261
3175750240
132516923
251308116
238109168
953311881229422592
516048585
365635604
31343887
44317501
2420157306
19337187
838753427207380992
365635604
1250898934664486918
375888089
304331315
369668082
454799703
762738981305978880
4186118775
4186118775
3175750240
18668413
18668413
1541727288
634504383
3403299357
1503343770
57064417
4260193702
2767438017
1109549240676769794
20854389
4273111702
60896067
4273111702
838081680879529986
60896067
414623003
816993776
60896067
946372453735034880
3116109856
36627732
60896067
20854389
59569015
60896067
572867654
60896067
4701637044
365635604
154852059
365635604
365635604
154852059
154852059
365635604
154852059
365635604
2841711645
38260259
365635604
3422808345
223812019
340827440
2188877355
223812019
223812019
3175750240
752523992058200064
1056639852748460032
1227689664
910856132
3035261003
966251334960902144
399912856
966251334960902144
399912856
966251334960902144
399912856
966251334960902144
399912856
966251334960902144
16095034
205111571
1102159628719271937
205111571
317643480
317643480
399912856
14694707
16095034
1705451886
1102159628719271937
1102159628719271937
34972320
2207761090
14694707
16095034
45004633
388127101
259402505
224659954
2560459421
1102159628719271937
1129804198567190535
34972320
18475198
251308116
3423031833
14694707
34972320
18475198
18475198
18475198
18475198
2818756895
288341428
39276689
572867654
288341428
39276689
937628581
39276689
31007362
39276689
39276689
288341428
31007362
870681834127892480
1161057779060215808
17997231
937628581
31007362
31007362
31007362
1085442796654391297
138890465
414623003
68622845
138890465
4892320882
602919997
1085442796654391297
1085442796654391297
110957512
937628581
87675783
138890465
1041237779135397888
19334026
38033026
19764533
910856132
171211471
372212654
68622845
3423031833
68622845
69950027
244194700
244194700
29731324
20546839
20546839
69950027
244194700
69950027
69950027
244194700
626030756
244194700
69950027
244194700
69950027
244194700
2373619978
69950027
18475198
69950027
3354083716
183770525
441307591
441307591
34972320
34972320
441307591
34972320
838081680879529986
819647222585454596
224240042
140878985
171211471
18475198
322244820
244194700
244194700
572867654
29731324
441307591
36307732
34972320
46979706
54917900
460118226
570744394
931345838131089408
931345838131089408
931345838131089408
489479693
2560618001
1163547338071334914
591044078
123669991
612972910
139121472
3423031833
2391406278
1016326604987957248
467424406
53876028
28312988
337332303
386103167
3129875193
369668082
64818133
570744394
39599815
40713696
171475985
1093940802005422080
3043489048
2818756895
2389682486
3175750240
2873711309
3175750240
22375073
18264009
454799703
365635604
365635604
365635604
365635604
454799703
365635604
365635604
365635604
365635604
365635604
454799703
22375073
136923834
136923834
21864336
141744721
107475104
107475104
107475104
838111239750447104
1033374143461425152
107475104
612972910
838111239750447104
107475104
2391406278
570744394
846940940
2818756895
2180608131
462994769
462994769
24169740
55496543
23292310
55496543
19337187
1085442796654391297
1064565804006604800
451322123
1064565804006604800
422787241
1064565804006604800
1064565804006604800
1064565804006604800
422787241
1064565804006604800
1064565804006604800
1060760875789836288
320766476
2946239062
28312988
422787241
1536268622
1041237779135397888
Result_count_tot:841