3369648803
423617430
365635604
1343500261982089216
732644968859357187
1343500261982089216
1366485205826080768
37682821
896794520049864705
2610485348
2348086449
2348086449
2348086449
311885289
278101089
3261893627
896794520049864705
896794520049864705
896794520049864705
896794520049864705
3369648803
944602050
3354083716
1934485416
18443986
159158744
231379559
1015217707891949568
873304134
1015217707891949568
48974071
221476163
2942170702
2942170702
231379559
159158744
1015217707891949568
139997002
159158744
471152965
762738981305978880
18443986
829401565379297281
20667905
873304134
47459713
46782315
545090280
1178969455575146503
212312734
1412906407
46782315
944602050
946038681781047301
278101089
897848198882111488
230910455
17650380
21428364
139997002
935793180171292672
278101089
4289412768
42709793
1498970542266802179
935793180171292672
311885289
278101089
21428364
897848198882111488
1083298159147868160
1083298159147868160
4289412768
896794520049864705
75756340
49060343
19603174
75756340
20969268
29738240
96010420
955474624917188608
96010420
188256896
732644968859357187
1373315947562475524
3395386792
2674319014
69091963
278101089
81578629
278101089
2841711645
819647222585454596
2372074475
2372074475
2372074475
897848198882111488
75756340
1362331039
992688838987436032
815183585879662594
992688838987436032
815183585879662594
36028692
815183585879662594
36028692
36028692
815183585879662594
815183585879662594
36028692
36028692
815183585879662594
36028692
36028692
1373315947562475524
567684174
2744534205
24475435
819647222585454596
1343500261982089216
1002972024308994049
159158744
470972977
1373315947562475524
2970062811
732644968859357187
470972977
396618124
819647222585454596
21253940
3354083716
278101089
819647222585454596
396618124
75742264
24475435
829401565379297281
384754710
2159263680
1274716741
20667905
1015217707891949568
1274716741
2590058264
571102765
14331613
18629239
278101089
278101089
1026558984717824000
41076087
716933211029377024
3602084057
3602084057
948869413314416640
822964671305121792
1160450316103487488
1497637338830327814
1497637338830327814
311885289
1343500261982089216
311885289
2308216804
234517620
18360037
1545254797
234517620
62060746
822964671305121792
64677507
396618124
17027485
1015731654873243649
1343500261982089216
75756340
36307113
734478434
1085442796654391297
96010420
96010420
1109941264336719872
96010420
946038681781047301
17187058
1109941264336719872
1109941264336719872
2164976883
46106058
2554375868
896794520049864705
896794520049864705
896794520049864705
896794520049864705
896794520049864705
4836064754
907214403573035009
96010420
593900882
96010420
75756340
31994651
39961857
527753456
860751058540384256
234387750
929420086699593729
776171614618681344
24475435
815183585879662594
24475435
815183585879662594
55450664
1373724230873927689
278101089
2554375868
55450664
2554375868
55450664
273594119
387118980
2554375868
55450664
387118980
21253940
946038681781047301
46782315
2554375868
46782315
76610050
387118980
992688838987436032
57592947
776171614618681344
979335577530261505
23925022
24475435
815183585879662594
1343500261982089216
860751058540384256
23925022
46106058
18475198
979335577530261505
3354083716
3369648803
897848198882111488
1373315947562475524
278101089
75756340
14282937
340550375
941384015906590722
1373315947562475524
1373315947562475524
776171614618681344
3369648803
75756340
35186651
1089051850832338944
1089051850832338944
1089051850832338944
979335577530261505
297040631
159158744
17465186
17465186
17465186
57592947
897848198882111488
76610050
1089051850832338944
1089051850832338944
1089051850832338944
81824632
213480847
1453056280617275394
2341869265
781055332655198208
36440078
1373315947562475524
907214403573035009
163145068
75756340
266219539
72228773
72228773
437373893
64422514
1026558984717824000
897848198882111488
1918294183
946038681781047301
776171614618681344
80936241
1373315947562475524
4896400911
4896400911
1373315947562475524
1373315947562475524
75756340
1518809059
992688838987436032
382637995
992688838987436032
992688838987436032
1373315947562475524
25687704
25336045
25687704
25336045
25687704
25336045
3129875193
3129875193
25336045
25687704
25336045
3129875193
46782315
1302918139232038912
1302918139232038912
2532762127
1373315947562475524
1373315947562475524
1373315947562475524
2362101866
2362101866
2362101866
776171614618681344
968955060
14214281
897848198882111488
14214281
14214281
14214281
270810792
935793180171292672
18716146
270810792
24475435
231711512
76099002
3414509159
3414509159
155588846
1302918139232038912
923775486127493120
4836064754
1302918139232038912
3412083531
40049680
340550375
23925022
717255066
717255066
717255066
481401647
481401647
3414509159
481401647
481401647
3414509159
40049680
3414509159
481401647
3414509159
481401647
2472156079
717255066
53834107
53834107
434203999
434203999
434203999
2586939154
277496292
717255066
4836064754
46782315
717255066
1343500261982089216
717255066
717255066
776171614618681344
481401647
3414509159
717255066
481401647
717255066
717255066
57592947
98362144
57592947
397411698
4836064754
717255066
717255066
4836064754
717255066
4836064754
717255066
4836064754
717255066
4836064754
717255066
4836064754
717255066
717255066
4836064754
717255066
717255066
6512422
4836064754
4836064754
717255066
4836064754
3414509159
3403299357
1373315947562475524
717255066
39745276
53876028
18475198
538049869
1373315947562475524
1089051850832338944
93914726
93914726
776171614618681344
3412083531
162672672
340550375
712645860
2532762127
1109941264336719872
1281394579414155264
1281394579414155264
1281394579414155264
3034937163
56987723
1015217707891949568
838081680879529986
838081680879529986
24475435
72600821
350954507
1302918139232038912
159158744
55450664
159158744
75756340
24475435
935793180171292672
1114628888834056192
2532762127
2532762127
1302918139232038912
1302918139232038912
159158744
1302918139232038912
2532762127
46782315
979335577530261505
935793180171292672
46782315
465802151
979335577530261505
159158744
46782315
2483931236
2483931236
2483931236
471152965
471152965
2483931236
22814965
471152965
22814965
976922158197891074
152213286
75873064
1373315947562475524
159158744
946038681781047301
75756340
1343500261982089216
31362764
1343500261982089216
31362764
454799703
454799703
838753427207380992
1026086402742726656
2532762127
72600821
454799703
976922158197891074
234517620
1430965288317636614
146832319
478618609
340625008
1302918139232038912
340550375
747287340
34718571
757077798347497472
283115706
494942196
20843718
20843718
75756340
75756340
3369648803
3369648803
3369648803
1153250008071905280
897848198882111488
2708054190
1160450316103487488
163425145
31362764
340625008
340625008
747731945656811520
1302918139232038912
31362764
1372764241
31362764
2532762127
724323373078200320
239541918
2203045533
791200903143579648
2558767470
979335577530261505
4758150675
25669359
57592947
2927320545
350954507
1433871465586302981
25669359
350954507
24475435
1433871465586302981
838753427207380992
2927320545
339702839
833437800531898369
1490706360
163425145
163425145
2927320545
820014318
50592399
1453056280617275394
1373315947562475524
159158744
163425145
481401647
131207008
3369648803
979335577530261505
75756340
816758060727332865
75756340
791200903143579648
976922158197891074
976922158197891074
22814965
858763081031311362
858763081031311362
72600821
976922158197891074
976922158197891074
858763081031311362
858763081031311362
1015217707891949568
1343500261982089216
29800686
29738240
565710092
565710092
2590058264
565710092
2590058264
1360619593
1281394579414155264
163425145
57592947
883619430483333120
565710092
2590058264
122072320
717255066
2400294041
2400294041
122072320
72277469
122072320
3001712512
2718593403
2718593403
159158744
159158744
34571000
2565846217
422746606
897848198882111488
1114628888834056192
133798612
22814965
133798612
897848198882111488
517589381
1114628888834056192
946038681781047301
75756340
63145400
2596016185
2596016185
14331613
612972910
471152965
946038681781047301
946038681781047301
3369648803
935793180171292672
946038681781047301
897848198882111488
75742264
946038681781047301
946038681781047301
946038681781047301
612972910
155588846
46782315
883619430483333120
612972910
19764533
114043368
340550375
1026086402742726656
946038681781047301
46782315
19764533
1033612932284915712
1033612932284915712
114043368
1373315947562475524
976500002062299136
1469019865138839559
976922158197891074
976922158197891074
18171257
976922158197891074
16144050
75756340
838753427207380992
3001712512
406998653
976500002062299136
234517620
159158744
838753427207380992
234517620
976922158197891074
976922158197891074
976922158197891074
976922158197891074
976922158197891074
75742264
976922158197891074
471152965
397411698
976922158197891074
976922158197891074
976922158197891074
976922158197891074
976922158197891074
976922158197891074
976922158197891074
976922158197891074
976922158197891074
976922158197891074
976922158197891074
976922158197891074
976922158197891074
976922158197891074
976922158197891074
976922158197891074
278101089
340550375
477122511
46782315
34571000
1033612932284915712
1033612932284915712
1033612932284915712
1033612932284915712
46782315
24475435
76099002
23499901
471082799
34571000
1373315947562475524
46782315
2372074475
2372074475
75756340
49379178
471152965
34571000
34571000
471152965
3369648803
171211471
46782315
46782315
46782315
46782315
474070514
46782315
946038681781047301
829401565379297281
946038681781047301
976922158197891074
976922158197891074
976922158197891074
976922158197891074
423617430
976922158197891074
976922158197891074
976922158197891074
976922158197891074
471152965
976922158197891074
976922158197891074
976922158197891074
976922158197891074
976922158197891074
976922158197891074
976922158197891074
976922158197891074
976922158197891074
976922158197891074
1391674701018185729
717255066
717255066
1373315947562475524
1372764241
35454981
34571000
474070514
474070514
34571000
34571000
34571000
976922158197891074
976922158197891074
976922158197891074
976922158197891074
976922158197891074
976922158197891074
976922158197891074
976922158197891074
976922158197891074
976922158197891074
976922158197891074
717255066
1467498214333030409
1343500261982089216
2760004465
717255066
717255066
46384158
46384158
935793180171292672
717255066
46782315
1372764241
1372764241
1373315947562475524
75756340
815183585879662594
46384158
946038681781047301
717255066
122072320
935793180171292672
946038681781047301
291655640
46384158
46384158
46384158
38260259
717255066
946038681781047301
46384158
46384158
38260259
897831632241127424
946038681781047301
38260259
38260259
946038681781047301
38260259
38260259
38260259
38260259
38260259
471152965
75756340
278101089
3369648803
946038681781047301
946038681781047301
38260259
717255066
471152965
946038681781047301
38260259
46384158
2819940124
471152965
471152965
20270952
762738981305978880
18171257
20270952
1129236186
122072320
3369648803
46384158
946038681781047301
Result_count_tot:838