115044695
1065640603
4179613355
4179613355
603775254
272370207
478553827
214809052
136600742
957539562062073856
1236399974
45534608
1390303918362566667
265586862
18601762
18601762
265586862
18601762
497972401
265586862
265586862
1379441828534091780
53876028
265586862
183356975
1122497338780606464
47974057
27716729
53872811
25502622
899729325162942470
53872811
466828671
53872811
53872811
53872811
53872811
579627160
579627160
21393069
148062520
45534608
18264009
45534608
89398445
53872811
53872811
53872811
1445817769
385025389
53872811
53872811
53872811
28084565
31985912
579627160
22755685
22755685
34231784
56672488
541956755
31985912
34231784
565268225
36435082
565268225
319216129
579627160
579627160
1120289659
36435082
324081252
324081252
324081252
53872811
324081252
324081252
380378304
277562016
247700019
Result_count_tot:80