1408436612179111950
1302621798245306368
1467234230392569857
817993794079621120
1518809059
1356921864845750272
1197164229356400641
271045372
250849265
1206956004950388742
1206956004950388742
1268113275868381185
508817739
60146216
1206956004950388742
456883296
1206956004950388742
937480386
1206956004950388742
28112223
560965705
19110119
19110119
1206956004950388742
148686363
1206956004950388742
1206956004950388742
1206956004950388742
456883296
23807351
1682952697
1206956004950388742
59896145
59896145
1206956004950388742
1206956004950388742
1206956004950388742
908669832
1518809059
1233402685237448705
1233402685237448705
1190654497791590400
1233402685237448705
1233402685237448705
1233402685237448705
1233402685237448705
1190654497791590400
955048031686221824
1233402685237448705
4088630932
4088630932
510199884
1520268428
2818756895
2818756895
1208924740179677184
47974057
421125838
148686363
1051508296543338497
19201740
59896145
47974057
17691017
1148709864
19110119
1518809059
1206956004950388742
1206956004950388742
1518809059
478026444
510199884
510199884
510199884
1545946591
1545946591
378653360
472764815
4836064754
1206956004950388742
1206956004950388742
1518809059
1206956004950388742
1518809059
19110119
930584192
19110119
930584192
19110119
19110119
19110119
993887681645088768
1518809059
1518809059
1518809059
1518809059
1518809059
340625008
2874790725
432396256
1518809059
1037665665983963137
59896145
1109862542560632838
140838527
739760096884973568
734783080888729601
1109862542560632838
1518809059
1518809059
1518809059
1518809059
1518809059
1518809059
273333721
1518809059
1518809059
1518809059
802944686
20140230
1518809059
1002972024308994049
579221819
2619183836
1518809059
130241363
99347701
19184781
99347701
19184781
19184781
1518809059
1518809059
1518809059
20140230
3116109856
18716146
2192058508
873304134
1518809059
1225825410
1518809059
19184781
739760096884973568
873304134
3147172678
19184781
374417128
1518809059
752523992058200064
1518809059
18520064
1518809059
18520064
1518809059
19184781
873304134
739760096884973568
1024370707315216384
3883744516
873304134
1518809059
1038753154760884224
472851432
219653856
219653856
2846215585
1642750849
19184781
16557956
1518809059
406892131
1382215398
873304134
88200293
19184781
908669832
19184781
971301140083113985
2746896348
2746896348
971301140083113985
498130171
19184781
133798612
19184781
2638874851
772174077079523328
1970058800
2742071414
605745338
2283641534
718717653846724608
718717653846724608
2279789997
2742071414
2230554998
2638874851
2230554998
2230554998
16098135
2230554998
38307741
2996542117
3801478035
3801478035
2698369310
2698369310
441689280
510199884
2483931236
2970062811
2483931236
1518809059
1518809059
19184781
1518809059
1518809059
1518809059
1128739786963992579
1128739786963992579
1128739786963992579
1128739786963992579
1518809059
1518809059
1024370707315216384
19184781
148642486
433635563
2754777701
1382215398
33192221
148642486
95238065
22488324
429487514
477061627
477061627
810734886
498130171
4867120059
22488324
1627917192
1041237779135397888
1382215398
1382215398
2825747327
2872969988
1024370707315216384
19184781
1518809059
22488324
535661060
588496132
588496132
267204162
567684174
567684174
588496132
33192221
472764815
823945003399520257
567684174
219653856
103833985
2590058264
2590058264
174139819
174139819
174139819
2590058264
588496132
174139819
2590058264
2590058264
174139819
1536268622
174139819
2590058264
16930782
174139819
2590058264
16930782
174139819
2590058264
2590058264
16930782
174139819
2590058264
3212898292
1103411132063236096
33192221
267204162
267204162
1705451886
223908195
1382215398
1382215398
1382215398
1382215398
238109168
16557956
148642486
19145951
22488324
18428772
1024370707315216384
2742457455
1024370707315216384
898143270
1024370707315216384
898143270
1024370707315216384
898143270
1382215398
1382215398
1382215398
1382215398
1382215398
346159597
2818756895
1024370707315216384
1024370707315216384
338335070
1024370707315216384
873304134
338335070
1024370707315216384
1024370707315216384
1041276467269709824
1041276467269709824
873304134
863073687855149056
1024370707315216384
1024370707315216384
863073687855149056
1024370707315216384
618965660
1003685892001759233
29715510
863073687855149056
873304134
148642486
1382215398
1264724545
156390474
20140230
156390474
206597096
32864014
148642486
148642486
148642486
926542226460684289
3212898292
602691375
4894248365
1382215398
1382215398
1382215398
1382215398
1382215398
1382215398
976199901200732160
1382215398
1382215398
1382215398
271575289
1382215398
271575289
1382215398
1382215398
271575289
271575289
1382215398
14694707
16557956
1148709864
417920333
727132179084488704
1706580698
14330330
2825747327
1518809059
30759351
148642486
273333721
273333721
2352358348
727132179084488704
1518809059
112221953
798228198
3128858487
281173124
830546635
1518809059
2541409312
727132179084488704
23606104
432396256
148642486
20778180
148642486
81824632
148642486
863073687855149056
49385850
432396256
432396256
400882913
22488324
22488324
1450680715
1706580698
568905289
406892131
2249391032
823516964
954411663167549440
108856784
108856784
69227108
1467108175
14292056
17230800
57039876
18761782
52104623
2318436408
22488324
22488324
22488324
22488324
22488324
1458128072
1458128072
1458128072
1675640094
27716729
366776919
432396256
56882902
148062520
800997802100817920
717036122837266432
17681916
21864336
67417475
19157451
14330330
747839466656645121
36307732
747839466656645121
36307732
45565446
392858408
392858408
47974057
593900882
747839466656645121
593900882
593900882
193254967
2850181869
739760096884973568
432396256
432396256
1467108175
823516964
432396256
133798612
47974057
3844259681
477920637
18761782
26837025
26837025
364760634
156390474
58445078
99347701
739760096884973568
739760096884973568
415514769
415514769
140838527
140838527
739760096884973568
776455790240620548
776455790240620548
776455790240620548
96993911
59896145
1971165066
1317357973
1389336728
32051342
52104623
1464466166
1464466166
306761290
390115409
19263240
463016653
2818756895
2818756895
38490899
286422646
709351958
709351958
432396256
432396256
432396256
15295075
15295075
15295075
1207162982
1207162982
1207162982
2424144547
15295075
4568265088
133798612
477122511
14292056
134425466
20140230
20140230
20140230
20140230
913200373
913200373
2770863088
2770863088
369395471
19256979
369395471
19256979
19256979
422746606
19256979
422746606
301988930
836877864
1148709864
1860788178
1860788178
967856234
432396256
112221953
18898111
1126316910
69227108
501816919
1264724545
112221953
19119226
496952496
496952496
496952496
16557956
81844094
1580561065
432396256
432396256
722331824
16557956
3139968015
405863442
432396256
369395471
217159886
369395471
19764533
47459713
47459713
133798612
33033900
17066475
135917823
19119226
135917823
105265572
105265572
17066475
19119226
17066475
17066475
17066475
28957526
17066475
238070339
17066475
17066475
17066475
33033900
105265572
33033900
28957526
18761782
495004140
940236306
215993689
237490098
432396256
112221953
94397645
94397645
515264194
369395471
27845999
27845999
27845999
27845999
59896145
1518809059
16557956
432396256
209022228
209022228
1467108175
2749117682
369395471
274643645
20600380
20600380
24044383
248287592
24044383
80566097
20039505
248287592
25144335
369395471
25144335
94397645
28402298
94397645
369395471
25144335
514591995
25144335
369395471
25144335
420464033
902149578
420464033
902149578
420464033
20969268
420464033
20969268
20969268
420464033
20969268
1705451886
105897061
369395471
19764533
193186935
19764533
49720422
369395471
49720422
49720422
30759351
30257547
101727020
420464033
101727020
101727020
101727020
101727020
495004140
86154361
563235947
86154361
2580682589
44317501
862566018
369395471
45594856
2489138732
16557956
369395471
495004140
2348975609
20301193
369395471
44317501
105265572
426486458
294203489
105265572
105265572
105265572
19145951
19145951
101727020
1218988039
72245600
27716729
27716729
16557956
27317182
27317182
27317182
215993689
57304596
215993689
27716729
188855653
16557956
19119226
873304134
18334306
27716729
47140741
47140741
475172955
369395471
185302516
33348473
46081160
27716729
28092056
1039725918
21426923
23822793
324844301
986502582
1039725918
14997025
986502582
145928789
873304134
21853001
21423985
21853001
21423985
21853001
21423985
21853001
19123323
251274532
14314495
105897061
105897061
105897061
25813743
25813743
25813743
25813743
81578629
986502582
Result_count_tot:756