957358517903613954
1501489677945159683
1258924800006926338
231379559
1469403303385706501
1343500261982089216
1469403303385706501
1343500261982089216
1343500261982089216
66178445
4289412768
1343500261982089216
247488242
1319919082431537152
4789896694
829973198263435264
107360105
18435641
1044130392318636032
18435641
1044130392318636032
543302473
16040065
1343500261982089216
417796510
417796510
16040065
64017065
64017065
233942985
18475198
93486562
3308599215
1338866706010140674
18435641
18475198
417796510
16040065
72228773
1408358790303453189
1071368653298376711
397403735
30670595
55431162
1628668224
314081431
89889132
1288153374161018880
103097873
612972910
1363893673
957909467806519296
1936784208
131969061
919851948882452481
1417553441434619908
2418099208
18897831
1389970216071876609
74677398
1484266315821027336
18461311
1444258615070703617
1361800290182324225
1361800290182324225
1389970216071876609
18461311
37509974
919851948882452481
1361800290182324225
919851948882452481
1389970216071876609
1418607027660673029
3484450397
50303955
584107111
929764442421780485
584107111
1208042953404497921
41595048
584107111
876381924138381313
71053295
304418946
304418946
6706182
103097873
103097873
133798612
3121508429
3121508429
3121508429
103097873
103097873
29731324
3121508429
103097873
960878850623328256
960878850623328256
36124905
960878850623328256
960878850623328256
30421352
510164923
749351215520186369
45565440
510164923
749351215520186369
227472111
1343500261982089216
560965705
1243621045266980866
863073687855149056
471152965
14378181
1343500261982089216
703547894
2746346535
1343500261982089216
759494180599132160
703547894
1343500261982089216
367985666
1343500261982089216
367985666
1343500261982089216
82825318
3399775876
122039883
1417553441434619908
1470015907166662657
2590058264
1443520866457956355
133248413
946038681781047301
2590058264
1443520866457956355
1290914712566337538
2590058264
1443520866457956355
292804949
1343500261982089216
1290914712566337538
64422514
723268851325112320
1348623194
391424852
220689194
19018191
235337590
25516100
1469403303385706501
33459600
1243621045266980866
1241316297784340481
2590058264
1243621045266980866
33459600
2590058264
33459600
2590058264
411319649
139997002
45565440
17606518
103097873
20854389
19334026
1443226724548988931
29716556
163145068
103097873
163145068
103097873
2665499360
960878850623328256
960878850623328256
960878850623328256
1343500261982089216
1343500261982089216
1280033910391439361
19921092
1280033910391439361
19921092
288374984
59065675
1475878259975933961
4008584489
825334635559268352
65619261
1452898344238522370
825334635559268352
781552959402409984
4819722129
1235636288893718531
1343500261982089216
1346751896174927873
1343500261982089216
1346751896174927873
1343500261982089216
390368656
1346751896174927873
2665499360
1241032817527619584
1343500261982089216
1343500261982089216
1343500261982089216
2526680580
54972400
103097873
2526680580
1298737602850435076
1241032817527619584
1241032817527619584
1314484336998191105
19334026
1346751896174927873
1346751896174927873
1343500261982089216
497972401
825334635559268352
1346751896174927873
1343500261982089216
1346751896174927873
802509802173825024
1343500261982089216
1346751896174927873
1343500261982089216
1346751896174927873
1343500261982089216
1346751896174927873
1343500261982089216
798127047222628352
1346751896174927873
1343500261982089216
1346751896174927873
1346751896174927873
1343500261982089216
975023682576879616
975023682576879616
30097577
1419254317899558915
960878850623328256
233665155
2815450829
72798875
233665155
2727209505
960878850623328256
2168214089
21689226
957909467806519296
1343500261982089216
103097873
19334026
103097873
2923520194
72228773
957909467806519296
1343500261982089216
2923520194
72228773
2923520194
1343500261982089216
72228773
56199360
957909467806519296
103097873
30670595
1443226724548988931
13665432
284025416
36042839
2514283610
1352802141841326080
469801917
463292755
20675943
1252282656395575297
1318594519538032649
1162004933819928577
24044383
1918294183
1343500261982089216
1280268346580258816
14246923
1343500261982089216
14246923
1343500261982089216
1343500261982089216
1343500261982089216
1343500261982089216
1343500261982089216
571656776
830532037
64366720
47889584
233665155
478618609
571656776
1217504156509986817
1219343303130468352
25663580
2164976883
25669359
248260003
44852484
478618609
946372453735034880
2469855101
273333721
49907982
82825318
1095016101233262592
74539103
1073486504834592768
38033026
67851742
980438892607365121
1435262418
74677398
267204162
1296812504807608325
478618609
1343500261982089216
1409919653263073280
1390765649102790659
31087581
1343500261982089216
77807937
1390765649102790659
3198010973
19018191
1343500261982089216
1343500261982089216
77807937
1267824923151458306
1213675987793137670
3399775876
1343500261982089216
245368400
1098188766177562624
1273966125160828928
224248943
1390765649102790659
469164227
1267824923151458306
742548835
109293948
522268751
522268751
1705451886
2718334706
522268751
522268751
1705451886
2718334706
86999632
42385102
1095016101233262592
874017198
734478434
82825318
82825318
478618609
2250607685
41624460
1023053633645109253
1023053633645109253
1390765649102790659
992118645768835074
3336480731
34571000
3061300019
2418099208
2736841363
1682952697
478618609
1343500261982089216
1682952697
478618609
1343500261982089216
27714681
1343500261982089216
1185270297043329024
1628668224
1343500261982089216
1628668224
1343500261982089216
1628668224
765456692
1343500261982089216
1705451886
1239238620613087233
1705451886
1239238620613087233
1705451886
1239238620613087233
18461311
1202275426258829318
4798966816
1239238620613087233
4798966816
4798966816
1239238620613087233
1239238620613087233
373403003
1705451886
1705451886
18461311
1705451886
1705451886
18461311
1099289667965517825
1705451886
1415150393458315267
734478434
57592947
2746346535
1069886763064221697
18435641
2469855101
453967146
1628668224
998279840380932097
20773574
340400074
14283846
1422889052
82825318
37976578
169662017
13665432
387265190
62781213
62781213
290417910
2184672865
14310788
82825318
1069886763064221697
2364874091
1343500261982089216
16575626
1343500261982089216
16575626
1343500261982089216
16575626
1343500261982089216
977552661980512256
1343500261982089216
1338866706010140674
1241032817527619584
77807937
497972401
1338866706010140674
77807937
1343500261982089216
1343500261982089216
1343500261982089216
186118929
497972401
117064710
16575626
1338866706010140674
1343500261982089216
19334026
1271692193238061056
17249499
70635170
69835350
469164227
779122115354255361
612972910
1273966125160828928
1273966125160828928
333961279
753995536647139329
308417103
1249712269778251776
1249712269778251776
1249712269778251776
1249712269778251776
227472111
1194628521693368321
48408616
1343500261982089216
588796126
308957931
1194628521693368321
1405145838884585474
567936485
588796126
41566304
1127478952132476930
1383179013015932933
85673350
85673350
19334026
25669359
945674562406113280
1338866706010140674
332746072
1241032817527619584
724323373078200320
2418099208
2418099208
1144902691660976128
1144902691660976128
117064710
945674562406113280
945674562406113280
945674562406113280
23292310
3479145616
1192930625155686400
226550634
226550634
226550634
1152441702
175187994
303031767
872843838431399936
1152441702
1403741678956077059
1387354165970669570
24910192
1338866706010140674
18006431
65619261
1276320722269491200
2316068885
1349854495593918465
1349854495593918465
1349854495593918465
19334026
1435885467447169024
976904551809847301
976922158197891074
1343500261982089216
1628668224
1276320722269491200
1235636288893718531
2418099208
2418099208
365656064
365656064
340486628
1327643493133643776
1103750268255170560
1287058573391007749
1149288648388612097
1426924506606620679
33874083
33659846
1160450316103487488
1160450316103487488
1160450316103487488
1160450316103487488
1160450316103487488
1160450316103487488
1160450316103487488
1160450316103487488
1160450316103487488
1160450316103487488
1149288648388612097
19201740
1149288648388612097
231379559
1235636288893718531
243577120
872843838431399936
1241032817527619584
33874083
1149288648388612097
1149288648388612097
1192930625155686400
241024133
1254526599107616770
303031767
506317379
115513510
2418099208
2418099208
1011145461556793345
1422853141419147266
2418099208
1628668224
1628668224
1239517116056965120
1628668224
1422853141419147266
1239517116056965120
1239517116056965120
48794268
1628668224
1239517116056965120
898661918960963585
1239517116056965120
1628668224
1239517116056965120
3315214959
880511699207553027
1011145461556793345
33874083
1415150393458315267
1239517116056965120
4789896694
2290093841
54972400
59065675
19334026
14310788
1628668224
2418099208
1422853141419147266
95097499
2418099208
2418099208
2418099208
1422853141419147266
1422853141419147266
2418099208
1422853141419147266
14276943
506317379
506317379
1192930625155686400
4008584489
1241032817527619584
497972401
2418099208
1422853141419147266
342890658
951090751198330881
2418099208
1422853141419147266
1338866706010140674
2418099208
2418099208
951090751198330881
1422853141419147266
16144050
1109862542560632838
2418099208
1288545693053976577
1216709986237272065
1412853249426722818
33659846
18006431
816993776
18006431
955474624917188608
816993776
1343500261982089216
1314183164387094529
44681992
599992400
1317076469127041024
1288545693053976577
2176218917
14901754
1343500261982089216
1343500261982089216
886895505527238656
1328301484488814593
3307642825
41624460
1263389602947010560
62781213
62781213
956889236552105984
1347216041437327360
844102473862340611
227472111
192020138
192020138
1263389602947010560
1047108711825719296
335336487
222217244
1405145838884585474
168448766
1352758632199327745
712634931982151680
1263389602947010560
1263389602947010560
1263389602947010560
1263389602947010560
712634931982151680
1263389602947010560
712634931982151680
1263389602947010560
1263389602947010560
1263389602947010560
1263389602947010560
216645217
216645217
1263389602947010560
216645217
1263389602947010560
216645217
216645217
1263389602947010560
1263389602947010560
1263389602947010560
1263389602947010560
216645217
1639600981
216645217
1122300265917501440
3007847221
1123248342333575169
92309464
513261483
101250139
735732799437570049
1324746358859943940
1375466188050939908
1324798686191341568
2718845911
1384338184583016449
1263389602947010560
2718845911
1263389602947010560
1263389602947010560
122282050
798033209841696768
2784246068
2846274426
335336487
335336487
956523780335022080
304418946
759079405
978372152
1259357574
230463032
14464324
840722730580303872
2904695822
1682952697
1682952697
1247500315110211584
830349115477344256
1136546612459769856
18360213
4662333690
1413092695954755584
333961279
335215049
1157068952
2293385080
1366707137284476930
19475282
1494667158
2895122507
216645217
722721662215593984
20701231
1435262418
1122300265917501440
173387151
222217244
820733274423103489
793086207026663424
1120949730656153601
227472111
1168196258
1252836758061895684
1339443901279608832
213423172
213423172
1250048900809007109
3177558877
1398564119054151685
2260398949
276819130
92309464
92309464
1371063428085874693
13009252
1226130956777476096
1327555840853897216
700711778661961728
114147390
1654985454
1260885073600995328
1260885073600995328
1273253272858562561
1187938074665213952
1296127879307243520
1406067851606245377
1363144602601988100
1057495344265748480
1260885073600995328
112788515
238476254
1260885073600995328
1269147717353082880
1303971031
1263519824
1356228620
62522258
1191483958422315009
1260166820444672001
1416950213043015685
2861934752
276564736
730404221237923840
2591162078
1221294549286281216
1331628915434000384
914720730
897338931267608576
1437848579624902658
89831870
779122115354255361
3186517446
468252673
514197548
588796126
1331628915434000384
1954853119
251958790
1954853119
47302140
153646839
1139781521332563968
212830274
1305174493334306816
1951067186
2861934752
1352990891116548096
26684663
177534937
1393756135
1969196172
2861934752
1434108845073313792
Result_count_tot:840