37905264
373272300
393448735
373272300
1266501616473190403
1499018437468856320
2481844412
1378012544112205825
2481844412
1016079802309242881
1090700918574714881
40025776
1181108894409601024
1314484336998191105
317101757
998101298980499456
998101298980499456
998101298980499456
34013960
373272300
373272300
373272300
373272300
373272300
26722760
3558673336
719414400
81065778
273118166
333903537
1145561199410417664
478553827
1314484336998191105
1314484336998191105
1362400037460979713
1314484336998191105
1243854905669857287
1294248670993547264
214809052
3558673336
3558673336
3558673336
3558673336
3558673336
1332741892392579074
3558673336
3558673336
136600742
247297988
281589495
576587453
576587453
373272300
31383680
31383680
398616191
31383680
31383680
373272300
63132666
517328759
791538236
791538236
517328759
558096813
1133781622485135361
41579993
24418500
307133237
109293948
2391406278
195073490
41579993
17778782
1630619161
196115443
196115443
1430848770179227652
373272300
47974057
2401898365
1409505278815571972
486386146
373272300
373272300
373272300
99347701
99347701
373272300
38160429
373272300
373272300
18443986
47974057
1196549788029853698
27204427
47974057
55487753
755698547199180800
76568837
76568837
1413358648089141249
2925842572
19334026
393448735
1409505278815571972
373272300
489459500
873076851576512512
873076851576512512
873076851576512512
745524354411159552
873076851576512512
873076851576512512
30941476
873076851576512512
873076851576512512
873076851576512512
873076851576512512
755698547199180800
755698547199180800
755698547199180800
1332741892392579074
1148709864
1343500261982089216
373272300
1343500261982089216
373272300
1217716541807947776
3432631919
30739418
43071761
1195765214
1195765214
1358826665032486918
39480304
1358826665032486918
274899271
37509974
19018191
74677398
19018191
388406631
39480304
1252344496819404800
864302522
151932372
373272300
37905264
373272300
1130500364
518951670
1232742531621892096
47974057
1305816338267549696
136184787
46101484
373272300
46101484
373272300
46101484
373272300
373272300
46101484
373272300
46101484
373272300
1333168693715537939
17509243
429313316
138551045
17509243
429313316
21905404
758748714659786752
758748714659786752
30759351
31383680
758748714659786752
30759351
758748714659786752
30759351
758748714659786752
333903537
269948336
771781867431493632
269940283
1172869273
30759351
2308216804
708940214534803456
333903537
86290053
269318103
553671921
2733434291
708940214534803456
2825747327
333903537
2313448980
1148709864
50964126
920705575943639048
4758150675
32952689
235348513
4758150675
205111571
373272300
1300050977303732226
14420761
20868447
1130500364
1130500364
1130500364
38392006
39480304
14112681
2590058264
2590058264
2590058264
1143974095
1143974095
2385410748
2590058264
1143974095
2590058264
37509974
2590058264
37509974
763141465614802948
2590058264
98576755
2590058264
2414075550
373272300
16645288
384518775
1159440877712019456
3290313046
1072055971025948672
1641482785
587477223
2172344193
373272300
2680003189
1130500364
2414075550
28090915
28090915
2414075550
373272300
2474295996
968519761129766912
2474295996
968519761129766912
2474295996
968519761129766912
2584223720
2584223720
25336045
2474295996
968519761129766912
2474295996
968519761129766912
2474295996
2584223720
968519761129766912
2474295996
2584223720
2474295996
2474295996
2584223720
2584223720
2584223720
968519761129766912
968519761129766912
968519761129766912
2584223720
2474295996
968519761129766912
2584223720
2474295996
968519761129766912
968519761129766912
914477675644964864
2584223720
968519761129766912
25336045
1242834702630883329
373272300
227241501
1130500364
22475991
22475991
397169704
992162588233527296
1231820270
48974071
397169704
373272300
2414075550
2874398938
1876386188
765456692
2925842572
745524354411159552
745524354411159552
1067671856021426176
319228928
745524354411159552
388148354
388148354
388148354
30189768
388148354
388148354
346159597
875523463414517761
875523463414517761
346159597
346159597
875523463414517761
346159597
875523463414517761
346159597
875523463414517761
875523463414517761
875523463414517761
346159597
346159597
862919047335129088
518951670
346159597
732397975
732397975
732397975
53032573
732397975
53032573
732397975
2178372575
1103367884401709056
863073687855149056
295361148
56199360
1139230201953603584
1885944998
65924567
545394515
2178372575
81381193
236162205
31662242
1133729711681605632
1133729711681605632
1426289635
14694707
992094532442513408
28115335
14948544
23480387
82325555
1116625625383493632
463128615
19762987
265581656
40873211
387118980
18443986
3245837851
169437521
56199360
247147956
132506602
169437521
247147956
169437521
4245111467
324871244
722984730845581314
247147956
247147956
40873211
722984730845581314
722984730845581314
722984730845581314
247147956
247147956
4604277376
247147956
4272784452
40873211
247147956
3274770973
838248738
703227825231253504
489479693
40873211
18443986
3129875193
247147956
3274770973
899958677179949056
295361148
56199360
993417457
21185232
17688436
827989402441936896
827989402441936896
502930299
217530764
217530764
17688436
16032272
502930299
217530764
217530764
218624038
217530764
26837025
4894248365
765456692
31662242
35019895
328957675
210908415
3274770973
1004872985612771328
3330565635
761596867625058304
1293936805
624011689
21689226
21689226
971018260979298310
971018260979298310
24746466
971018260979298310
1362331039
522268751
522268751
37416154
67851742
934803146
934803146
66664753
934803146
66664753
934803146
1464466166
934803146
66664753
934803146
570744394
2825747327
38451208
934803146
38451208
38451208
784507090551406592
136923834
38451208
38451208
38451208
66664753
38451208
103833985
66664753
38451208
31189481
66664753
34696385
103833985
1130500364
370111485
81603794
40873211
67851742
90855234
1130500364
56199360
356680482
3294171827
14413906
56199360
22471399
56199360
1130500364
1130500364
878524436
37416154
97476513
734478434
388815555
570744394
30873513
45531571
986439680
1037031822
910120488902545408
844268114393153537
844268114393153537
13665432
39965455
844268114393153537
19140661
844268114393153537
19140661
844268114393153537
19140661
26782987
844268114393153537
273594119
39965455
56199360
563235947
782568281823600642
754744225619644416
2741907000
4878621767
4878621767
319228928
4878621767
24533432
453049714
2797549936
865859056103301120
20667905
52141659
80002254
869606803
67851742
869606803
67851742
2483931236
1037031822
27716729
23937836
23937836
19018191
23937836
23937836
19018191
23937836
1037031822
1037031822
1037031822
19018191
1037031822
426750416
23937836
23937836
1037031822
426750416
1037031822
14420387
23937836
1037031822
1037031822
3321928163
3138864606
529270196
484173639
263036648
954411663167549440
4331285357
56199360
319228928
1037031822
56199360
47656908
142645436
365604680
365604680
95238065
40873211
3004499664
3004499664
99256715
99256715
99256715
66460291
95238065
3175750240
56199360
56199360
56199360
4012264515
15338256
421034534
766888475241119744
858012764870148096
371272903
57039876
48302295
1009597094
40873211
20608658
312517209
759020151366791168
68170267
24046713
2812762495
2812762495
2812762495
2812762495
2812762495
79163086
488379631
488379631
339055436
339055436
223812019
14368179
1410912168
1410912168
125005037
125005037
339055436
121573949
16362310
419197802
739869514490216448
93925798
352230918
26076279
442023815
26076279
307306463
23838973
347597267
23838973
347597267
23838973
347597267
3435502263
521674303
521674303
2724064846
706972014
192695045
706972014
87510222
3433099685
40340179
3082854989
482755379
152711371
61250638
184722739
61250638
184722739
61250638
208282174
237490098
269940283
307306463
1152104034
40873211
19297030
133798612
873304134
133798612
999590419
737075138
21695947
737075138
21695947
737075138
816993776
216643962
193207281
193207281
193207281
193207281
19762987
19762987
19762987
19762987
45004633
63145400
63145400
19762987
19762987
63145400
19762987
873125240
155177727
31749659
31749659
44104336
38920558
38920558
48302295
237835698
461572374
20667905
421125838
14617551
421125838
25289729
17527559
17527559
479115980
461572374
461572374
20667905
28072689
66664753
28072689
20667905
14894302
28072689
461572374
64366720
873304134
64366720
461572374
19090188
419197802
34231784
764884
764884
924251534
22604909
133798612
30287258
30287258
25803631
1923047580
1347621906
23250443
34231784
248436358
22172506
288703550
22172506
37416154
44959207
37416154
35209835
288703550
71029886
293113971
22172506
18760790
34922204
1445144653
267403905
55203329
14131410
818053116
1673125279
33609198
1195765214
1890601417
1673125279
20707143
1673125279
743060426
1119778028
34231784
94210419
Result_count_tot:765