1352086882943979522
944602050
1570799510
1371560561301983239
1371560561301983239
1352086882943979522
1308366632369217536
306190956
452190348
827604968475607042
1371560561301983239
825334635559268352
452190348
1352086882943979522
1352086882943979522
20140230
452190348
1352086882943979522
1352086882943979522
452190348
452190348
944602050
306190956
1540456093
306190956
1352086882943979522
1352086882943979522
1352086882943979522
1352086882943979522
1352086882943979522
1120038111738777600
1269386606072430593
1352086882943979522
1371560561301983239
944602050
1352086882943979522
1352086882943979522
1352086882943979522
76683602
452190348
452190348
452190348
452190348
3402907761
2572733922
452190348
1352086882943979522
365976605
1352086882943979522
1352086882943979522
452190348
1025716209688432641
1932287588
216812963
1352086882943979522
1352086882943979522
1352086882943979522
306190956
1345746620328124417
906524430444134402
1932287588
1737141056
306190956
1269386606072430593
1269386606072430593
1308366632369217536
1269386606072430593
2248451011
4836064754
1269386606072430593
1352086882943979522
546364353
516315443
306190956
1352086882943979522
1352086882943979522
1352086882943979522
1246798707179356161
452190348
1352086882943979522
1157993916
58511405
1352086882943979522
1352086882943979522
1352086882943979522
1185270297043329024
1185270297043329024
1185270297043329024
1269386606072430593
1269386606072430593
395859253
944602050
944602050
395859253
31404274
39217768
575398242
986930424474632192
25687704
25687704
490487014
14741289
944602050
102397303
575398242
1352086882943979522
986930424474632192
4088630932
1469403303385706501
1138665927296389122
1138665927296389122
944602050
1352086882943979522
1352086882943979522
546364353
452190348
1269386606072430593
546364353
452190348
452190348
452190348
546364353
546364353
452190348
485041702
452190348
3386298503
944602050
1352086882943979522
3386298503
1352086882943979522
23934018
1453024098
1536856958
1453056280617275394
1352086882943979522
1352086882943979522
306190956
133798612
986930424474632192
82670042
1313107308545740800
1352086882943979522
802509802173825024
74539103
948180824003883008
1177243618760937472
233665155
944602050
72256129
1109862542560632838
3386298503
555743404
485041702
4186057696
19285789
4186057696
1154797040834162689
1215926666578612230
20366788
986930424474632192
944602050
1338866706010140674
1416517291
615476387
1352086882943979522
1352086882943979522
998476071292035072
1352086882943979522
1352086882943979522
485041702
968955060
1352086882943979522
1352086882943979522
237260418
214809052
3173722822
3246079155
1352086882943979522
1025716209688432641
2596016185
1269386606072430593
998476071292035072
1348568997881643009
1386656857801076737
1386656857801076737
1343500261982089216
2771607179
133798612
1352086882943979522
406892131
273837244
133798612
471152965
1469019865138839559
1025716209688432641
56328067
3386298503
1155396785587871744
111060431
825334635559268352
998476071292035072
1545946591
59065675
1545946591
1379441828534091780
1352086882943979522
1352086882943979522
16144050
230649466
1408358790303453189
825334635559268352
1408358790303453189
15872682
825334635559268352
1408358790303453189
825334635559268352
3178221399
880511699207553027
1185270297043329024
3386298503
1343500261982089216
133798612
998476071292035072
406892131
998476071292035072
38653232
70350949
1352086882943979522
306190956
2343160317
16871229
1452770780035624960
493456530
1452770780035624960
493456530
2850181869
103097873
1370413813439287301
2343160317
62524886
159158744
159158744
168624772
1343500261982089216
485041702
485041702
168624772
485041702
1316809534401384455
1016326604987957248
168624772
485041702
2560618001
1016326604987957248
485041702
168624772
394836017
485041702
34034031
485041702
1371560561301983239
983400180
1389351300
998476071292035072
4048152814
998476071292035072
998476071292035072
1352086882943979522
1352086882943979522
2418099208
1172399784876900352
485041702
1452770780035624960
1389351300
899483166
3386298503
1371560561301983239
1371560561301983239
3386298503
306190956
1025716209688432641
1025716209688432641
1352086882943979522
1352086882943979522
998476071292035072
998476071292035072
485041702
998476071292035072
3386298503
188256896
998476071292035072
1352086882943979522
3386298503
24153920
1352086882943979522
1352086882943979522
1139577989564440576
36124905
1138506578246721536
998476071292035072
237260418
998476071292035072
119829540
3386298503
28087473
560965705
3386298503
34582623
1269386606072430593
3386298503
3386298503
3386298503
1352086882943979522
35186651
1386394427040706560
3386298503
1371560561301983239
35186651
998476071292035072
1371560561301983239
998476071292035072
24943512
3386298503
1352086882943979522
1352086882943979522
1352086882943979522
1371560561301983239
306190956
306190956
31085474
13665432
4048152814
1352086882943979522
1352086882943979522
95231913
33099288
2317558679
33099288
33099288
30241775
2317558679
912596187445911553
912596187445911553
912596187445911553
35186651
35186651
1376421620
18600689
944602050
1105202398581178370
912596187445911553
912596187445911553
912596187445911553
3246619433
1105202398581178370
1129039813
3386298503
306190956
899664811
3386298503
34585876
1875247142
34585876
1138506578246721536
421524772
1153749233410936832
1138506578246721536
3386298503
82670042
3386298503
390687348
2418099208
946038681781047301
485041702
878524436
608828776
485041702
401253347
1343500261982089216
485041702
983400180
390729225
998476071292035072
38496097
1352086882943979522
998476071292035072
998476071292035072
1371560561301983239
74249366
998476071292035072
1352086882943979522
1352086882943979522
3386298503
1371560561301983239
47979303
1352086882943979522
1365355153440739330
56328067
59083291
306190956
1371560561301983239
3386298503
998476071292035072
1371560561301983239
1215926666578612230
1215926666578612230
256562308
306190956
1138506578246721536
1352086882943979522
1352086882943979522
944602050
1371560561301983239
3386298503
189492004
3386298503
35186651
998476071292035072
1940475312
998476071292035072
944602050
998476071292035072
1371560561301983239
1371560561301983239
469780703
1518809059
1088523660477063169
1395536559810744320
1206956004950388742
1206956004950388742
471152965
4798966816
4798966816
4798966816
955474624917188608
20611702
471152965
998476071292035072
998476071292035072
1215926666578612230
1172399784876900352
334314347
708568928
1455760921662349324
708568928
998476071292035072
708568928
110274695
35186651
708568928
1172399784876900352
3198010973
708568928
485041702
708568928
708568928
1352086882943979522
189492004
469780703
402655240
2560618001
944602050
3198010973
818127906
35186651
1110667010835308544
306190956
1238154611309101057
306190956
20140230
1371560561301983239
944602050
2771607179
986930424474632192
15033759
15033759
15033759
15033759
15033759
15033759
1940475312
3782277197
35186651
1352086882943979522
497972401
35186651
998476071292035072
3386298503
3386298503
3386298503
91360711
211808263
163425145
1496305862
1268113275868381185
571656776
1343500261982089216
1268113275868381185
944602050
32535843
1138506578246721536
1138506578246721536
944602050
19851362
489479693
19851362
489479693
19851362
489479693
4559733737
998476071292035072
1324452698
944602050
1441132444938166285
1224489695154974722
701663928
1275446147700518916
1205100582
701663928
28361527
701663928
701663928
28361527
27609853
701663928
351655589
28361527
28361527
1205100582
1105202398581178370
701663928
28361527
701663928
505029403
28361527
1352086882943979522
287133224
2746896348
68222671
111405408
3294171827
505029403
28361527
81824632
1348568997881643009
998476071292035072
1352086882943979522
105426180
1348568997881643009
944602050
90857849
90857849
1371560561301983239
781212088228249600
35186651
35186651
20140230
95619898
986930424474632192
211808263
306190956
1371560561301983239
944602050
944602050
1139577989564440576
1352086882943979522
1138506578246721536
995264373068320768
485041702
35186651
44896803
44896803
44896803
44896803
44896803
44896803
44896803
44896803
44896803
2895119345
802944686
546364353
64385966
1139577989564440576
373272300
37905264
373272300
37905264
373272300
37905264
373272300
37905264
373272300
37905264
373272300
37905264
373272300
37905264
373272300
28090915
372735335
1274364629817462786
304331315
1025716209688432641
3386298503
1352086882943979522
471152965
1025716209688432641
1125414934131687425
9030872
34231784
38496097
365635604
82670042
70350949
2718334706
271094740
34231784
527843758
855001376
74128420
796822792037629952
2984619629
4048152814
148686363
148686363
332373271
67565293
998476071292035072
1450893258
56328067
1358826665032486918
177911444
74128420
560965705
234517620
18475198
21689226
1352086882943979522
1352086882943979522
1298737602850435076
1198189740
1352086882943979522
28090915
944602050
1371560561301983239
944602050
3307400015
2718334706
28090915
986930424474632192
957539562062073856
944602050
35186651
546364353
546364353
1352086882943979522
1450680715
485041702
2855541052
955474624917188608
802944686
452190348
546364353
546364353
772116428
35186651
986930424474632192
1450680715
3030558041
3403299357
986930424474632192
1518809059
727132179084488704
485041702
1322275657536229376
1343500261982089216
485041702
485041702
1343500261982089216
485041702
1109862542560632838
1343500261982089216
485041702
921659648
921659648
4048152814
546364353
3456994157
720589683093303296
306190956
111060431
720589683093303296
4048152814
1269386606072430593
9550672
471152965
471152965
951090751198330881
998476071292035072
373272300
28090915
238109168
28090915
998476071292035072
1324452698
1330109718384271360
1330109718384271360
546364353
1070815303779713029
3386298503
998476071292035072
546364353
82670042
1269386606072430593
56328067
1129039813
57592947
546364353
31397933
28361527
485041702
986930424474632192
471152965
546364353
471152965
373272300
1352086882943979522
28090915
986930424474632192
42189876
471152965
986930424474632192
234132789
485041702
16362310
30097577
485041702
471152965
1330109718384271360
546364353
998476071292035072
1518809059
998476071292035072
998476071292035072
864302522
1241032817527619584
1241032817527619584
1338866706010140674
3386298503
802944686
995264373068320768
908669832
48794268
390729225
1426924506606620679
546364353
28090915
864302522
485041702
65619261
1383179013015932933
1241032817527619584
19334026
65619261
28090915
998476071292035072
1518809059
3198010973
2537978100
337332303
3198010973
1352086882943979522
1518809059
591044078
546364353
1450680715
452190348
452190348
998476071292035072
1518809059
485041702
599615580
1131257228902772736
1352086882943979522
1386656857801076737
1386656857801076737
1386656857801076737
1386656857801076737
1386656857801076737
1386656857801076737
1386656857801076737
1386656857801076737
1386656857801076737
1386656857801076737
1386656857801076737
1386656857801076737
1386656857801076737
1386656857801076737
1386656857801076737
1386656857801076737
1386656857801076737
1386656857801076737
1386656857801076737
1386656857801076737
1386656857801076737
1386656857801076737
1386656857801076737
1386656857801076737
1386656857801076737
1386656857801076737
1386656857801076737
1386656857801076737
1386656857801076737
1386656857801076737
1386656857801076737
1386656857801076737
1386656857801076737
1386656857801076737
1386656857801076737
1386656857801076737
1386656857801076737
1386656857801076737
1386656857801076737
469585545
Result_count_tot:826