234132789
29942355
53890307
33452403
34972320
2415534528
289476444
86290053
33638120
14385015
386588573
57592947
57592947
14385015
386588573
411444613
900807045015908352
4264617023
471081097
1934485416
863073687855149056
2754777701
863073687855149056
72578677
1934485416
863073687855149056
102390704
1390303918362566667
57064417
2826065163
23292310
993417457
31097949
3129875193
3065766623
1903996194
571525565
571525565
22011813
29284952
29284952
29284952
29284952
29284952
29284952
14510255
325136526
411791624
338369157
26714725
45342108
29284952
29284952
321486794
321486794
14287712
141709158
28957526
28957526
191165723
37665779
490545410
490545410
490545410
490545410
32485773
159845559
159845559
14510255
14444643
205426477
159845559
157295717
29284952
29284952
18475198
18475198
56160258
23937836
29284952
56160258
29284952
29284952
29284952
29284952
56160258
23937836
56160258
23937836
56160258
23937836
56160258
23937836
56160258
56160258
23937836
56160258
56160258
56160258
56160258
199665432
191165723
23115403
25999435
321486794
321486794
321486794
24746466
24746466
321486794
321486794
321486794
24746466
24746466
24746466
321486794
141709158
321486794
321486794
242861232
356398393
191165723
23785168
356398393
24746466
321486794
159845559
159845559
140344329
140344329
14310995
33562987
216992344
25416669
509374404
509374404
509374404
409367244
47974057
18475198
18475198
25999435
25999435
29284952
216992344
42136556
33562987
159845559
33562987
33236436
204525639
191165723
17068451
259924515
204525639
259924515
204525639
28178236
11799452
509374404
45342108
45342108
45342108
45342108
45342108
321486794
321486794
236108456
321486794
24119198
26228369
321486794
321486794
321486794
321486794
321486794
321486794
20974015
45342108
28957526
28957526
321486794
418896557
321486794
321486794
40829810
26714725
23935475
26714725
23935475
216992344
216992344
216992344
98569673
26714725
26714725
41090452
61562843
41785808
21255585
33236436
136029854
30201647
22172506
26214264
Result_count_tot:205