41579993
20667905
47361819
1172436549318791168
1362816919645147139
1338522338
14542929
338557070
174762419
338557070
34656014
56676419
2185124157
86439347
1004650904774172672
135915754
880353378781581312
343209718
377551958
1299127209236541440
959158733900218368
1543506013
1543506013
408328669
29659136
34034031
38033026
1315532028
745389384
20611702
38033026
20611702
29659136
24153920
56676419
3180841282
31976183
3180841282
20672548
1294248670993547264
333903537
333903537
18897215
2863714984
2863714984
2863714984
2863714984
277496292
103280252
378433833
103280252
1464668358
64385966
56676419
1312013733477208064
87666695
352306584
352306584
47974057
429487514
56044169
24418670
1275728498133524485
249304196
344347135
20667905
418200427
1239417498
576943715
20667905
1003674667578806274
138356914
20667905
1383058278255632384
454057836
418200427
423343032
1362544471
1312013733477208064
1312013733477208064
56676419
17898461
1470607100
1312013733477208064
1295048964669149185
1312013733477208064
31976183
236114408
2417351493
763141465614802948
1021677364051431425
31976183
940191986346266624
540160994
940191986346266624
2790094654
33667980
217530764
217530764
217530764
33667980
217530764
2664588350
217530764
64385966
24746466
137645763
552136884
552136884
1319919082431537152
31543356
1319919082431537152
746002093
217530764
217530764
217530764
169632190
28875240
2925842572
34591477
1228690825447714816
31543356
31543356
1319919082431537152
1319919082431537152
31543356
1185270297043329024
33280105
1319919082431537152
28875240
22767441
31543356
1676606604
358394494
26885200
959074220289425408
103280252
72228773
469780703
1541727288
1541727288
1541727288
1712566386
67999151
163892217
163892217
23925022
47134635
274643645
1226610320191492097
1037031822
1037031822
29251764
133201357
43606943
20672548
1226610320191492097
1226610320191492097
4845326044
24418670
1226610320191492097
17898461
26451758
29659136
29659136
29659136
29659136
29659136
29659136
29659136
29659136
29659136
29659136
20672548
192273401
29659136
29659136
29659136
30222074
29659136
192273401
30222074
29659136
192273401
29659136
29659136
192273401
29659136
29659136
192273401
29659136
192273401
29659136
30222074
192273401
29659136
42042554
42042554
29659136
45565446
42042554
355348269
333903537
45565446
29659136
333903537
333903537
1226610320191492097
1042879934
1226610320191492097
1266707481348190209
1096055512955793408
1226610320191492097
1226610320191492097
1226610320191492097
1226610320191492097
232812117
1226610320191492097
1226610320191492097
1226610320191492097
1226610320191492097
232812117
1197710401175261184
929299567828496384
232812117
232812117
31976183
2818756895
365635604
2415957962
896286257453686784
2415957962
896286257453686784
2415957962
871701848444555264
2883782007
167040021
31976183
1021003075807531008
27494446
27494446
31976183
26885200
31976183
306426609
32535843
1125479276336308225
20238626
333903537
43873935
901921784177586176
18475198
43873935
18475198
43873935
18475198
43873935
43873935
901921784177586176
18475198
101727020
3369648803
496952496
111060431
133683225
27314433
2704901576
56676419
961135976
14285140
198625434
56676419
266604616
174762419
245380072
847234362
20385093
914091880010403840
2383479560
28334899
30110233
28304157
47134635
1225199370
34294019
99347701
18002106
761596867625058304
1037031822
923166682830557184
37788958
232964109
356740432
47134635
47134635
18897215
387118980
1159597940
795929759200976896
990200006157185024
595444214
224996231
757497998
467446719
712645860
3230796695
848152513027166208
2896604975
1887331411
2982609633
20667905
428854213
428854213
101727020
3058510913
423343032
428209160
3433381282
605593658
34013960
30941476
34013960
25144335
23798120
294073504
606448747
294073504
30183766
34013960
606448747
294073504
2989662887
2986407094
43674570
524665153
30247200
2412604330
32535843
21393770
47437359
47437359
217530764
217530764
30941476
29273536
2230683635
170023589
911638759803904000
159158744
294073504
851820782
60673302
236955333
236955333
236955333
550442544
42045125
26710373
113593247
2849941060
32357319
29273536
17898461
28114870
198625434
290034008
19388863
18002106
18002106
18264009
18264009
316563842
1615824530
31543356
69806167
69806167
69806167
69806167
359532790
16718406
24153920
356740432
290034008
16718406
236162205
301355849
227660031
2386708014
47134635
759614796912263168
2413425671
847234362
847234362
749850007
47134635
47134635
42045125
47134635
42045125
47134635
42045125
47134635
47134635
47134635
895354873
214829116
214829116
2485125878
883129802
44327211
18897215
317308900
132506283
2374405872
44207761
191066432
47134635
191066432
47134635
2529198014
76292859
3170671821
44207761
192273401
29679005
216666956
216666956
454097455
17691347
400864184
127268367
148301172
44207761
18002106
18002106
18264009
492091238
2884613213
2884613213
2884613213
541522566
369442305
541522566
421242809
541522566
44207761
2546282090
142173714
43062590
32873744
66694153
256625759
373821791
369442305
191066432
369442305
369442305
127268367
369442305
369442305
127268367
369442305
36039059
191066432
224352840
66694153
33175300
847234362
224352840
847234362
224352840
221674336
31087581
256625759
541522566
369442305
541522566
369442305
369442305
541522566
78587299
78587299
24119198
357735630
618965660
618965660
618965660
400864184
18897215
50303955
18897215
387325278
387325278
387325278
148301172
306383187
78587299
306383187
306383187
387325278
14419874
387325278
19236875
394298916
355643629
481096876
454026189
541522566
189534312
64004084
541522566
36053436
541522566
36053436
400864184
44207761
390115172
1070829493
541522566
387325278
21393770
371502562
192273401
371502562
24214229
24214229
24214229
24214229
1329794334
1329794334
114550561
24214229
440356584
377578254
1090345610
411667034
411667034
411667034
1329794334
1329794334
1329794334
355643629
1073140170
387325278
389973334
389973334
389973334
38822086
30437855
478553827
67668487
67668487
361397797
411667034
42508097
64004084
1039725918
189534312
189534312
471084733
41634334
47134635
396834441
390115172
477145943
477145943
387325278
249115175
361397797
127268367
22895438
39490510
47134635
249115175
847234362
847234362
471084733
471084733
249115175
249115175
827402958
483894276
483894276
483894276
483894276
483894276
483894276
483923486
16432083
1204766168
221674336
39490510
485686519
39490510
221674336
19388863
423343032
18897215
423343032
18897215
56783320
51103171
56783320
478553827
423343032
423343032
221674336
380951897
64198695
26501903
26501903
219593416
290034008
219593416
219593416
219593416
64773558
390115172
64773558
64773558
224352840
33175300
189534312
224352840
140993447
827402958
93898199
236162205
236162205
827402958
509374404
189534312
509374404
509374404
18897215
1090345610
221674336
221674336
33236436
847234362
387325278
168781455
189534312
47134635
64004084
477643223
477643223
477643223
66694153
78587299
78587299
78587299
477145943
477145943
413907282
413907282
827402958
847234362
355643629
316563842
140993447
191165723
770989208
847234362
536666491
31543356
252602823
827402958
371502562
477145943
387325278
217530764
387325278
371502562
471084733
36053436
259924515
259924515
385963044
385963044
477145943
24746466
477145943
191165723
847234362
224352840
379069447
224352840
106130754
464678748
847234362
847234362
37280930
224352840
106130754
224352840
224352840
464678748
224352840
106130754
224352840
464678748
224352840
141709158
464678748
464678748
847234362
371502562
847234362
224352840
371502562
419861852
847234362
847234362
419861852
847234362
203860074
203860074
106130754
419861852
106130754
478553827
419861852
39488289
502918718
355643629
56076492
390115172
390115172
390115172
390115172
390115172
349306139
224352840
168781455
478553827
Result_count_tot:736