1498679627371401230
1086031191873146880
28587006
1086031191873146880
1086031191873146880
1086031191873146880
56044169
56044169
2925842572
2313448980
14473462
14473462
27452286
401253347
246058290
3336480731
1272568367505948673
3336480731
813854258756014080
5119381
1353811322253803520
1586216377
823664138475999232
89398445
89398445
1355617817438121986
1413141630752682005
2727239239
85158691
3044288870
1262282503819341824
1279200523149873152
1262282503819341824
2435688609
2435688609
2435688609
37677256
33667980
2435688609
1317357973
2877951478
2877951478
246492252
4836064754
765456692
477122511
765456692
477122511
991200932582121472
477122511
426750416
477122511
15872682
477122511
426750416
426750416
765456692
426750416
477122511
765456692
15872682
477122511
765456692
991200932582121472
477122511
426750416
991200932582121472
426750416
426750416
15872682
426750416
765456692
477122511
765456692
426750416
477122511
765456692
991200932582121472
31376725
98576755
477122511
477122511
426750416
477122511
765456692
1705451886
477122511
477122511
765456692
426750416
765456692
477122511
765456692
477122511
426750416
477122511
426750416
477122511
765456692
2313448980
1081525029706309633
1264970691658559488
401253347
1232232593350963200
19190875
516315443
838081680879529986
516315443
516315443
838081680879529986
838081680879529986
394129541
47974057
47974057
2790094654
1737141056
22814965
765456692
1134070120572182530
829467819179900933
829467819179900933
57041360
947174619538231296
1128783905069383695
1137322519306702848
57041360
765456692
1354354296
119046422
1354354296
1354354296
119046422
838081680879529986
267204162
426518717
27845999
1159440877712019456
39965455
34571000
27845999
401253347
2874398938
401253347
401253347
17230800
752523992058200064
1536268622
2596324495
401253347
401253347
17230800
434377207
15609064
912869983
17230800
838081680879529986
17230800
838081680879529986
17230800
48251734
99794435
401253347
99794435
99794435
99794435
99794435
401253347
99794435
401253347
99794435
99794435
401253347
504496562
401253347
99794435
401253347
99794435
401253347
99794435
2308216804
401253347
838040322668179456
2874398938
401253347
2874398938
401253347
2874398938
401253347
17230800
542126969
542126969
542126969
542126969
542126969
1342246146
542126969
1037031822
14473462
14473462
19018191
1037031822
752523992058200064
766620143032135684
205111571
3058719389
3058719389
17230800
40117334
766620143032135684
766620143032135684
287330908
63746892
1037031822
965620144234954752
26979187
752523992058200064
23765886
2590058264
21846143
587241476
19769863
800997802100817920
340421086
765456692
3372227945
765456692
2874398938
610804764
3336480731
52104623
427801591
14243708
1545946591
296748793
1518809059
28338436
40873211
912869983
939235765
22677425
408159075
748555268984815616
340409720
19018191
2590058264
19018191
2590058264
19018191
19018191
19018191
31360139
2590058264
19018191
2590058264
2590058264
19018191
19018191
1338522338
1338522338
19018191
2590058264
2590058264
19018191
19018191
19018191
19018191
2590058264
2590058264
32352209
33848910
32352209
19140661
983400180
32352209
283582615
32352209
766540558282002432
34571000
2590058264
356063063
356063063
766540558282002432
752523992058200064
752523992058200064
752523992058200064
16362310
38769939
181491457
122426177
475024685
2801694979
343663197
35056248
1940475312
2874398938
2560618001
32353861
549232373
2801694979
30415270
549232373
2477051986
939235765
489479693
19140661
3326797414
748561212804300800
73881145
3411639460
2874398938
2590058264
32427093
19598883
2560618001
20140230
19598883
489648507
478026444
27845999
478026444
478026444
399552743
2560618001
1737141056
18443986
40873211
1417914529
55487753
14473462
55487753
338557070
73881145
489479693
73881145
489479693
73881145
489479693
399552743
248205281
754331115285057536
73881145
48097093
48097093
2874398938
216321863
1462945333
939235765
27845999
4854089992
4854089992
4854089992
4854089992
248205281
3116109856
245346541
55487753
29731324
45824551
17230800
324495485
2782323965
76450705
28361527
28361527
28361527
28361527
4854089992
4854089992
2178074630
275409857
307456888
399552743
427801591
27845999
2410945122
2410945122
2665595424
2927560216
462893360
81578629
27845999
14452404
2874398938
3411639460
27845999
81578629
3411639460
765456692
22677425
28110788
462893360
33459600
765456692
401253347
27845999
69835350
33459600
2434054144
924251534
489479693
924251534
489479693
924251534
489479693
14243708
924251534
399552743
22677425
40873211
2596324495
76614498
4375335328
39966546
19178884
39966546
2389662540
2410945122
62522258
2410945122
206228865
2410945122
206228865
2410945122
206228865
2410945122
2410945122
2410945122
2410945122
4440335014
73881145
22677425
399552743
1037031822
1037031822
1037031822
22677425
2389662540
2596324495
22677425
27845999
420464033
27845999
27845999
27845999
27845999
27845999
3082854989
3082854989
23438083
399552743
46106058
465817739
85146182
22677425
85146182
22677425
20969268
497245511
2874398938
3354083716
27845999
27845999
462893360
863349294
238109168
27845999
22677425
76614498
76614498
427801591
22677425
427801591
22677425
22677425
711094341
4205759254
Result_count_tot:476