155027569
462265830
1171021827109543937
1089265858638168065
1389838586
1389838586
370013002
1389838586
1184967933061025792
843952349571899398
843952349571899398
843952349571899398
1223585483713851393
1217560956458409984
2188290457
190229245
18970504
1379472476703490048
428501896
816993776
21423985
54669753
1162442659
56456910
1308115690335932422
1354012954841198593
494942196
2188290457
25669359
239975392
44714439
974229710
1343500261982089216
697585637013200896
377892619
2853918845
456790776
377892619
456790776
32149336
78654169
32149336
2391346308
726996741006962688
947381162
456790776
726996741006962688
705338610799747072
78654169
456790776
44714439
848174596557873152
1013569567
848174596557873152
1445578000037138433
1461040376974823429
38822086
789463176576430081
789463176576430081
40025776
789463176576430081
1029415540694179841
1088523660477063169
494403305
20868447
1029415540694179841
1455128680666173442
2809908354
2809908354
551730401
5201311
2925842572
381430471
1342246146
70373458
1342246146
70373458
2415957962
631861885
1342246146
17997231
38451208
1342246146
2313448980
935793180171292672
2389659202
366899672
20868447
48794268
796071165894725636
381430471
381430471
271866986
59225017
134194894
224248943
57350340
1015217707891949568
66735643
805450
992688838987436032
18475198
1343500261982089216
107158671
805450
605490628
2855541052
1342246146
361364277
3198010973
1342246146
1109862542560632838
1144341867900940293
19764533
1354354296
48131674
2313448980
1423256075495788547
2180608131
31397933
2180608131
29660732
2180608131
219653856
14997025
2589898190
153540072
61594707
47889584
61594707
1105770106414604289
2332472992
1093940802005422080
422628082
1368168407133261832
1368168407133261832
2418099208
2418099208
2418099208
2418099208
27438286
39326936
2709931120
1029415540694179841
551730401
1088523660477063169
551730401
45421005
4738432036
1049235706252615680
387118980
62522258
34013960
38751278
62522258
62522258
62522258
62522258
62522258
62522258
1086157471830495232
279131939
279131939
279131939
279131939
279131939
271045372
483164646
367374675
30941476
2188877355
1073262134140772352
367374675
286907186
1412906407
25533466
14606990
30941476
818127906
1240005710311759876
427271586
138154628
1240005710311759876
1240005710311759876
138154628
427271586
1240005710311759876
150799752
14997025
1342246146
1342246146
1342246146
216843434
20854389
527875212
57592947
527875212
57592947
57592947
527875212
527875212
57592947
1275446147700518916
816993776
816993776
816993776
761596867625058304
761596867625058304
816993776
21746816
141744721
38265914
560965705
30739418
30739418
112674261
17632830
112674261
38842425
188242701
702086626453880832
271866986
337332303
112674261
57832321
728743549
2729147326
52031167
34570810
473993305
53367893
3001112866
1312549529560985602
422628082
18475198
174762419
47974057
2899489589
18475198
47974057
386464156
1527864668
152172439
52031167
52031167
1246063724
22067123
415701368
209022228
28757140
21890520
236827326
31689419
1164363190903246848
14997025
14997025
53367893
60653462
1342246146
2166471842
155177727
20672548
286907186
20672548
286907186
20672548
286907186
18530679
155177727
1034436012620107778
36050996
36050996
20854389
168494259
20672548
14997025
752523992058200064
14131410
873304134
253932197
294349461
294349461
1156909754389815297
567684174
2418099208
2767349669
1242403153968091138
14543022
620392738
21695947
2883782007
20425675
163443340
2883782007
163443340
2883782007
24910192
24910192
34285054
24910192
34285054
867685740
70632318
70632318
946038681781047301
236827326
1161057779060215808
1241308942145392640
3235594929
70632318
402377699
387118980
42011088
61746571
404006630
2185124157
29982942
19263926
19263926
2874173163
19263926
1196222304
19263926
440209308
234678375
477990395
23292310
563235947
19263926
28822089
33226021
33226021
33226021
29982942
24418670
29982942
24418670
29982942
63132666
72264491
30739418
117803823
14385015
14385015
899010525136388097
47085516
3001155264
2439407862
84816929
402377699
25353273
19667095
402377699
19667095
402377699
402377699
390115172
29982942
440209308
31087581
456938149
333903537
57916104
217530764
61746571
19667095
19667095
402377699
492189880
2298151468
36124905
486051040
320766476
61746571
166936274
70632318
1161915307784646656
1828468578
63132666
522268751
217530764
19263926
1029415540694179841
486051040
14997025
435289078
368391850
14997025
112666537
2796271598
2836610321
51103171
33689664
2418099208
402377699
2298151468
495208281
18475198
426750416
1161057779060215808
1204025881653600257
14997025
3044872858
899010525136388097
320766476
899010525136388097
26837025
14301229
159158744
159158744
19764533
21746816
25144335
27716729
27716729
19764533
25144335
19764533
31007362
27716729
860129059
17216268
2942170702
897831632241127424
2942170702
14301229
116407695
19764533
21746816
14301229
1338522338
426750416
19764533
14301229
19764533
14301229
19764533
164012259
21746816
19764533
21746816
19764533
21695947
21746816
14301229
19764533
63266077
744271182648717313
2718593403
744271182648717313
1517334528
23616999
2718593403
744271182648717313
1464466166
444005202
744271182648717313
1186203897985003520
353788081
6468612
2874398938
1464466166
1464466166
821224338091286528
744271182648717313
744271182648717313
744271182648717313
899010525136388097
744271182648717313
141886352
899010525136388097
41327217
14997025
899010525136388097
387118980
387118980
1654001880
17927655
149109065
156201907
19263926
32535843
1148709864
1148709864
1173235207
776171614618681344
899010525136388097
922211646994608128
1180498858998153218
1343052415
802609556610318336
391254533
726524532840927232
5201311
350954507
23067843
805145533203566594
2922771658
54147893
1270335769
1069989138613571584
1058527274008363009
1130646284
1098094371080163328
1038190298206294017
1178708792080388097
199693571
1180498858998153218
854500555
25938121
854500555
2532762127
63132666
18897215
41453515
63132666
14997025
14997025
1040471108040966144
846940940
846940940
4789896694
18364179
79163086
21890520
423343032
422628082
1355510527
1105519831347089408
224578108
4119469527
224578108
14473462
4008584489
40836667
253932197
1031972554506952704
247726151
3986622629
4008584489
4008584489
4008584489
253932197
253932197
4008584489
253932197
4008584489
40836667
253932197
4008584489
253932197
4305640541
4305640541
510164923
28809326
1929693895
422628082
35192377
17997231
340976159
1450906933
63132666
93486562
422628082
14997025
63132666
78654169
20282006
121537858
32535843
82670042
422628082
117859085
21890520
21890520
39456398
369419700
1149929623737765888
1149929623737765888
1031912178306220033
4305640541
14997025
1040471108040966144
369419700
1342246146
19263926
800532452
153540072
422628082
56676419
1195765214
402377699
340976159
1142456671576449025
1142456671576449025
1139577989564440576
21695947
1031912178306220033
4814767876
31662242
19263926
3254245409
31662242
855207797159591938
267204162
21423985
14997025
63266077
1077597337508331531
128586415
873304134
136184787
54869011
19263926
14340875
19263926
70632318
539950451
1150664826
57832321
470615552
57832321
470615552
4579554879
113002313
318977179
4579554879
4579554879
4579554879
36050996
4579554879
4579554879
41604240
57832321
44577324
1005622650054594560
21890520
1005622650054594560
4119469527
14997025
33226021
18310891
33226021
981500950581039111
62862693
14997025
874227272802238466
14997025
63132666
19263926
14997025
2809908354
2809908354
1057475636
1103098227568664578
1057475636
1103098227568664578
21695947
387677880
387677880
48794268
2601641730
48794268
2601641730
2601641730
48794268
2601641730
3303649834
48794268
48794268
48794268
48794268
48794268
34987277
34987277
1148709864
1148709864
1148709864
28312207
248260003
1090672974968049665
1090672974968049665
33689664
348518541
339055436
348518541
1070461800519475200
339055436
19263926
1059092400369553409
1059092400369553409
2942170702
21695947
1059092400369553409
838033909
838033909
125960653
838081680879529986
838081680879529986
253932197
19263926
78326026
19762987
148642486
981500950581039111
18475198
2953299622
36124905
898266166656991233
19263926
374417128
3986622629
70632318
70632318
1057707642985025537
1052636082649620482
19263926
61618106
34972320
117803823
376149624
34972320
26837025
26837025
26837025
1057733333571002368
26837025
26837025
1057733333571002368
1057733333571002368
1057674759201271809
26837025
1057674759201271809
26837025
1052675430359040000
1060437354010296320
1060437354010296320
297511756
297511756
21423985
1057674759201271809
1052637765324673025
1060287878427762691
1052636082649620482
93115683
32535843
735759017578881024
735759017578881024
849977834324054016
29722587
1052636082649620482
1060287878427762691
758748714659786752
758748714659786752
2809908354
631222436
758748714659786752
758748714659786752
758748714659786752
758748714659786752
38632570
1060287878427762691
17096233
1057674759201271809
114841584
14242271
33689664
1060287878427762691
35781487
1060437354010296320
1057674759201271809
1021861819789570048
922789731049521158
922789731049521158
922789731049521158
170661467
297511756
297511756
3365983395
128586415
1060287878427762691
1060287878427762691
1060287878427762691
21423985
1058062288358383616
21423985
21423985
21423985
21423985
1058062288358383616
1058062288358383616
1058062288358383616
1060287878427762691
297511756
297511756
21423985
21423985
297511756
297511756
21423985
21423985
101834804
1450680715
1450680715
1060287878427762691
1060287878427762691
Result_count_tot:806