26798240
1502475927737221120
1169018354503471104
62092544
123668705
1496801392513716224
1362816919645147139
1496801392513716224
1402869817
1135898608509825024
1135898608509825024
1135898608509825024
1402869817
1135898608509825024
1135898608509825024
1135898608509825024
138890465
35483071
43062590
43062590
43062590
1436679831895351297
2865423759
937042538464141312
1497637338830327814
1497637338830327814
34714498
27836738
1234175308649181186
806993211692552193
788603
788603
16432083
155027569
1236588944042721282
2797420265
529334746
1479213013458632713
1474157487792263176
172473788
46782315
1474149244424626179
1125414934131687425
93486562
46081160
1489906304248287233
27113674
62121469
27113674
2590058264
718349821153832960
2590058264
58028047
28099901
1485118037627838465
1485118037627838465
293586346
1486094362782191629
142613436
1430930500990930944
148831635
2415957962
1348706074254303233
142613436
607016620
607016620
2415957962
4892320882
4892320882
822964671305121792
2362101866
838753427207380992
1250898934664486918
1731196728
1731196728
1109279469049507840
1250898934664486918
752523992058200064
134551793
18475198
619475949
193463414
822964671305121792
1172869273
261852783
2974973199
261852783
1453056280617275394
929764442421780485
116872803
1446745414921867266
1348706074254303233
897848198882111488
261852783
429985312
1313775971296849921
281589495
396618124
393387610
1060159897550118912
838753427207380992
20854389
390687348
24514743
124174002
992688838987436032
1434901472446226435
1434901472446226435
1329740797659504641
1456920548
1456920548
1456920548
992688838987436032
992688838987436032
1456920548
1456920548
1456920548
1456920548
992688838987436032
992688838987436032
1456920548
1456920548
481401647
1456920548
992688838987436032
992688838987436032
992688838987436032
706773667
14894302
41372029
426750416
1456920548
18530679
992688838987436032
2511024580
30686053
1324285369832058881
51578730
1324285369832058881
14420387
1409868256417128456
76989641
1030361539285577728
612972910
81578629
219653856
4273111702
471152965
1489497746839154703
87510739
1245022297854967827
4289382743
2983044537
2983044537
51578730
1338522338
23934018
76449407
219653856
1183982888557129730
23934018
469780703
1353768777972936704
18582003
740807653
41597644
481401647
14048665
268280629
1456920548
1456920548
62121469
883619430483333120
34875774
822964671305121792
992688838987436032
1085209501769318400
2504039479
713055550037221376
1198189740
713055550037221376
1198189740
31397933
1198189740
14360050
1445578000037138433
788283419822321664
838753427207380992
31397933
752523992058200064
72141188
261852783
752523992058200064
752523992058200064
752523992058200064
752523992058200064
4738432036
752523992058200064
752523992058200064
2917410415
261852783
3412083531
1446745414921867266
3412083531
261852783
261852783
261852783
1102862541573767168
273555252
2164976883
290250694
330200380
237524449
393387610
388148354
1430930500990930944
388148354
28757140
568362036
568362036
340411851
1138517740891889671
34714498
31405598
1710249924
421524772
838753427207380992
838753427207380992
1138517740891889671
1343500261982089216
38260259
481401647
277496292
204276552
1169018354503471104
1278779333486706688
58028047
39239833
273555252
39239833
273555252
39239833
1144341867900940293
273555252
273555252
1144341867900940293
273555252
1144341867900940293
273555252
1144341867900940293
273555252
1144341867900940293
1343500261982089216
3412083531
762738981305978880
273555252
107360105
273555252
39239833
261852783
388148354
290250694
261852783
2372022238
501877020
427535413
1138517740891889671
273555252
39239833
273555252
1138517740891889671
39239833
288414511
288414511
103792291
1169018354503471104
46081160
2303645968
1348016941047414787
34571000
273555252
1579492405
1453056280617275394
1453056280617275394
25516100
1343500261982089216
1338522338
23104499
72141188
66700763
193463414
39239833
273555252
1399599083959066625
39239833
277496292
875262109
561171789
171211471
171211471
26715769
48154045
1362331039
935649719342239744
1465031213350019078
1209777222321614848
935649719342239744
1114262832
1114262832
1319919082431537152
237524449
273555252
154852059
37788958
39239833
16040065
39239833
16040065
39239833
115513510
1169018354503471104
998308778926903303
3515220803
2472156079
14048665
2472156079
62092544
16040065
838753427207380992
1543192765
46782315
115513510
1283737615041273856
14048665
115513510
1381081941026480129
14048665
14048665
14048665
2600974059
62092544
917536006403915776
135294661
115513510
4738432036
34571000
393448735
205111571
838753427207380992
838753427207380992
838753427207380992
838753427207380992
2600974059
26798240
78058188
58028047
1273727739519029249
16040065
39239833
2600974059
39239833
290250694
30941476
290250694
290250694
2600974059
122318779
16040065
107360105
2600974059
14820456
26798240
3515220803
26798240
2600974059
26798240
2600974059
122318779
26798240
2600974059
30941476
2600974059
30941476
544915456
1445578000037138433
2931104861
288414511
2917410415
261852783
261852783
1949497680
27113674
4715462775
174762419
174762419
724680111065313280
1362663147836997644
174762419
804132241
30097577
30097577
115513510
78058188
44174373
261852783
261852783
261852783
2805883474
261852783
261852783
715982333329977344
2805883474
2548072274
1362663147836997644
2548072274
1362663147836997644
1362663147836997644
2548072274
393370698
2394537301
841768222324076545
1362663147836997644
139997002
2394537301
1362663147836997644
1362663147836997644
1362663147836997644
53876028
438211624
2287362827
2805883474
1568229187
363282607
517795183
14048665
2825747327
1478107545147482112
1169018354503471104
72028677
863073687855149056
1290914712566337538
1290914712566337538
74677398
2418099208
2174824588
172694845
82825318
39239833
155588846
762738981305978880
39239833
82825318
1342246146
365635604
2805883474
932927287
930716208910893061
2337642753
3423031833
1290914712566337538
365635604
3423031833
365635604
3423031833
365635604
365635604
1016033696170815488
224240042
20627309
30941476
36038368
1096055512955793408
225341716
970467794
960533857
14048665
2601043508
1096055512955793408
1096055512955793408
1133458959925436419
39239833
1338522338
53876028
2548072274
261852783
1328982162549448705
476153918
1133458959925436419
261852783
1133458959925436419
476153918
476153918
261852783
476153918
2805883474
476153918
1518809059
261852783
28535253
1250898934664486918
261852783
261852783
56044169
2370360852
21629667
28535253
365635604
21629667
14732917
28535253
1934485416
1124046246321250304
28170408
1124046246321250304
28170408
1346751896174927873
313889321
1346751896174927873
313889321
4836064754
2600974059
2841711645
62121469
1124046246321250304
4836064754
1052152172354387969
2305137562
245330415
29026162
39239833
39239833
236403619
1712098974
992162588233527296
2917410415
53876028
849303039496392704
1290914712566337538
261852783
115124092
1384470461531230208
2308216804
1342246146
358175397
365635604
1214695072236810241
28757140
58028047
58028047
2554375868
261852783
318977179
38260259
63266077
568362036
58028047
142213666
492554765
1847850114
19140661
46081160
87551526
1188385528888074241
1445578000037138433
1417553441434619908
1133458959925436419
1133458959925436419
399552743
784507090551406592
399552743
71508880
243578283
25336045
2710969607
1113001360264323072
1473776526495735818
1457419533367578624
172694845
58028047
2907384294
351014917
341164371
71508880
3319450421
172694845
172694845
172694845
31397933
81578629
34564269
31397933
65884359
65884359
65884359
365635604
1382374817563828226
172473788
1456374544571174916
400117907
38902799
400117907
1456374544571174916
65884359
65884359
116171465
116171465
1417914529
363282607
2165413610
400117907
2874398938
4738432036
293224201
992688838987436032
612972910
992688838987436032
612972910
1128381103172202496
176542303
2953054853
2600974059
3423031833
49294750
3423031833
2600974059
3423031833
31389952
197110573
838267922
2586011154
2805883474
752523992058200064
1471817262109802502
791343769765482496
93486562
26798240
93486562
26798240
46782315
93486562
717683628
26798240
93486562
1450110086249132037
93486562
3413490065
26798240
71874613
93486562
1085896497873473543
26798240
93486562
26798240
93486562
26798240
172473788
18611983
33099288
172473788
1323881456360251392
2415957962
2644003750
2180608131
2644003750
365635604
62121469
915516061444866048
2644003750
2644003750
915516061444866048
915516061444866048
62121469
2644003750
2644003750
110462639
915516061444866048
365635604
915516061444866048
1016326604987957248
806096173597622272
62121469
365635604
492428265
365635604
26798240
18970504
365635604
1346751896174927873
26278467
1346751896174927873
1346751896174927873
1346751896174927873
49774380
26278467
1346751896174927873
1346751896174927873
365635604
26278467
1346751896174927873
1346751896174927873
1346751896174927873
26278467
49774380
1346751896174927873
26798240
735764197380759552
1346751896174927873
735764197380759552
735764197380759552
735764197380759552
415701368
1224782674922999814
197110573
365635604
951292596
1403306327586267139
68145512
18360037
365635604
1362816919645147139
370919014
2613797256
908572230
2554375868
966251334960902144
856254894923296768
1518809059
966251334960902144
504496562
232964109
619475949
23937700
1386656857801076737
1386656857801076737
1386656857801076737
1386656857801076737
1386656857801076737
1386656857801076737
1386656857801076737
1386656857801076737
1386656857801076737
1386656857801076737
1386656857801076737
1386656857801076737
1386656857801076737
1386656857801076737
1386656857801076737
1386656857801076737
1386656857801076737
1302505775676436480
838753427207380992
838753427207380992
2856117755
844501405574549504
849303039496392704
961135976
915516061444866048
1383777588527570950
956815070826237954
48154045
2600974059
1287439965211721728
3423031833
1447526100679237635
2600974059
2341869265
3423031833
2341869265
1363414604483862528
1085209501769318400
1287439965211721728
14288037
193463414
193463414
Result_count_tot:774