273555252
365635604
10752892
1353800907855695873
1476023218108440579
75101617
309334506
1134070120572182530
26798240
3175750240
1473008803755008001
26798240
985514599935086593
72228773
1124046246321250304
223812019
223812019
3175750240
2415957962
2415957962
1491076347728433156
1373597254678945793
469585545
34708918
1368609365566033923
271866986
26798240
40215521
223812019
1448598260847980546
393448735
261852783
1452886630159818756
19452766
22949837
34708918
1097908154594148352
1456850837561557006
1158782291272982528
2226079184
66700763
421112262
34231784
822964671305121792
1158782291272982528
75742264
1095733317926879232
1352086882943979522
1352086882943979522
1352086882943979522
1352086882943979522
31085474
1097908154594148352
2317558679
1161216785393360903
1361630671102496773
193340913
838753427207380992
1348706074254303233
75742264
1042042955148800001
306426609
1169814598427533312
410236677
1116623564
1362663147836997644
46782315
2771607179
62121469
1362663147836997644
1448598260847980546
1258924800006926338
1479461717096767488
318977179
273555252
1016326604987957248
1352086882943979522
1352086882943979522
195073490
398606542
1097908154594148352
3024139817
3024139817
1375044577
1375044577
223684700
75101617
1497881307573010435
881835304801402880
988785914196516865
224713697
415701368
277496292
2415646176
1473008803755008001
75742264
277496292
821465605224144898
233665155
1497881307573010435
31085474
156201907
1151574323112665088
131293004
1125414934131687425
131293004
1125414934131687425
67323889
131293004
1125414934131687425
4149471980
1331552161
31085474
577249224
848824298
838753427207380992
1491076347728433156
307045355
223812019
1451051578731999234
1352086882943979522
1021558230764335104
833114360
31085474
1158782291272982528
2805883474
1158782291272982528
307045355
307045355
2391111445
1447703969640456196
1356119721498660869
1352086882943979522
838753427207380992
236403619
838753427207380992
273555252
273555252
838753427207380992
273555252
838753427207380992
273555252
273555252
838753427207380992
838753427207380992
273555252
838753427207380992
307045355
1352086882943979522
724680111065313280
1340055325261651968
415701368
1352086882943979522
1206516926161342464
875679268126306305
32347467
139997002
1487848519121752077
399998938
875679268126306305
1185078971865677825
1112463160655704065
941980603431505921
32347467
838753427207380992
820906803630313472
838753427207380992
1499840701063962629
1043458666949685250
1104318679393677312
3103828582
415701368
307045355
307045355
1944604783
3103828582
3175750240
31085474
3103828582
415701368
1487835251447451652
990566363088457728
134577167
820906803630313472
2253805046
1293528532262555648
827400285135925253
827400285135925253
923406051013095429
1499582789229989890
1191475163382132742
90662206
307045355
30834778
38451208
1097574923793514496
838753427207380992
838753427207380992
1447841352025350145
1447841352025350145
1715109985
713941246998355968
3648323352
763348189923737600
961004950619934720
3648323352
1371228431019507713
1433437631917002754
39764029
138890465
1293190705645379585
1112768471459397632
1112768471459397632
1112768471459397632
1162531196
1366335742755016711
1366335742755016711
1483013258172723203
2317558679
799156936184922113
1492627996251144194
1136166056609796096
1498874143403810816
1097908154594148352
253932197
253932197
253932197
1498663970823155712
231379559
1074705907127386112
2913549060
1158782291272982528
1353800907855695873
2317558679
2317558679
75742264
223812019
123648011
223812019
733989379283255296
994116200694276098
727812820524531712
2925300175
35483071
2787907820
1466082285246197773
19452766
302024157
184499074
1199371533900222465
1479705909433671681
1073941314444648448
33166646
84617373
2317558679
47646982
74983700
139997002
1322381107036188672
3648323352
930428486
23823428
23823428
824190861818920961
1489830973097140227
520670946
1459183666983276574
367844183
1366018426808975368
1229187248
1499216634187288582
3416858500
466483330
1342992817489145857
4747556570
1362032214322544644
2280708703
8703852
978429331360960512
1439032080608882690
1092761845914574848
1490137988054937602
478053306
1489699305719943169
635750362
1499130238261170176
1258924800006926338
1491797174899802115
75742264
1073624011106643968
710649864200130560
1050842235204460547
1384515826070573056
1452729310696050697
982020015816953856
1348706074254303233
90662206
1491797174899802115
2610088328
838753427207380992
1455216796840124426
147754408
703522416333557762
25680365
155883297
1432517589888999429
3066095291
500899306
3343686939
254464103
1166444989791948800
184499074
3526655837
1282597578
72720525
326165164
3343686939
717769964418105346
89342023
238308510
82825318
2981103473
443156042
40215521
1330814282221686784
1344840175067664384
612972910
945288149881839616
2981103473
17216268
707879327686381568
191121168
860079234
408678736
443156042
1269943150606508032
451018761
1119258838820114432
112428297
451018761
746610873767202816
1164065309772451840
3175750240
22014140
308370513
31085474
3648323352
80850522
430405526
2317558679
44554105
1497881307573010435
139997002
964476282
1217801761
1045313937451945984
454848617
1076581284
19392770
889402234412441600
977806102543912960
1135493434599518208
1484149375236558849
1312047079238361090
21253940
31085474
1460867447649570823
3317609915
41463263
3648323352
269777232
429313316
21393069
223684700
31085474
19764533
1389202568304373760
21393069
34656014
454799703
2873711309
53903601
415701368
21393069
975708308916047873
610184420
610184420
307045355
31085474
902493890942566400
902493890942566400
902493890942566400
3648323352
1147778856893313026
3230411055
4184157375
75742264
134412737
3648323352
1472001971980623876
67690947
1484849074151079946
236403619
827400285135925253
3305796659
393370216
393370216
21393069
1326447698912964608
871753957508612096
719697446532558848
1469548743645184001
2206512844
67690947
1367554347605852162
828620824294879232
1124046246321250304
1367554347605852162
1367554347605852162
1352086882943979522
828620824294879232
1273328766652203013
828620824294879232
1158782291272982528
1124046246321250304
2173021144
966666031166054400
966666031166054400
818893244276871168
928484888
864892601870147584
1381081941026480129
905899999954919424
1497560887959379970
2452236413
1270770241
855501205803499521
730838221723193344
139997002
142240222
1460838349778866176
1460838349778866176
1460838349778866176
1460838349778866176
1460838349778866176
1460838349778866176
1460838349778866176
1079495648
1460838349778866176
1460838349778866176
855501205803499521
1212220488
2522344603
306426609
323222676
1484838662185488384
3088821058
213228400
252047658
1212220488
855334101162745856
31444149
1367554347605852162
1497308314455138315
815188041308446721
902493890942566400
1158782291272982528
815188041308446721
443156042
408678736
208930420
1103082137991864320
31085474
10126712
2598587552
1158782291272982528
941980603431505921
941980603431505921
941980603431505921
78864889
306426609
139997002
1265922589828042754
1470636284322406401
2598587552
827400285135925253
1124428454634631171
271094740
271866986
307045355
1493989732451340291
1460762061055705090
223812019
386230692
3362569732
1514087286
43778506
828620824294879232
15402344
271094740
2981103473
914504478
57592947
271094740
2981103473
27609853
271045372
271094740
236403619
27609853
288414511
932346194
57592947
3097610555
107360105
139997002
393370216
15402344
612972910
14246923
954301223460589568
15402344
612972910
70350949
15402344
271094740
1655512332
3297802504
825801844488278016
914504478
306426609
27877065
271094740
50466100
1352086882943979522
2290658585
107360105
219268128
1655512332
1497787496
157005724
107360105
1655512332
107360105
1655512332
1456920548
1496881192263684106
288334668
57064417
57064417
57064417
3648323352
1348706074254303233
310519153
1158782291272982528
31405598
398606542
1327914763603636226
1497853714383745025
1348706074254303233
33166646
1497857433422774275
460042429
480403547
838753427207380992
2981103473
902493890942566400
22915601
31662242
1459077237077159938
1459077237077159938
31662242
310519153
1295345546249502722
139997002
31405598
304331315
304331315
1342170732873338885
2981103473
398606542
269777232
31085474
78864889
1497490885742837767
2441405035
2308216804
610184420
368309250
1497292690601431054
368309250
454848617
1141646606955089920
2283404420
28413649
41595048
1467466895456677889
1433088291583180800
1048924999678083079
1433088291583180800
1433088291583180800
307045355
1433088291583180800
1158782291272982528
820906803630313472
1158782291272982528
37620087
19452766
78864889
38146999
828620824294879232
2317558679
19337187
2305137562
828161226140217344
31085474
838753427207380992
172473788
1498242428062650371
990268857720999937
1184380099677822976
820906803630313472
769232877842272256
959993766
134412737
134412737
840659741714071552
2409488466
227213722
910875612612583424
1119076135
902493890942566400
1389202568304373760
353770243
827400285135925253
1342548110065754118
31085474
838753427207380992
1342548110065754118
31085474
31085474
16911754
2788949830
134577167
1229187248
131273553
1480525822293327876
902493890942566400
871753957508612096
1342548110065754118
1342548110065754118
131273553
871753957508612096
15443743
1232742531621892096
31085474
1460842088
1460842088
118492225
274899271
1460842088
1460842088
1460842088
1460842088
484596252
1496948543164235782
1385648589653827584
586081638
1349335017084874754
3362569732
804132241
408678736
902493890942566400
461023373
702071023416582145
827400285135925253
928920153059815424
1087423576293212166
941980603431505921
341590784
461023373
65535004
253501458
718663480807534592
752523992058200064
1354199075474845696
251769222
251769222
251769222
1447253901326041089
47934276
47934276
2923520194
47934276
827400285135925253
251769222
1238876833
288271441
1402210153882136580
134412737
403790026
2474256811
410368500
239715881
239715881
307045355
276365996
375312317
1484838662185488384
1484838662185488384
2889270755
1352086882943979522
2409488466
41595048
713941246998355968
2921194967
68524735
68524735
307045355
304328805
410368500
2409488466
1467816760443383815
1350078401206431746
1350078401206431746
15820918
299515134
340577078
299515134
238308510
292168996
307045355
273820208
17446365
17446365
941980603431505921
3648323352
3645415702
941980603431505921
311925883
941980603431505921
311925883
941980603431505921
44193090
1280180698884825088
3175750240
208930420
1238413946
145143343
1947178908
827400285135925253
153748767
1168994293
1389202568304373760
1168994293
1389202568304373760
713941246998355968
713941246998355968
74100531
307045355
398241936
184727475
1158782291272982528
307045355
1433781750405255181
26558617
65619261
188670053
404145374
238308510
946917903034707968
1443274643180335107
1443274643180335107
105022544
204712615
1311603461092528128
1324452698
307045355
486933355
2327847480
307045355
893378138243297280
579831104
1114063938692550657
1114063938692550657
1484038296670027776
1275446147700518916
1097908154594148352
1403771891693895689
2587219368
2718593403
37788958
1350952722674176005
1313454966124810251
2587219368
16403722
1043551865324093441
1158782291272982528
1275446147700518916
44193090
142213666
1275326374144806912
2587219368
1490607549917372416
1348706074254303233
838753427207380992
33659846
1496655801821417476
1348706074254303233
307045355
307045355
884416579718479873
21393069
221476163
253064782
139343540
340577078
139343540
383893229
858176954079608832
34431969
304331315
34319900
827400285135925253
Result_count_tot:824