30236460
1065640603
1294248670993547264
2973043509
317101757
2510541167
2510541167
918901868
34013960
214809052
918901868
4088630932
1362544471
918901868
1290914712566337538
53876028
1362544471
478553827
1065640603
1065640603
2481844412
1362544471
28312988
1362544471
41908037
1362544471
72245600
72245600
72245600
2874173163
115044695
3094010496
214809052
511707320
511707320
511707320
45791579
918901868
717036122837266432
918901868
1275457709702348800
27314433
38842425
1159597940
1159597940
26474538
136600742
1382743280
1275457709702348800
112674261
967880850946904064
3402615569
112674261
790836905625747456
1275457709702348800
317101757
918901868
1011728104862179328
2415957962
2996731568
2333828866
1185270297043329024
1382215398
1185270297043329024
85666077
34013960
1114628888834056192
2415957962
511707320
1294248670993547264
1426315155290329095
1116747379
2996731568
115044695
115044695
180704610
918901868
2415957962
918901868
918901868
918901868
2198002030
918901868
26474538
2415957962
918901868
2415957962
26474538
24418670
918901868
918901868
918901868
45791579
918901868
1426315155290329095
918901868
918901868
236827326
152213286
14273617
1422624319168032776
827259086563479552
1705451886
1422624319168032776
1705451886
120192000
27315140
2521753142
873304134
120192000
129283849
918901868
1390303918362566667
559667504
520379022
918901868
2341869265
1275457709702348800
559667504
1213112128543981570
1342246146
1116747379
26474538
20546839
42952731
27714681
26474538
1294248670993547264
26474538
236827326
236827326
1275457709702348800
91994790
918901868
2481844412
918901868
34013960
918901868
135173461
53367893
41908037
2430383642
2481844412
2481844412
53876028
1294248670993547264
18016543
333903537
1294248670993547264
79163086
1294248670993547264
26474538
236827326
1362544471
26474538
41595048
26474538
454097455
236827326
2481844412
236827326
273437662
236827326
31399492
475172955
3086692949
579065545
56044169
1306593394974625801
617200059
873304134
918901868
1362544471
606448747
26474538
1664459520
30941476
34013960
30941476
193186935
30941476
33638176
4088630932
4088630932
87666695
1362544471
36362393
511707320
22488324
22488324
180704610
1148709864
26474538
1011728104862179328
26474538
20546839
115044695
918901868
115044695
918901868
918901868
26474538
511707320
918901868
478685985
255173845
17845122
333903537
135173461
33013018
34013960
26474538
1011728104862179328
26474538
1011728104862179328
26474538
21423985
1011728104862179328
21423985
1011728104862179328
1011728104862179328
1011728104862179328
1011728104862179328
1278959099221344256
26474538
30183766
881866381586771969
19110119
852852697
26474538
852852697
26474538
1011728104862179328
1264209457808015360
26474538
511707320
511707320
26474538
22471399
53367893
245440550
38842425
26474538
1011728104862179328
26474538
140852008
1011728104862179328
53367893
28413649
2415957962
53367893
918901868
1294248670993547264
115044695
2415957962
26474538
2415957962
918901868
1452560275
26474538
918901868
511707320
271094740
159158744
26474538
1158323174
1158323174
239513034
273437662
20238626
29273536
29273536
30183766
115044695
2171259690
27714681
53367893
195073490
1362544471
776171614618681344
361855290
918901868
38412145
26474538
38412145
918901868
26474538
3421915379
234314751
38412145
477990395
34013960
72245600
38412145
918901868
803159667618828289
918901868
588174156
918901868
283148232
26474538
30941476
30941476
26474538
30941476
53367893
559667504
359261759
559667504
26474538
4867120059
4867120059
4867120059
86633358
86633358
340377361
613650038
624011689
613650038
613650038
53367893
437373893
437373893
437373893
30941476
776171614618681344
272507554
135173461
26474538
559667504
26474538
613650038
613650038
776171614618681344
570744394
255173845
3870549323
30241775
270106206
38842425
30241775
38842425
30241775
38842425
918901868
217530764
23798120
34285054
333903537
939818513472114688
882871703268982785
588174156
886608697
886608697
333903537
939818513472114688
71531727
71531727
34013960
613650038
21423985
588174156
464304082
588174156
1148709864
939818513472114688
861218670
38412145
26474538
34013960
53367893
53367893
21423985
53367893
886608697
918901868
26474538
918901868
734478434
26474538
26474538
26474538
613650038
1158004480790683648
1129039813
26474538
918901868
53367893
2754777701
53367893
34013960
511707320
53367893
53367893
20425675
38412145
53367893
30183766
1148709864
918901868
1033374143461425152
269762451
72245600
25144335
34285054
1287435525394243584
115044695
3001112866
273437662
614626131
53367893
53367893
1287435525394243584
30941476
30941476
30941476
53367893
53367893
34285054
311081693
388444663
269762451
2308216804
286724461
30941476
3253638917
1287435525394243584
620392738
26474538
269762451
903447901
1314522266005315586
1088736761285656576
38412145
26798240
38412145
314081431
216789562
1062474152890810369
1314522266005315586
1314522461346705409
796444128
1121544373
237767215
2899966486
235367304
235367304
72228773
38412145
38412145
20425675
41866303
441732688
2178505172
20425675
620392738
369379471
1216054041345740800
1241377124
1173476156147818498
939818513472114688
63107218
1287435525394243584
918901868
1181108894409601024
38412145
21423985
20425675
423433722
615283724
85666077
20425675
426515141
426515141
426515141
53367893
20425675
26474538
26474538
72245600
217530764
30739418
987334723
26474538
860129059
860129059
840198864665772032
53367893
2610412760
918901868
918901868
1603282212
26474538
53367893
26474538
369379471
4088630932
4088630932
106720719
4867120059
53367893
53367893
359532790
26474538
53367893
30183766
3421915379
294073504
34285054
29273536
192889718
30183766
985870614496980993
918901868
918901868
516773751
918901868
918901868
790836905625747456
918901868
707856426094436352
918901868
918901868
918901868
918901868
968955060
332397150
734478434
918901868
918901868
918901868
26474538
115044695
26474538
26474538
26474538
32864014
4876636583
918901868
607016620
918901868
383389032
53367893
27314433
918901868
605490628
806963350643101696
605490628
806963350643101696
27314433
918901868
937620863863664641
26474538
488379631
806963350643101696
1148966229933273089
516773751
26474538
918901868
752523992058200064
112871323
320766476
2424821069
53367893
26474538
26474538
559667504
26474538
91068242
2740038646
987038060
91068242
3049056837
91068242
3049056837
787738925725020160
26474538
91068242
91068242
2874398938
25729216
25729216
91068242
781568024683900928
781568024683900928
26474538
3049056837
91068242
473993305
473993305
26474538
473993305
2619183836
26474538
918901868
1551481968
918901868
918901868
918901868
217530764
918901868
4738432036
30941476
1186203897985003520
28885223
21423985
135173461
28885223
2619183836
26474538
24418670
607016620
918901868
1467108175
135173461
835157413913206785
918901868
1158323174
1158323174
180704610
53367893
835157413913206785
1185891239301918720
526651741
24564251
30183766
180704610
26474538
918901868
918901868
4088630932
28885223
53367893
328445838
3404138255
91994790
1362544471
30183766
135173461
30183766
3404138255
28885223
63107218
30941476
63107218
886608697
23573509
27314433
63175736
2507477406
26474538
588606104
68757451
28885223
10141402
271505573
4653584020
63107218
28885223
3367511429
2515387286
152945375
152945375
53367893
53367893
33638176
249106939
359532790
196569190
344943641
53367893
63107218
28885223
63107218
590229061
488379631
170023589
55528242
969372752540037122
55528242
969372752540037122
55496543
72245600
488379631
488379631
489716972
38842425
624011689
624011689
181476245
181476245
25144335
3116109856
624011689
53367893
619475949
2849941060
624011689
53367893
46782315
266698643
91994790
1349219221
1349219221
39209161
18669139
26474538
217530764
72245600
328445838
28885223
53367893
320683924
1052636082649620482
53367893
53367893
21689226
2874173163
66634122
2764238603
4831070549
25144335
30941476
25144335
25144335
30941476
30941476
30941476
25144335
25144335
30941476
30941476
38033026
2218242171
624011689
2218242171
25144335
38842425
624011689
2218242171
2218242171
624011689
619475949
2218242171
2754777701
2754777701
25144335
34285054
30941476
25144335
25144335
25144335
30941476
2754777701
34285054
30941476
25144335
25144335
30941476
25144335
624011689
25144335
54873729
30941476
54873729
34285054
25144335
25144335
25144335
30941476
54873729
25144335
38842425
25144335
25144335
30941476
30941476
25144335
25144335
30941476
63452516
26474538
26474538
328445838
28885223
306227173
135173461
Result_count_tot:787