28142174
255923009
218711361
2874790725
603775254
82670042
357011498
52765131
57592947
28142174
222818835
218711361
328445838
75224818
328445838
791323129
18443986
929412942
328445838
17572399
17572399
17572399
399912856
78307926
17085853
39525159
399912856
3092335275
54972400
3092335275
106428909
929412942
19642213
891950312
891950312
399912856
399912856
440209308
132506283
47476554
328445838
57916104
63425851
19642213
1347621906
65586025
75224818
65586025
75224818
65586025
75224818
48980951
65586025
30739418
70987513
19642213
19642213
30739418
33497345
33497345
19642213
494384645
48980951
74539103
48980951
19642213
19642213
75224818
929412942
48980951
30739418
48980951
48980951
38402978
74539103
38402978
221812405
48980951
37677256
19642213
19642213
75224818
75224818
816993776
14282565
14291217
14291217
436838630
25353273
436838630
57916104
238945097
238945097
24746466
222818835
238945097
221674336
238945097
42920657
436838630
74983700
222818835
14291217
19642213
19642213
74539103
600758713
30739418
328445838
328445838
342052637
600758713
328445838
85529693
291692496
176164976
48980951
63425851
400060778
21746816
19642213
Result_count_tot:121