1590699720
245488374
1362816919645147139
1407063180560457735
1443226724548988931
1479772424271020037
1479772424271020037
2798668835
999381659802853377
3369648803
2493935700
1422624319168032776
1259510334961987585
615476387
1497844595778068480
398187587
854809571205959680
62121469
725382561770442752
1382858964208123910
1499661384497434624
41595048
1497844595778068480
365635604
998476071292035072
1436679831895351297
1475747722191851523
1475747722191851523
1475747722191851523
1420487973238448132
1214162700923572226
37904694
82045245
1353800907855695873
1472773433754853377
302827176
717036122837266432
1497111728441770013
1345427232626536449
784932374064734208
18893889
1402702003680288770
1443944649329160194
29743666
1496666627739426821
557746614
1503059787164094478
18583721
1502777463973294087
1249761786481573888
1500188934638342145
1500188934638342145
1500188934638342145
1247917801353904128
1485207780919324673
1881014702
1896687523
1896687523
1497207432426233859
1449819629317246983
1501261453927464962
726924689336049664
1249761786481573888
1389966668110123012
1490071692965724165
1501261453927464962
1479517522760286208
1366471987682545671
22283867
1372578553355730948
2415646176
1486334915029446657
706391225033736193
1448379760636219399
732644968859357187
2981103473
1502777463973294087
1502777463973294087
1502777463973294087
1405875978874785794
1405875978874785794
1500183426233769986
1502768839607603202
1480195967169216516
1291827765881249792
1501261453927464962
1486334915029446657
28361527
1455059428512878592
829401565379297281
1493905537024630784
1493905537024630784
1590699720
1590699720
1454467969174712321
1322630919530913792
1380846674319392776
1502956492181360645
2469228290
1501261453927464962
1290616574018289667
1486334915029446657
1486334915029446657
1493905537024630784
1471452376137703433
1486334915029446657
1493905537024630784
1214162700923572226
1443614588268781587
1443614588268781587
1443614588268781587
453906285
1443614588268781587
1443614588268781587
1443614588268781587
1443614588268781587
1443614588268781587
1443614588268781587
1443614588268781587
1486334915029446657
1291827765881249792
705504292845854721
1490383259531984909
1490383259531984909
1493523557225222144
1490383259531984909
1495326827870572546
1078967581426544643
1498942172283953153
1498942172283953153
1078967581426544643
1479864743330566145
1287439965211721728
1495323976356274177
1479864743330566145
1493535959010488321
1493535959010488321
1493535959010488321
1493535959010488321
1484880116572467216
1486334915029446657
1484880116572467216
1484880116572467216
1475747722191851523
1475747722191851523
1492866787423174661
1484880116572467216
1484880116572467216
1494053998604988416
1486334915029446657
1486610042627448836
1484480882513694721
1414818486
1495326827870572546
1078967581426544643
1495320876224503812
736916216
1448673021686960132
1298309669274951681
1298309669274951681
1405601673473630213
2773561720
1078967581426544643
18475198
826589323
1289137505212735490
1296812504807608325
1310371657
1495323976356274177
1125414934131687425
1495484249541156866
1495326827870572546
1078967581426544643
1405875978874785794
1497965432409624581
58765751
1365854488746217473
1365854488746217473
1480195967169216516
1479772424271020037
1501261453927464962
1462913360144388103
1462913360144388103
1501261453927464962
1393567309470572546
1352086882943979522
219268128
1327241977453277190
1405875978874785794
1327241977453277190
1498990213682638849
1308324266149060609
1186943299376078849
1493905537024630784
1176604664164429825
14623897
1433449125295661056
1433449125295661056
1433449125295661056
1433449125295661056
1354199075474845696
1469365144580993026
1488231930122358785
1493905537024630784
1488231930122358785
1493905537024630784
1502696496201969668
1287866690
269042274
1446535209768337408
1414818486
1473396833728835585
1473396833728835585
1473396833728835585
1473396833728835585
1473396833728835585
1475747722191851523
1473396833728835585
1473396833728835585
1475747722191851523
1499608755134091266
1473396833728835585
1249761786481573888
1473396833728835585
1296450661039603712
1473396833728835585
1473396833728835585
1479864743330566145
1473396833728835585
1473396833728835585
1414818486
1494053998604988416
1327241977453277190
804041895538262018
1044221941043916802
1498596794804101121
1498596794804101121
1498596794804101121
1498596794804101121
1486610042627448836
1493523557225222144
1230084996364480512
1486334915029446657
1498596794804101121
1498596794804101121
1498596794804101121
1044221941043916802
1472773433754853377
1330109718384271360
1414818486
304418946
1483825729305563147
1483825729305563147
1484880116572467216
1495715157342838787
1483726553011867648
1486334915029446657
1484880116572467216
1493523557225222144
1498942172283953153
1498596794804101121
1448673021686960132
1498596794804101121
1494053998604988416
1495320876224503812
1417961946981277697
4870296791
1495715157342838787
1483726553011867648
1498596794804101121
1486610042627448836
36028993
1493905537024630784
1493905537024630784
1493905537024630784
1493905537024630784
1406974932958040064
1493905537024630784
1417961946981277697
1500397525223759875
1486610042627448836
1396804165523890176
304418946
1385291324207865857
304418946
1490383259531984909
1490383259531984909
1453176133147635717
1396804165523890176
1486334915029446657
1289137505212735490
1371809954517114881
1486610042627448836
1498596794804101121
2469228290
1498596794804101121
2469228290
2469228290
1488231306861453319
1498596794804101121
1490383259531984909
1493535959010488321
1490383259531984909
1493535959010488321
1493523557225222144
1385291324207865857
1486334915029446657
1486610042627448836
1414818486
1495326827870572546
1494053998604988416
1484480882513694721
1484480882513694721
1500729422747512838
1493523557225222144
1486610042627448836
1483507706912808964
1415129091955740677
1498942172283953153
1448673021686960132
1495320876224503812
1500397525223759875
1484880116572467216
1373315947562475524
1483507706912808964
1484880116572467216
1396804165523890176
705504292845854721
1298309669274951681
736916216
1493905537024630784
974982525595586562
974982525595586562
244057831
1358879749507006465
1330109718384271360
2469228290
309334506
2469228290
775084458743562240
15200878
484080959
2469228290
1477369769192050696
1161543558052139008
1119971336485507074
137463417
304418946
304418946
1473970389063716867
1440680149490434059
998476071292035072
998476071292035072
14331613
14331613
1472773433754853377
1472773433754853377
14331613
14331613
2165669738
1241032817527619584
922013846809739264
1330109718384271360
1330109718384271360
1484135646230892548
1431643795976867843
1479237841368592385
1434204329443946497
1287439965211721728
122072320
1500183426233769986
72228773
20140230
1268900447626002433
1407634434094948352
26798240
1353800907855695873
3175750240
2774244156
1473008803755008001
26798240
14286391
985514599935086593
103097873
2469228290
3369648803
2469228290
223812019
3175750240
2415957962
2415957962
953748657190440961
1258924800006926338
1373315947562475524
1466317034904596480
1370413813439287301
974982525595586562
1491076347728433156
937223285313626112
974982525595586562
1418956312717709313
1365854488746217473
2469228290
874355535721660416
2469228290
960304249476349952
2317558679
2469228290
1371560561301983239
1590699720
1389966668110123012
1112802127435522053
1365854488746217473
1389966668110123012
3012371014
1499479780990898179
244057831
3870549323
81644259
113454353
594696159
128831546
1472773433754853377
271866986
1472773433754853377
26798240
40215521
1498024171191820288
1497853228964323330
1363906246563287047
277781868
1500183426233769986
1479461717096767488
1459823105086574594
1496218554005274625
1374065482043691011
274761795
775676528
1348932240600924161
1348932240600924161
237141010
1499661384497434624
1379441828534091780
1440680149490434059
116466388
116466388
1371560561301983239
116466388
1466826975423741963
116466388
1709297006
116466388
536275722
829401565379297281
1499659644955942912
1358879749507006465
453906285
1403074093826686976
961314104190427137
453906285
3369648803
1473970389063716867
1446539647623041038
616540849
518403203
304418946
1502325783263645703
927354972819226624
2428433270
927354972819226624
974982525595586562
1499720755277410309
801522667685875712
1351663702488002565
2394537301
1476292066971987972
1355617817438121986
1241003558331469825
1241003558331469825
927354972819226624
1489906304248287233
1430657630855380996
804132241
1461366751631794184
1499631472675860483
2469228290
986543088
706391225033736193
1499635165362102275
1500809450969608193
1590699720
1109544350499917824
1109544350499917824
1109544350499917824
1109544350499917824
1109544350499917824
19452766
2469228290
3331154825
1499628746676047874
2469228290
18443986
2469228290
3044288870
18443986
72228773
1500183426233769986
1362173755838070785
230910455
3044288870
999248094033100806
999248094033100806
2895212128
32856990
1500183426233769986
1499635165362102275
1175834816975183872
927354972819226624
1333120774161506305
1500742146483269632
1500742146483269632
233665155
3347508124
819218836713041920
707668606922915840
1160653018213355520
2469228290
246764963
1499635165362102275
1097908154594148352
1499661384497434624
1496509687944126465
1499689136621596673
1496447897189158917
1493987395682947078
1448379760636219399
1448379760636219399
1287439965211721728
1500515520466100232
1290914712566337538
1472773433754853377
1353800907855695873
1499689136621596673
273555252
1467920063491678213
1498460380720414720
1498460380720414720
1287439965211721728
1499651676248158212
63560251
752523992058200064
19452766
1448379760636219399
1448379760636219399
1497853228964323330
1499727050650918913
630122329
143397784
707150547216896001
102390704
19717082
74128420
1448598260847980546
874355535721660416
1373315947562475524
4798966816
1473970389063716867
723531430001807360
1500399756169863168
1373315947562475524
1500809450969608193
3074396561
1497650787090157574
518403203
518403203
518403203
80334174
1500469532858662913
1059811218574270465
1059811218574270465
474070514
1499705648199700480
1446539647623041038
453906285
1499628746676047874
2391406278
1494382144885768192
1494382144885768192
2226079184
1342901625539747840
475239362
1499661384497434624
43763755
1419043035501973509
1499661384497434624
804386135564845056
78864889
1205139618942902272
3331154825
2469228290
2469228290
2469228290
1455199499039637517
1019291189701435392
557746614
1499661384497434624
1499628746676047874
3406848177
1500399756169863168
1500742146483269632
752523992058200064
1499661384497434624
756013850
706391225033736193
1371560561301983239
334014421
1338866706010140674
805639615
19018191
2420157306
238315982
2874753993
304418946
1500742146483269632
1500399756169863168
974982525595586562
1446539647623041038
752523992058200064
3074396561
34231784
19452766
1500481760165081100
1500481760165081100
1500809450969608193
1499705648199700480
1499727050650918913
1227673760137957376
874355535721660416
1497853228964323330
1500476364360671239
1258924800006926338
1499720755277410309
1279823715140808704
1268079167091982342
1499640359995031552
1316057665949310977
974982525595586562
1499628746676047874
974982525595586562
1158782291272982528
1358879749507006465
3331154825
1500471434874863617
741266268
196914679
1501185029875159047
741266268
2350574498
452190348
18443986
410799846
34382957
34382957
36678662
36678662
64818133
1405208575455088640
998476071292035072
823547012079648768
2981103473
274911017
1352086882943979522
1352086882943979522
2291526088
14331613
1015301798603776002
107025988
107025988
107025988
1134070120572182530
14331613
3622501937
885365267479625731
4260193702
18443986
21805544
2644003750
14542929
1185270297043329024
19293899
568362036
1065692341539930113
340421086
2418099208
22283867
1353800907855695873
123630929
127810035
1500183426233769986
3012371014
999381659802853377
1499661384497434624
1269386606072430593
557746614
273367750
29743666
1498240932621209605
1429890756
1443226724548988931
560318650
1499659644955942912
707668606922915840
1268079167091982342
452190348
1007983113581072384
1352086882943979522
603849046
1352086882943979522
2469228290
1343500261982089216
404165469
2600974059
612972910
800343649
112668501
1499619032189878273
452190348
1500526037574295556
1363893673
2433391021
3074396561
603849046
452190348
2469228290
236951309
274923088
241503233
2519133448
3029050725
977648877879943170
977648877879943170
1358879749507006465
518403203
1268079167091982342
36042839
944602050
3311650175
946038681781047301
1345427232626536449
85683171
1303312896840077312
1499732798336385024
3074396561
1256977556596760577
999381659802853377
396618124
2313448980
1590699720
1500399756169863168
1453056280617275394
241503233
1482048027682648073
338465876
720591283211870208
31007362
230910455
65311207
42385102
1402377966072610821
1899937987
1112961944753967104
46219233
1097908154594148352
557746614
3074396561
2313448980
3074396561
976922158197891074
219268128
2317558679
19452766
82564959
19452766
Result_count_tot:783