3338473725
139997002
558509565
175187994
821110070
17997231
1064859732471660544
1471227833255092227
367047571
1343500261982089216
3515220803
253932197
253932197
1422624319168032776
1091597816357703681
1091597816357703681
23737789
2356165187
752523992058200064
752523992058200064
752523992058200064
752523992058200064
752523992058200064
23934018
4836064754
328445838
61561385
4836064754
61561385
1065145858197471232
941980603431505921
4836064754
355063017
1258924800006926338
1448379760636219399
1492601532340129792
1448379760636219399
941980603431505921
450683224
2325000927
897314346
4836064754
4836064754
4836064754
1448379760636219399
18475198
175187994
175187994
18475198
175187994
175187994
719239930279538688
18475198
17778782
18475198
18475198
37416154
1021149774538473472
175187994
450683224
37416154
18475198
37416154
18475198
131293004
940191986346266624
17778782
17778782
261852783
707668606922915840
61561385
1373315947562475524
941980603431505921
18443986
261409790
18475198
64017065
2394537301
914037191537504256
18475198
1482703105565368326
475239362
32362052
40025776
40025776
1138135979443785731
1565780678
1475212023134928907
238109168
1180123364494585858
15894774
155027569
14109752
387118980
1268113275868381185
863073687855149056
14109752
72830645
822964671305121792
806993211692552193
1359516820961693703
749584399105130497
1359516820961693703
749584399105130497
1279522303454429184
17997231
570744394
2458399581
863073687855149056
1029415540694179841
1319919082431537152
1085173118619078660
1359516820961693703
1338866706010140674
1029415540694179841
1029415540694179841
1029415540694179841
1029415540694179841
1338866706010140674
31038396
70996053
570744394
1278779333486706688
1492195215100240018
791538236
3171637277
473993305
449971328
473993305
2418099208
159158744
36148979
238109168
2313448980
1471227833255092227
437373893
791538236
2991881739
437373893
2496120775
103097873
563235947
52765131
57592947
17425802
17425802
1208042953404497921
226167775
447536883
834285631857651712
27437465
14499947
16645288
1217475301212594176
941980603431505921
22920732
334014421
1031123971
824619908415754241
1372764241
782673266
4771777955
48536494
1029415540694179841
701807069
20868447
28142174
1343500261982089216
701807069
1215914436
31090806
340976159
31090806
1163521462638120961
492554765
1163521462638120961
271866986
2872701496
701807069
44714439
1343500261982089216
44714439
797810
822964671305121792
2192914376
839827525786292224
77990661
2389682486
1071398514389909504
3419927662
18475198
2313448980
1245760994
277496292
40025776
1213466634251161602
44174373
1342246146
1343500261982089216
19488125
1358879749507006465
1023053633645109253
472294857
4260193702
14048665
365635604
18475198
39239833
197110573
365635604
489314812
63266077
243578283
243578283
243578283
365635604
243578283
1342246146
1342246146
13712
74677398
243578283
39239833
365635604
13712
365635604
365635604
1545946591
365635604
39239833
365635604
39239833
365635604
39239833
1545946591
110462639
365635604
365635604
39239833
365635604
1545946591
464645247
365635604
365635604
365635604
18475198
192273401
365635604
365635604
365635604
365635604
1545946591
464645247
1290914712566337538
365635604
365635604
192273401
192273401
18475198
365635604
134194894
1139276113493069827
15894774
15894774
1037031822
15894774
15894774
15894774
357011498
1029415540694179841
224248943
57350340
1015217707891949568
66735643
18475198
90818945
1198189740
1343500261982089216
3515220803
1070982012
42857269
42857269
76610050
42857269
42857269
42857269
42857269
42857269
398606542
365635604
365635604
362360582
1139276113493069827
2917410415
360533388
2917410415
360533388
2308216804
54854379
18520064
365635604
2971811784
1139276113493069827
3044288870
21904772
102117224
976922158197891074
734843546306510849
20868447
2313448980
365635604
365635604
365635604
365635604
1518809059
365635604
18475198
365635604
363282607
18475198
365635604
18475198
365635604
365635604
277496292
363282607
365635604
1342246146
58028047
398606542
365635604
365635604
365635604
605490628
14997025
74539103
30739418
74539103
30739418
74539103
258445122
818127906
52765131
2772355264
156455133
1347109550
417134771
278021411
420229699
186527636
49720422
420229699
465012279
18029265
465012279
18029265
18029265
227615659
186527636
34922204
2207761090
25683251
18029265
64004084
13685162
131969061
387800504
420229699
34972320
77990661
1691130469
14997025
1691130469
970200738281480193
1139276113493069827
77808402
74539103
77808402
411319649
1896734448
606206509
606206509
717036122837266432
238308510
2863714984
103280252
807629196
103280252
77808402
4850156121
77808402
77808402
77808402
77808402
77808402
28726577
3843873311
3843873311
77722927
605490628
1362544471
67845970
9326842
423433722
966251334960902144
72228773
20868447
1568450005
109449921
320766476
35456283
35456283
78874906
320766476
1247381935883722752
701807069
701807069
930448232
1412331872
64630577
19237550
70373458
70373458
94393357
343983889
67429024
231441566
20868447
355063017
434203999
14405428
1161057779060215808
20868447
30739418
92476304
30739418
21857414
77990661
822964671305121792
931345838131089408
103280252
1188770191892762624
195914629
49907982
49098525
34571000
1105462016431538178
1153960519713349632
1005957909950423040
3229298986
39737021
954093453209718785
3229298986
39737021
3229298986
39737021
3229298986
1744721
39737021
39737021
1744721
1744721
800997802100817920
3229298986
800997802100817920
1207199508838387712
39737021
983400180
800997802100817920
800997802100817920
94523913
342890658
983400180
48680565
14491589
14997025
55450664
346035066
1102862541573767168
1033716271391694848
628309340
36627732
791134460
402377699
1198147228289908736
2410945122
19018191
480311883
708938600382124032
263766959
14228401
333553994
369764125
69615707
24206297
1082560966188040192
819487748
830946769
830946769
4755589095
38642788
1209600752919994370
1828468578
2626592290
2474265036
39737021
100851422
2474265036
3229298986
2474265036
222400449
39737021
25867735
816758060727332865
2596016185
192273401
915983817390936064
937264272
20868447
1211036155384221696
34571000
20868447
1211036155384221696
20868447
20868447
20868447
34571000
20868447
25867735
16362310
3413490065
992162588233527296
2957290096
20868447
30494954
142199485
3340980753
21695947
14997025
77808402
971883633698066432
77808402
971883633698066432
374402229
20868447
930448232
152755645
74539103
1139230201953603584
1139230201953603584
1139230201953603584
25336045
25336045
25336045
1083680172023447552
433608736
31007362
3345617697
1673723341
1338522338
21749969
3393385137
19764533
60517852
930448232
60517852
930448232
46106058
1028185452338130944
56125230
22014140
3423031833
66700763
3423031833
66700763
3423031833
3423031833
66700763
2705980333
4305640541
14997025
84709356
112428297
422628082
5117631
1227221124
409084047
17230800
422628082
34972320
461315151
72365254
3071929954
72365254
767253742399938560
422628082
422628082
60896067
30281571
422628082
45890946
248260003
1828468578
1828468578
20868447
22674545
142199485
15894774
142213666
440394770
2991864118
713990580
38265914
26987867
1311941942
453906285
320766476
942304814
19764533
1342246146
14997025
17230800
360447111
14997025
2729147326
37387091
14214281
280019924
17572399
23176823
14420387
1342246146
1342246146
399912856
317865220
317865220
399912856
317865220
17230800
66735643
66735643
18475198
54917900
66735643
17632830
411319649
46599128
969145476
62862693
1041237779135397888
62862693
328445838
1041237779135397888
62862693
1041237779135397888
20868447
18475198
14214281
17230800
17230800
701807069
399912856
17230800
2729147326
2729147326
46359538
16362310
915532897
1338522338
18475198
1338522338
17230800
18475198
18560876
18560876
18934005
930448232
1896734448
350336353
320766476
48980951
276408730
328445838
767966124055166976
57064417
31383680
82825318
2425458465
21393770
87052087
954411663167549440
279250117
20843718
36627161
399912856
399912856
1896734448
844268114393153537
1896734448
930448232
78552862
3314634789
2180849438
1951333489
844268114393153537
36627161
844268114393153537
844268114393153537
57653188
930448232
363282607
930448232
1896734448
26798240
39239833
551730401
26798240
26798240
99347701
93914726
19340799
19340799
19340799
19340799
26798240
26798240
18560876
23176823
328445838
399912856
36627161
356852568
36627161
87237306
21301081
17230800
146956305
42630696
701807069
36330373
433608736
20868447
411319649
30739418
411319649
788770912472621057
33892809
26969484
3342591807
1399175174
2372074475
49601587
433608736
717610795
149634821
240320823
1347621906
319072924
258445122
2501224960
734478434
18934005
219653856
77722927
2402439436
2956327635
2584223720
295321475
250276346
567684174
19762987
81578629
402377699
10126712
103555738
17813010
20868447
367047571
16904159
17230800
72330076
63118794
2165413610
2165413610
328445838
40025776
328445838
40025776
328445838
34972320
1896734448
1896734448
59406268
475024774
203041512
26798240
125750601
333034181
68668134
23176823
23176823
328445838
29731324
399912856
1354354296
19764533
79163086
979213423
711094341
711094341
979213423
1551481968
219640976
63118794
328445838
320766476
14894302
2815604118
195073490
53336644
79163086
39239833
21695947
14997025
23176823
78552862
2250914512
30739418
74539103
18633093
42143633
42143633
1103778158
38402978
411319649
1691130469
74539103
32467248
2165413610
2165413610
460049232
3352409470
30739418
Result_count_tot:843