1292585906
2415957962
67845970
400864184
67845970
1325896879100604417
67845970
1325896879100604417
24571952
67845970
2285421987
67845970
1428655003988791301
67845970
67845970
130597727
2415957962
2415957962
960535489035034624
20238626
2415957962
579065545
2415957962
172694845
273555252
2415957962
20238626
33099288
624650855
53876028
20576681
4717614681
33099288
33099288
33099288
2809908354
717774036877623296
1219735398
2468224068
404165469
112428297
27844742
575398242
1250448094937976834
1250448094937976834
1362663147836997644
2415957962
2415957962
1102159628719271937
67845970
862928701008338944
1096055512955793408
2511331975
62862693
62862693
2415957962
2415957962
62862693
2415957962
67845970
2415957962
3248077611
67845970
87666695
37876601
912566684
912566684
619475949
3248077611
333903537
2415957962
3248077611
365635604
2415957962
365635604
2415957962
18333954
2415957962
2415957962
3248077611
1250448094937976834
1275457709702348800
1275457709702348800
406892131
752523992058200064
2415957962
1007522258468986880
2341869265
28413649
2415957962
2415957962
2415957962
905331215133286400
2415957962
2415957962
1250448094937976834
1324347995303936000
112428297
2415957962
374402229
1324347995303936000
2415957962
815188041308446721
2415957962
67845970
3088821058
2415957962
14246923
14246923
1375482213404401664
1285604032325853185
1285604032325853185
1285604032325853185
1285604032325853185
3296731137
2415957962
33099288
2415957962
2415957962
67845970
49294750
67845970
76449407
62121469
67845970
62121469
2415957962
67845970
67845970
486142464
151011781
67845970
72645772
2415957962
46888173
1105770106414604289
2415957962
46782315
2415957962
2415957962
3248077611
2415957962
20238626
619475949
619475949
3088821058
67845970
1258021184899350531
53876028
2415957962
2415957962
2949875338
3248077611
2415957962
24564251
24564251
33099288
33099288
13665432
2415957962
1185270297043329024
13665432
53876028
2415957962
13665432
13665432
53876028
2415957962
53876028
13665432
1114628888834056192
1007522258468986880
1007522258468986880
2415957962
966251334960902144
703547894
54917900
33099288
24564251
18264009
1007522258468986880
2415957962
2527489718
2415957962
33099288
25977779
26349198
53876028
33099288
2415957962
33099288
33099288
53876028
33099288
57064417
53876028
1051545534
53876028
67845970
1314183164387094529
21391669
67845970
2415957962
3558171561
1657014960
886201654391033857
2415957962
966251334960902144
79163086
2415957962
1325896879100604417
2415957962
1325896879100604417
1974343254
2415957962
33099288
24564251
1974343254
62546505
619475949
183356975
619475949
68948640
401237832
2415957962
394836017
401237832
401237832
2415957962
2290658585
33099288
33099288
33099288
33099288
33099288
1974343254
2415957962
38451208
2554375868
1077597337508331531
1489312196
1489312196
886201654391033857
2415957962
2415957962
33099288
2415957962
20238626
1220716103917277184
1220716103917277184
2415957962
2415957962
2415957962
2415957962
2415957962
224659954
53890307
18475198
53890307
18475198
53890307
18475198
53890307
53890307
53890307
2554375868
1238899566184931329
1238899566184931329
39239833
1381906795
2197691158
1285491224
1285491224
58028047
2197691158
34696385
103833985
1247925555086983169
34696385
143025514
353921685
619475949
2372074475
992162588233527296
544290399
2415957962
14675891
53876028
53876028
28413649
18657392
2332472992
3374114717
3374114717
14675891
2332472992
28413649
28413649
2332472992
28413649
34619210
1163547338071334914
1093940802005422080
293098740
1185270297043329024
992162588233527296
3065951663
2415957962
2415957962
20238626
2415957962
2415957962
3248077611
17648646
1118179957123973120
17648646
67274483
74677398
3296731137
47448389
2415957962
47448389
2415957962
25867735
1021149774538473472
776412732107075584
1275446147700518916
38260259
2415957962
2415957962
2415957962
28170408
28170408
2415957962
2415957962
28170408
28170408
27844742
27844742
27844742
2415957962
752523992058200064
1162940966023516160
402377699
18669139
18669139
1456920548
816758060727332865
1456920548
816758060727332865
1456920548
309126789
816758060727332865
2415957962
816758060727332865
2415957962
2415957962
28170408
2415957962
28170408
2415957962
28170408
1241308942145392640
2415957962
2415957962
16362310
616065022
2337642753
37272963
2415957962
16362310
2415957962
195073490
172694845
172694845
172694845
172694845
172694845
38260259
38260259
2415957962
422628082
1541727288
1541727288
2415957962
24564251
2415957962
2415957962
2415957962
2415957962
47974057
20238626
3065951663
68948640
82872579
18657392
36172874
2415957962
2415957962
203669147
2415957962
2415957962
3175750240
288414511
2415957962
2415957962
1124046246321250304
2415957962
408398227
3248077611
2415957962
2415957962
2415957962
16362310
2415957962
76610050
281707965
2415957962
2415957962
281707965
1124046246321250304
2415957962
2548072274
992162588233527296
2548072274
992162588233527296
2548072274
1144550193930670081
2433391021
2548072274
57064417
2415957962
2415957962
2415957962
1242834702630883329
2415957962
825040897
249076776
33609198
2415957962
1853823378
20238626
2415957962
2415957962
76585094
2415957962
3065951663
2415957962
2415957962
897554443499167745
2415957962
897554443499167745
897554443499167745
2415957962
897554443499167745
897554443499167745
2415957962
2415957962
897554443499167745
897554443499167745
2415957962
897554443499167745
897554443499167745
2415957962
897554443499167745
236403619
2415957962
2415957962
1342246146
2415957962
2415957962
931345838131089408
2415957962
992162588233527296
3065951663
20576681
3065951663
2415957962
3065951663
3065951663
3065951663
3065951663
1496579581
2415957962
815188041308446721
2415957962
2415957962
19904252
30421352
2415957962
3065951663
16362310
149253205
434377207
2415957962
434377207
40322305
47448389
1102159628719271937
1102159628719271937
76585094
1391810886
1158782291272982528
2415957962
16362310
735095665
14048665
2415957962
16362310
992162588233527296
2415957962
3065951663
2415957962
2415957962
2415957962
2415957962
87666695
761596867625058304
14491589
2415957962
18490910
414125900
18264009
3248077611
3291234059
236403619
21864336
2415957962
2415957962
3248077611
2415957962
2415957962
886201654391033857
60271012
2415957962
18657392
798557710321074176
47656908
1069711076542025728
2415957962
36172874
72228773
67845970
2415957962
2415957962
67845970
30241775
20238626
2415957962
2415957962
1125479276336308225
2415957962
2415957962
2415957962
1541727288
33099288
2415957962
992162588233527296
2415957962
2415957962
62862693
429985312
2415957962
2415957962
2415957962
719175244968288257
2415957962
165183803
2415957962
975023682576879616
2425711254
2425711254
14732917
2415957962
31007362
31007362
2415957962
31007362
2415957962
30435298
2415957962
2415957962
67845970
67845970
67845970
2415957962
1131150391641628672
2415957962
304615761
2415957962
36172874
1177511242828849152
1058367745098694659
3065951663
2415957962
2415957962
2415957962
3248077611
922410286270828544
718349821153832960
2415957962
236403619
2415957962
20238626
2415957962
2415957962
20238626
2415957962
825040897
2415957962
1203946340
2415957962
134551793
2425711254
992162588233527296
67845970
2415957962
992162588233527296
2415957962
421368016
2415957962
489479693
3076779896
489479693
3076779896
3076779896
489479693
3076779896
489479693
3076779896
489479693
489479693
3076779896
489479693
3076779896
489479693
30241775
2415957962
3076779896
2354120915
2415957962
1225199370
498130171
1103954374550872066
1225199370
2415957962
2415957962
2415957962
2415957962
342931484
2415957962
2415957962
1348623194
173413752
313473464
369080489
236403619
931345838131089408
2415957962
249714637
2415957962
203669147
203669147
2415957962
2415957962
2415957962
91087865
15520799
53876028
2415957962
795168244588052480
2415957962
19921092
3065951663
3065951663
2415957962
2415957962
3065951663
2415957962
2415957962
2415957962
325150281
2415957962
325150281
325150281
325150281
2415957962
718349821153832960
1203946340
40322305
2415957962
1203946340
25669359
946038681781047301
62862693
2415957962
62862693
2415957962
62862693
2415957962
62862693
314075083
2415957962
314075083
2415957962
314075083
2415957962
2415957962
2415957962
1225199370
33099288
33099288
2415957962
2415957962
382598137
18264009
1225199370
1225199370
2415957962
16032272
838081680879529986
16032272
838081680879529986
16032272
838081680879529986
2415957962
1670932801
886201654391033857
2415957962
1031912178306220033
481401647
481401647
946038681781047301
2415957962
867381021502787585
19282777
3065951663
2415957962
3065951663
2415957962
28611543
2415957962
867381021502787585
28611543
33099288
2415957962
3065951663
1203946340
1225199370
1109958066
3115258858
3115258858
1630097102
60271012
274452288
2415957962
63266077
2415957962
489479693
3065951663
867381021502787585
3065951663
67845970
369442305
718349821153832960
2415957962
2554375868
236403619
26534538
360838847
360838847
422628082
82312919
2415957962
44983912
2415957962
3065951663
137979338
365635604
365635604
2415957962
306426609
27113674
34696385
2415957962
44983912
2415957962
2415957962
2415957962
2415957962
44983912
346773770
59617426
2415957962
247251231
624650855
3248077611
Result_count_tot:797