2415957962
2415957962
415701368
2290658585
415701368
2290658585
27695937
338465876
415701368
775084458743562240
415701368
1258924800006926338
415701368
1119076135
415701368
22012466
415701368
192889718
1286919403
971883633698066432
31662242
67323889
1498620645281783814
918735913106239488
929387688863715328
929387688863715328
1483731527674601473
338465876
28783251
72277469
1354778661770113027
1293137332128960512
415701368
3103828582
415701368
1478114260458917888
3103828582
3175750240
3103828582
415701368
1518809059
946038681781047301
2180608131
1219702250068639745
1731175884
1486207029144272896
21873720
1482013042552741890
2823768948
1455473553730686976
1455473553730686976
1455473553730686976
1388205070731390981
1426952707
1426952707
839214800550887427
113605265
113605265
113605265
113605265
34321294
34321294
34321294
34321294
1426952707
415701368
608112259
2290658585
387029305
2284280579
1334052755909042177
941980603431505921
387029305
941980603431505921
387029305
941980603431505921
387029305
941980603431505921
387029305
941980603431505921
387029305
76564366
40215521
26328944
436738807
415701368
415701368
1125479276336308225
1386911471616118785
1164065309772451840
33885551
19904252
19904252
4876636583
3387625894
40215521
387029305
415701368
224240042
591044078
239541918
2874398938
239541918
2874398938
239541918
219653856
239541918
415701368
46979706
46979706
725925007
46979706
725925007
46979706
1426289635
1379147520014696449
1386911471616118785
707668606922915840
863073687855149056
415701368
415701368
303486355
46979706
415701368
3387625894
293224201
4876636583
112871323
415701368
19904252
998476071292035072
3544791135
23155802
23155802
1216111135386226690
43871098
1386911471616118785
40215521
2308216804
19904252
2741152709
78864889
2741152709
78864889
3175750240
31097949
78867475
45650263
1376421620
429985312
49294750
968440621
4184157375
3423031833
1125479276336308225
3423031833
1303568044304687104
769870838
1125479276336308225
3544791135
20889847
3544791135
1377406085032722433
219640976
890588293
40215521
856504234099048449
1138078746177605633
40215521
40215521
40215521
59686920
415701368
269685189
40215521
51473040
851311176
21991593
415701368
415701368
415701368
415701368
19904252
752523992058200064
76314210
1386911471616118785
182310573
45526406
415701368
64385966
1452076134
372735335
415701368
314635115
304331315
58511405
46979706
473914976
57615054
365635604
47646982
2718334706
365635604
415701368
495605157
314635115
35733102
35733102
35733102
64404994
64404994
464645247
19389900
1133781622485135361
62121469
404265872
2415957962
410236677
2180608131
2415957962
80887146
2415957962
35186651
612676325
35186651
2504039479
955474624917188608
365635604
2415957962
172694845
735764197380759552
360838847
1430846132058476544
139997002
2415957962
139997002
2415957962
2415957962
2415957962
2192914376
2825747327
2825747327
2192914376
19389900
2825747327
19389900
50336259
464645247
2180532753
464645247
2729147326
130597727
140929801
577028010
76449407
2415957962
502148213
281589495
19389900
16945575
16945575
19389900
45518845
1433036012683513865
195073490
471152965
471152965
19389900
471152965
464645247
1172869273
365635604
1172869273
14048665
365635604
365635604
1172869273
14048665
1377224510341058561
365635604
277496292
365635604
14048665
4149471980
1158782291272982528
954301223460589568
2418099208
139997002
363282607
365635604
365635604
1172869273
277496292
1172869273
365635604
473914976
3354083716
365635604
365635604
365635604
365635604
365635604
1358879749507006465
34571000
471152965
471152965
325150281
941980603431505921
14048665
194248178
2548072274
471152965
838753427207380992
473914976
1172869273
1308428186842169345
473914976
62121469
802514070
802514070
48154045
38421714
2310502713
293224201
93963992
21890520
21890520
21890520
93963992
725925007
34268915
725925007
1327779821770960896
3579740657
820258149735235584
1337797928
22492349
68222671
35733102
471536446
841768222324076545
53876028
22492349
137776972
95238065
2815604118
860129059
237524449
860129059
59580884
860129059
237524449
860129059
591044078
22492349
559667504
53876028
22492349
22492349
22492349
53876028
53876028
53876028
53876028
53876028
22492349
338557070
22492349
22492349
338557070
22492349
22492349
22492349
338557070
1290914712566337538
53876028
53876028
22492349
338557070
53876028
22492349
338557070
53876028
53876028
3854888595
1112961944753967104
32482854
2729147326
30195176
30195176
725925007
22492349
20854389
53876028
22492349
53876028
22492349
338557070
30195176
338557070
30195176
350954507
350954507
350954507
338557070
350954507
338557070
62121469
718349821153832960
338557070
30195176
271844563
21864137
53876028
304349283
28528811
14303569
338557070
245275525
1399069694326366208
1399069694326366208
40322305
2415957962
2415957962
236403619
2415957962
236403619
236403619
40322305
2772355264
40322305
2415957962
1426289635
108728225
1426289635
783426007650930689
1250898934664486918
17606518
1185270297043329024
1514087286
28413649
2415957962
271866986
2415957962
2415957962
20238626
14048665
14048665
1011728104862179328
1023053633645109253
273555252
473914976
1109862542560632838
16557956
38451208
2415957962
2415957962
161381301
1273766098316464131
1450680715
718349821153832960
2415957962
1273766098316464131
1316289968164286464
58559509
1125479276336308225
1518809059
735764197380759552
1374424448502145027
1316289968164286464
802514070
1208924740179677184
2313448980
43062590
1374424448502145027
1374424448502145027
195073490
467225373
1374424448502145027
1281394579414155264
1374424448502145027
1374424448502145027
1362400037460979713
1374424448502145027
1276320722269491200
1374424448502145027
3308599215
18844062
4008584489
1359437138203451395
1343500261982089216
1220295370229649409
1359437138203451395
34034031
1343500261982089216
1359437138203451395
1359437138203451395
1276320722269491200
241959982
1343500261982089216
742865374664876036
103097873
233665155
462751333
67429024
16557956
577301266
1208924740179677184
1379694971918372866
1374424448502145027
1374424448502145027
2718334706
1374424448502145027
262876171
262876171
1374424448502145027
1374424448502145027
1374424448502145027
1374424448502145027
1374424448502145027
615476387
213284301
3088821058
2415957962
1374424448502145027
1374424448502145027
55551293
1374424448502145027
87653806
1236936045058457600
55551293
25867735
76610050
13665432
366058034
94568166
1290914712566337538
19018191
1290914712566337538
19018191
1290914712566337538
1374424448502145027
492189880
2180532753
492189880
2180532753
492189880
2180532753
1313880829
492189880
55551293
1125479276336308225
828620824294879232
612972910
1316289968164286464
828620824294879232
612972910
828620824294879232
612972910
828620824294879232
1374424448502145027
65619261
1374424448502145027
3129875193
427801591
3129875193
427801591
3129875193
427801591
3129875193
130597727
135852848
981849646829010944
156438378
28142174
72277469
358175397
59569015
31994651
137776972
1477365528
29202154
31994651
1056639852748460032
2891389277
946038681781047301
429844913
452190348
2214354255
2741907000
539277121
270031753
353029255
1091597816357703681
3515220803
18897831
3515220803
3515220803
1216709986237272065
60896067
18897831
1343500261982089216
1343500261982089216
3515220803
18897831
3515220803
3515220803
1321819646778114049
18897831
60896067
33852061
3515220803
18897831
3515220803
1922000532
469801917
2434054144
919095216
2434054144
2560618001
2560618001
458537704
2434054144
2434054144
2560618001
1041237779135397888
2434054144
2874173163
312269694
1658364973
156438378
755816783760744453
810439669
2196571246
17606518
715982333329977344
1208042953404497921
1717294334
239484275
975074665734590464
34785068
469801917
2214354255
29676425
138426121
3515220803
29676425
29676425
295292833
481401647
1321819646778114049
138426121
1321819646778114049
497972401
138426121
1321819646778114049
1321819646778114049
900373029376733184
138426121
485041702
1321819646778114049
138426121
1321819646778114049
42938159
1343500261982089216
1343500261982089216
1343500261982089216
41597644
469801917
1343500261982089216
4771777955
1041237779135397888
60896067
42938159
138426121
55450664
60896067
2214354255
968519761129766912
372765977
968519761129766912
14617551
43726157
1232533915426066432
112188748
36510958
2434054144
304041005
732397975
619475949
983400180
33451038
467225373
959074220289425408
983400180
58445078
983400180
893466110
43101130
820412423874220032
828620824294879232
1268559555702730758
117461300
28525694
1015217707891949568
1015217707891949568
2910779123
414321157
134425466
546364353
995264373068320768
966251334960902144
703547894
54917900
254242153
81488726
195073490
254242153
34382957
1343500261982089216
1899937987
59569015
1352086882943979522
28142174
28142174
1107372186
28142174
1343500261982089216
28232768
122195535
1899937987
82825318
612972910
599615580
195073490
134425466
1518809059
923679078
195073490
1321794891530252288
79748689
35306702
2252408795
1382215398
85666077
724857631173664768
724857631173664768
619475949
33170830
2736841363
34672923
1125479276336308225
1899937987
824160598103588871
2874398938
1426289635
85666077
85666077
3664513882
1920493537
1228419612645175296
901499450643726336
69360046
124246090
293586346
293586346
473914976
38260259
34656014
473914976
21746816
18387289
293586346
1375044577
3457292777
1899937987
1899937987
1899937987
1241308942145392640
429985312
998101298980499456
828620824294879232
998101298980499456
828620824294879232
998101298980499456
998101298980499456
828620824294879232
828620824294879232
998101298980499456
828620824294879232
828620824294879232
998101298980499456
828620824294879232
998101298980499456
998101298980499456
828620824294879232
998101298980499456
828620824294879232
998101298980499456
828620824294879232
998101298980499456
998101298980499456
828620824294879232
828620824294879232
998101298980499456
998101298980499456
998101298980499456
998101298980499456
175091333
998101298980499456
274911017
828620824294879232
828620824294879232
998101298980499456
828620824294879232
998101298980499456
828620824294879232
998101298980499456
828620824294879232
271844563
3457292777
828620824294879232
3457292777
2953127843
1221539816610914307
268982264
612972910
971883633698066432
111924307
992162588233527296
612972910
603775254
577301266
50336259
14286342
1230965302353154051
725925007
2285421987
522268751
941980603431505921
910856132
107360105
2771607179
Result_count_tot:843