269777232
26798240
823664138475999232
860129059
1664459520
1664459520
44577324
44577324
44577324
752523992058200064
44577324
746281450757042176
44577324
746281450757042176
1241308942145392640
2308216804
1220747479811002373
1213466634251161602
44577324
196409507
196409507
277496292
277496292
14048665
17096233
2586939154
948480584833216512
39239833
2474295996
159158744
159158744
31976183
19764533
305455284
29676425
29676425
25262480
319072924
29676425
319072924
2548072274
319072924
29676425
848824298
2310295012
2310295012
2310295012
319072924
2548072274
319072924
2548072274
319072924
2548072274
735764197380759552
735764197380759552
735764197380759552
44577324
735764197380759552
44577324
735764197380759552
44577324
735764197380759552
44577324
735764197380759552
44577324
735764197380759552
735764197380759552
44577324
19332655
735764197380759552
44577324
44577324
44577324
44577324
44577324
735764197380759552
735764197380759552
735764197380759552
735764197380759552
735764197380759552
735764197380759552
735764197380759552
735764197380759552
44577324
26798240
29676425
329210216
29676425
329210216
325150281
26798240
26798240
735764197380759552
13712
735764197380759552
26798240
55168497
25262480
422628082
38739623
11511072
14712588
171438889
18897215
171438889
2176428032
44577324
44577324
1391542884
93260475
329902488
2227198434
1216482482
337036450
2530535551
227433091
741188732
868832431276687360
1284146730
1413163556
79143966
324902694
962751306883649536
14954417
44577324
44577324
44577324
295949271
23434430
729014320831602688
44577324
2807127859
2409651368
2807127859
824747139469279232
179673366
60862254
60862254
1040169306783461376
1040169306783461376
1109098524
442437582
442437582
442437582
442437582
442437582
1344589219
25137778
802925906377510913
2299823557
88906546
176305743
1019620796761812992
181599413
276996358
1284146730
102415577
44577324
328445838
44577324
2176428032
44577324
44577324
802925906377510913
1022452334872457216
131859965
159992511
39239833
607016620
910059944
607016620
608208081
23606104
26979187
607016620
26979187
26979187
44577324
607016620
26979187
607016620
26979187
607016620
26979187
607016620
44577324
44577324
721435315026665472
280183942
26798240
44577324
24694916
26798240
47073928
70495300
305455284
34656014
26798240
44577324
44577324
44577324
47974057
18360037
976529452506271744
44577324
848824298
752523992058200064
44577324
741990114365198336
741990114365198336
44577324
29676425
44577324
936293196388360192
44577324
752523992058200064
2389682486
752523992058200064
44577324
44577324
2775779241
44577324
44577324
44577324
31195903
48154045
741990114365198336
168117676
168117676
1284146730
44577324
280183942
280183942
280183942
386585448
386585448
924251534
924251534
2825747327
924251534
2825747327
924251534
2825747327
924251534
860129059
741990114365198336
44577324
17876987
90848755
926041021
848824298
14687587
848824298
390115409
81824632
81824632
390115409
328932781
886245624064167937
23573509
52104623
44577324
19764533
58511405
3244963444
17685876
26979187
44577324
55496543
55528242
20582802
58511405
20582802
55528242
20582802
55528242
41192866
519885607
20982023
44577324
172694845
471210824
44577324
172694845
806047743789699072
276675433
276675433
276675433
276675433
276675433
21857414
276675433
44577324
44577324
20982023
20982023
44577324
199767329
44577324
199767329
44577324
199767329
199767329
44577324
44577324
730123599722500098
2176428032
491269777
2717219381
44577324
44577324
44577324
44577324
44577324
172694845
619282123
44577324
44577324
44577324
44577324
44577324
848824298
47107315
916703766
44577324
3433381282
44577324
44577324
44577324
44577324
44577324
74677398
74677398
44577324
28139449
3367511429
3367511429
3367511429
44577324
44577324
399552743
44577324
44577324
44577324
44577324
782358991
513023167
44577324
44577324
44577324
427537521
44577324
3315227825
3315227825
44577324
3315227825
11193982
29651269
29651269
44577324
44577324
29651269
1327478168
29651269
11193982
29651269
44577324
44577324
44577324
44577324
44577324
44577324
29651269
29651269
19764533
743791816017838080
75005550
75005550
44577324
18691667
172694845
44577324
14048665
29651269
44577324
72840952
3221140901
3221140901
172694845
736268656561299457
3221140901
28848705
44577324
730658801200812032
1251074748
496375716
730658801200812032
370898659
791318400
3362016513
574851483
3032754965
29651269
3253230442
44577324
575690565
29651269
29651269
29651269
29651269
3343085158
44577324
19764533
172694845
44577324
19764533
44577324
28139449
1103749050
49370357
44577324
44577324
233511339
233511339
4772144553
4723085773
3433099685
28139449
44577324
44577324
44577324
172694845
44577324
602215737
3372016275
442485452
442485452
28139449
48333044
48672761
48672761
3372016275
44577324
44577324
306209103
44577324
48672761
19145951
19145951
19145951
18475198
19145951
29676425
18475198
19145951
29928571
19145951
29928571
19145951
29928571
1488840763
44577324
44577324
44577324
44577324
869463834
44577324
44577324
44577324
23434430
48974071
314081431
44577324
44577324
44577324
1362907921
44577324
427537521
26979187
44577324
44577324
1324175449
44577324
411763307
360490264
44577324
570744394
3336480731
118351047
44577324
44577324
44577324
44577324
44577324
44577324
276675433
2483931236
44577324
118351047
44577324
118351047
44577324
118351047
44577324
118351047
44577324
118351047
44577324
44577324
309674016
55496543
309674016
55496543
1148709864
24177970
24177970
118351047
118351047
248287592
3007784513
44577324
44577324
248287592
248287592
44577324
44577324
248287592
44577324
248287592
44577324
248287592
248287592
248287592
44577324
44577324
44577324
44577324
44577324
16362310
1148709864
44577324
248287592
39239833
118351047
248287592
248287592
248287592
118351047
16362310
44577324
16362310
16362310
118351047
19764533
19764533
19764533
16362310
44577324
44577324
44577324
513023167
2797948249
513023167
513023167
44577324
44577324
3372016275
3372016275
18474984
44577324
44577324
44577324
3372016275
44577324
44577324
44577324
44577324
122072637
44577324
44577324
16362310
72840952
1314054067
224970921
395306456
19145951
40322305
1178437964
44577324
2308216804
44577324
44577324
44577324
427537521
427537521
171211471
171211471
171211471
44577324
44577324
26979187
44577324
44577324
712645860
418200427
44577324
44577324
44577324
44577324
44577324
28143724
28143724
28143724
44577324
44577324
95605924
45614100
55496543
79274609
44577324
44577324
1148709864
44577324
44577324
463006120
196569190
463006120
494404483
18955891
44577324
44577324
44577324
848824298
44577324
44577324
44577324
20546839
44577324
44577324
24955372
44577324
916703766
44577324
44577324
538982328
910059944
44577324
44577324
44577324
53921742
44577324
23442357
359573726
317034318
388838716
44577324
44577324
864391304
2822367942
2822367942
2822367942
2822367942
873304134
2822367942
864391304
24441893
216789562
388838716
398606542
860129059
44577324
42952731
19145951
172694845
44577324
1096247492
358676812
77744986
420951546
52662909
221754099
1156634233
221754099
602182869
2445050869
2445050869
2445050869
2445050869
365513445
29731324
20582802
72840952
319072924
17691499
468780541
47896908
69579495
47896908
69579495
24441893
303818685
1103749050
145970009
1103749050
1352068530
291890876
5411722
18330543
18330543
18330543
23458354
18330543
18330543
18330543
23458354
745159927
38628986
745159927
745159927
869606803
145970009
338209422
338209422
491541680
1876471668
1718755927
986502582
474220427
493574718
1464466166
485172846
29676425
29676425
1712819911
45531571
42952731
519885607
132928477
418991953
185302516
524326247
71283764
524326247
133738109
338209422
26818369
26818369
1190182783
338209422
1323173095
230294648
338209422
17813010
42952731
14894302
14894302
Result_count_tot:756