1069611737891119104
333903537
2537113873
1017664635502252032
1472236012428431361
917838407602237440
1359154549911670790
1328016180750282752
1368098688984248323
1368098688984248323
1306050626883694593
1361633388440948738
888020411925004288
50269720
139343540
888020411925004288
50269720
1275446147700518916
2850181869
1448379760636219399
1448379760636219399
1448379760636219399
136392057
1448379760636219399
40025776
4716703109
19389900
19389900
30270192
551730401
1010870741854834689
701096282543276033
2797672888
1243971752155365379
25833482
34571000
25833482
34571000
1300006304895860736
25833482
1360619593
34571000
2595901869
34571000
34571000
1447892720442294272
1447892720442294272
193463414
1366495241688264704
1366495241688264704
1074623689700843520
25669359
1384058655784398853
275076444
742865374664876036
742865374664876036
742865374664876036
338465876
338465876
338465876
353165111
950364538188296192
1496931620682616832
1353800907855695873
1063990107269722113
2850181869
37473034
1323130109604319232
1358879749507006465
1358879749507006465
1234739659734908928
60047520
1431610292958633984
1425199274
1431610292958633984
843918766354370560
1222192138240299008
932814211
1061732105800085506
342579593
868923554
251769222
85626523
85626523
85626523
85626523
1445578000037138433
24513553
2970062811
2970062811
2970062811
2970062811
2850181869
2850181869
289972561
70373458
1266146169270534147
4836064754
1058373660208185345
1425199274
1112961944753967104
56511759
1040534322367877120
16930782
1290715286556028930
2850181869
28823852
2560459421
2850181869
28823852
2850181869
2850181869
481401647
1420156347644096517
28823852
155027569
175187994
2874790725
2180532753
2590058264
205111571
122072320
2590058264
122072320
2590058264
358175397
59569015
36747640
59569015
1343500261982089216
23925022
17421178
966251334960902144
85403705
1208042953404497921
23606104
4678319682
1372429280035049476
868727043508260864
1357256074664030210
1384011829488197634
1382912534638780417
1468269434556932100
1415993778234667009
1291112197951614976
2741306510
768475863096578048
1356424694736384000
1472236012428431361
241054439
1363104336348213248
1380017742099574784
1373670558911528963
1263700474269593602
1356963495212765185
465478866
1332325313041207296
1357059630682107904
1357115023198326784
1450641042194137093
1387072724711923714
1388460317416464384
759767674091999235
1393575832019369989
1466998778188079104
1472117898848051201
1021035564215164929
1313717260150697984
1216672922841968640
1386233227795333122
1378294196612837376
1437280912668913667
1436933242167365634
1426395156987617283
1356641305498017792
1378184346738253830
979719477494366208
1462094100669378565
1363964886712254474
1378184346738253830
768475863096578048
1388460317416464384
1372429280035049476
1357059630682107904
1356641305498017792
3263788644
465478866
1357150510134874112
1382912534638780417
902074524421812224
1447415408437383172
1398599525858648067
1386233227795333122
1360081943614820355
1357245178201972738
1450641042194137093
1426395156987617283
1356424694736384000
1466998778188079104
1378294196612837376
1356539808290496512
1356674820457390084
1482537320226172930
1263700474269593602
1356947675950710791
1361633388440948738
1356963495212765185
1225354279646482434
1395348739989016577
1436933242167365634
1323509264393011200
1357115023198326784
759767674091999235
1376260572967276544
21210390
26451758
395972607
3130718106
59569015
388148354
1430930500990930944
388148354
536275722
1347894255465996289
64695249
361276099
840567625100976129
1035781885
1316368988302127104
21575737
3358729834
288912257
22760020
64695249
1215261292610621440
1352673470220537857
4796721977
295678788
2855541052
1222192138240299008
242310756
1417553441434619908
968519761129766912
1434884488325128193
4186057696
1037031822
3223897552
800997802100817920
37416154
333558597
34972320
1381081941026480129
1353800907855695873
4856852039
477122511
1309904042873753602
1216867102008782848
1216867102008782848
74197020
2863523277
1949497680
2863523277
1061732105800085506
3040415637
3135899863
4771777955
426047000
1470324532015730692
25336045
2399910066
194248178
22814965
1256922939884212224
1306984911623028738
435828160
4771777955
112999007
1544075892
1407063942011183117
452365232
41785808
953966539094609922
806226210355298304
1120744894203609089
1343500261982089216
36045159
136392057
2548614199
538079747
1443520866457956355
41785808
10468092
41785808
38016658
1305762535791042560
84634624
81578629
18970504
1246801422491975680
133248413
1246801422491975680
475024685
37761004
41785808
204525639
26451758
1029415540694179841
19389900
2548614199
3387625894
1221539816610914307
3130718106
1424603013344268289
23934018
816993776
61250638
517328759
138134771
23925022
2326177498
53876028
951516326593552386
1488519210
608828776
983400180
992688838987436032
55390614
55390614
2481844412
84364750
1379550479819083776
1347894255465996289
1347894255465996289
1388115515911065609
1862817914
2600974059
1303046104695660544
806226210355298304
27854902
1434884488325128193
421447473
26451758
19389900
40025776
40025776
2790094654
30322601
30322601
18475198
2790094654
30322601
2790094654
30322601
30322601
2790094654
30322601
2790094654
30322601
2790094654
30322601
2790094654
30322601
2790094654
30322601
2790094654
30322601
30322601
2790094654
40025776
30322601
2263882553
357330169
56044169
56044169
1298261003193335810
633810834
23925022
23925022
23925022
404128466
60946469
393448735
567684174
18970504
16316226
2154670433
14879302
1318862397998772224
3012371014
998476071292035072
238109168
21864137
238109168
21864137
238109168
238109168
238109168
31976183
18475198
30421352
2560618001
49774380
475024685
365635604
333903537
339055436
475024685
992688838987436032
365635604
30322601
23925022
23925022
4606622835
4606622835
4606622835
4606622835
4606622835
333903537
108097143
1458806400671526916
74677398
17066475
42938159
27836738
27836738
42494407
992688838987436032
66700763
238109168
2263882553
2263882553
133202879
93023614
1343500261982089216
56044169
393387610
27836738
28992097
30941476
56044169
62092544
992688838987436032
416486744
37443725
38199075
3387625894
1448598260847980546
47073928
293224201
47073928
4876636583
48392008
844501405574549504
464950368
2481913562
1456920548
47073928
369080489
46359538
38643660
838081680879529986
1867389560
1015217707891949568
907214403573035009
1360619593
1338522338
522268751
340421086
78948990
702205622616514560
36045159
59580884
40025776
1241032817527619584
1386911471616118785
257993743
257993743
2923184033
19389900
1109582456
35834118
19389900
28992097
1290630898522693633
1443520866457956355
992688838987436032
1311175608
23925022
1343500261982089216
570171760
17066475
17066475
366728489
998476071292035072
20448772
28303450
334309820
406623745
1172869273
1268113275868381185
58733138
734783080888729601
1326144082423521280
1443520866457956355
1258431769
20799922
374651584
28988403
836611118
791205482530832384
522268751
1630778671
1353800907855695873
1298679085888147456
122195535
36031018
1021677364051431425
1298679085888147456
1343500261982089216
90848755
43726157
859370869
177934397
1172869273
1278779333486706688
30322601
567684174
567684174
42042554
139461217
235139874
235139874
30322601
567684174
4712986407
820906803630313472
4712986407
24418500
1309769102836334593
998476071292035072
806226210355298304
1103750268255170560
1686605946
489613538
1278779333486706688
951090751198330881
30322601
567684174
1021677364051431425
43726157
1360619593
1431610292958633984
1355631237197688835
3262258553
1340792097578889217
1357051817180487682
327023127
36031018
2414075550
1441208130277294086
14509189
30322601
192316660
761596867625058304
34358574
481401647
205111571
14267101
31111153
14267101
101954874
503202600
14288896
1087422271206105088
28988403
1021677364051431425
14267101
18669139
417158005
74239567
1064565804006604800
87675783
734783080888729601
30322601
1278779333486706688
235139874
1064565804006604800
503202600
358175397
2414075550
3336880684
30322601
34358574
425708396
1372482970213310469
992688838987436032
233665155
2537978100
1441208130277294086
820906803630313472
1382215398
30824500
36031018
236951309
22814965
1002244114304454656
2855541052
1630619161
195073490
1378014086798131201
2385410748
30322601
2385410748
36031018
355348269
1378014086798131201
3093394421
1306626357586165761
30322601
36031018
1343500261982089216
95238065
36031018
30322601
1343500261982089216
3093394421
30322601
1343500261982089216
1217834351599157249
114043368
30322601
192316660
117117215
1315355796486664194
1513333748
36031018
1404840897326505997
43726157
2414075550
36031018
634154484
1263093251772383232
327023127
1211624285506166785
43726157
43726157
117117215
327023127
1242215478157869057
3093394421
1041276467269709824
1343500261982089216
4876636583
66178445
4876636583
1443520866457956355
56511759
47073928
41785808
26066874
41785808
19764533
897831632241127424
897831632241127424
1268113275868381185
55390614
20582802
55390614
59569015
55390614
1362544471
176085590
175187994
133201357
237524449
992688838987436032
30322601
19389900
133201357
280183942
1343500261982089216
19389900
1949497680
19389900
992688838987436032
19389900
59580884
14305137
1443520866457956355
2192914376
27836738
455877441
734783080888729601
19334026
945674562406113280
529261960
50303955
529261960
6706182
960304249476349952
932785156284350465
50303955
932785156284350465
50303955
2942170702
333903537
1116977448300761088
333903537
429985312
1360619593
19389900
39239833
1116977448300761088
1379472476703490048
67013494
70641452
151932372
429985312
333903537
19389900
67153112
1314484336998191105
19389900
14617551
718349821153832960
402377699
1343500261982089216
373272300
125928871
67268011
34571000
20582802
2855541052
20582802
20582802
402377699
141983189
333903537
1241316297784340481
59580884
24044383
24044383
31492792
276581655
577301266
1300020191292796928
1120744894203609089
758748714659786752
20582802
231441566
322531105
233665155
37578531
238109168
18669139
36627732
36627732
10141402
340829607
1037031822
1172607174704586754
502930299
340852718
223442298
26066874
1371086125138329605
42042554
404128466
333903537
17066475
46359538
47073928
20582802
204525639
30322601
30322601
752225858270662656
1038393934035206144
55258706
551730401
Result_count_tot:780