1353800907855695873
1124375078282715142
2394537301
93914726
2394537301
93914726
93914726
2394537301
2394537301
2394537301
93914726
2394537301
93914726
35186651
1353800907855695873
1353800907855695873
1353800907855695873
1353800907855695873
20510117
1353800907855695873
1353800907855695873
1353800907855695873
1380530613904637957
1353800907855695873
874200070652088320
1353800907855695873
17096233
1353800907855695873
1353800907855695873
1353800907855695873
1353800907855695873
3290633087
1353800907855695873
35186651
1353800907855695873
245275525
1362808203021533186
1362065666979807233
1333086888920559616
1456212992882839553
404128466
1456212992882839553
1462138548715458565
365635604
404128466
18364179
1220295370229649409
23937700
50303955
23937700
1220295370229649409
1109862542560632838
50303955
1455599056059834378
1353800907855695873
1327823497251450880
1445218384363364352
485041702
246010021
1353800907855695873
804153798
806226210355298304
2554375868
2554375868
3290633087
1326240093275893760
3290633087
781770567653425152
1423256075495788547
351918586
1298106120544952326
1410263453080735750
1410263453080735750
1353800907855695873
1353800907855695873
1298106120544952326
1353800907855695873
1395904886538182661
4169722942
1363540124773068803
2422144128
1333086888920559616
1353800907855695873
44834364
1353800907855695873
340625008
1256977556596760577
1175440029080018944
Result_count_tot:88