1432993051
47974057
25805313
992688838987436032
912596187445911553
18475198
11511072
66735643
18475198
44983912
1343500261982089216
107158671
875804461087805441
1397181549804675072
63452516
63452516
2818756895
2818756895
2818756895
47974057
246449573
246449573
18600689
2548072274
2548072274
2548072274
26798240
38260259
26798240
14997025
2818756895
62060746
305455284
365635604
305455284
1178969455575146503
66681098
38260259
2415957962
112871323
2415957962
112871323
2415957962
66681098
14997025
14997025
2818756895
2389682486
31662242
31662242
2818756895
2818756895
2389682486
2818756895
360447111
2389682486
2818756895
2389682486
2818756895
2818756895
2563205782
64818133
219268128
2563205782
873304134
2563205782
2563205782
2729147326
2818756895
47974057
1037031822
47974057
1037031822
47974057
1037031822
47974057
47974057
34922204
1037031822
47974057
47974057
1037031822
1037031822
34922204
47974057
1037031822
1037031822
171438889
47974057
464645247
172694845
2729147326
969372752540037122
359532790
2818756895
2818756895
2818756895
2818756895
2818756895
344767027
3175750240
2548072274
3175750240
2548072274
3175750240
2548072274
351918692
823893014
415701368
823893014
415701368
360447111
47331601
350954507
1342246146
414211400
138134771
18330543
1037031822
14907863
47974057
54917900
45531571
25962645
47974057
90116669
42037146
29928571
54577364
356740432
89129211
14285140
23573509
2729147326
2729147326
223608608
155694288
47974057
155694288
47974057
19145380
47974057
461105934
1354354296
549214227
3022421781
3022421781
3022421781
3022421781
3022421781
3022421781
3022421781
2729147326
218711361
2729147326
3022421781
218711361
2729147326
2729147326
218711361
218711361
218711361
3022421781
2729147326
19764533
218711361
2729147326
218711361
2729147326
218711361
3022421781
45531571
218711361
19764533
218711361
19764533
19764533
17660154
218711361
19764533
17660154
2729147326
19764533
208025676
17660154
208025676
2729147326
19764533
208025676
2729147326
208025676
2729147326
2729147326
2818756895
79163086
390687348
2657037103
241959982
51103171
363282607
248569306
118177819
2818756895
2818756895
2818756895
351918692
238610479
2165413610
701807069
580064293
580064293
1691130469
2729147326
2874173163
1518809059
1518809059
1691130469
2590058264
2590058264
30183766
381430471
23500723
15084430
14997025
2818756895
2818756895
2818756895
2818756895
2818756895
2818756895
2818756895
523546970
435289078
712887339098509312
1518809059
14997025
44577324
14997025
14997025
451018761
14997025
356063063
710105312825614336
22674099
281707965
14997025
14997025
14997025
14997025
1691130469
2978119762
14997025
37193436
2613311413
240003465
240003465
1107372186
1107372186
240003465
240003465
1107372186
240003465
1107372186
14997025
1107372186
240003465
240003465
1107372186
240003465
1107372186
240003465
14997025
23438083
14997025
23925022
517328759
3305430418
14997025
2818756895
39052549
42042554
357558349
42042554
25152546
2338201185
2338201185
2338201185
3225048841
14997025
25289729
17706577
14997025
35834118
47140741
580064293
785210455
25289729
785210455
2818756895
52104623
785210455
288374984
35834118
79163086
25289729
35834118
63483732
18475198
31398221
18475198
18475198
2977964445
1227221124
237490098
2846665539
2925938663
18519026
14997025
237490098
2818756895
485041702
20868447
25289729
1518809059
16542861
2818756895
63132666
2829373647
35834118
326165164
214809052
20868447
63266077
749850007
701807069
749850007
749850007
1659776335
25289729
321629489
29176293
43084246
45531571
43084246
571566922
20707143
1923047580
19760795
20868447
19760795
1899600956
27062533
320766476
90534982
90534982
270779278
45531571
45531571
45531571
70212596
17813010
1089238542
17813010
70212596
570171760
14341386
28768632
45531571
Result_count_tot:368