75547391
20667905
1170964859233738752
18716146
395209972
248436358
2401294028
1489970951265607685
992162588233527296
1087204423
3164860497
24475435
270462799
373272300
75756340
24475435
1484624657672200194
935793180171292672
1114628888834056192
373272300
1172869273
2532762127
31689568
34941106
373330234
1417553441434619908
133798612
935793180171292672
34247120
490487014
4836064754
1300792592481873922
4836064754
1300792592481873922
1300792592481873922
2306155972
17606518
103097873
2665499360
1185270297043329024
3467112376
1185270297043329024
2188290457
58164809
58164809
875498788005310464
1013665285
284761553
1475878259975933961
4008584489
825334635559268352
65619261
1452898344238522370
825334635559268352
781552959402409984
4819722129
1235636288893718531
1343500261982089216
1346751896174927873
1343500261982089216
1346751896174927873
1343500261982089216
390368656
1346751896174927873
2665499360
1241032817527619584
1343500261982089216
1343500261982089216
1343500261982089216
2526680580
54972400
103097873
2526680580
1298737602850435076
1241032817527619584
1241032817527619584
1314484336998191105
19334026
1346751896174927873
1346751896174927873
1343500261982089216
497972401
825334635559268352
1346751896174927873
1343500261982089216
1346751896174927873
802509802173825024
1343500261982089216
1346751896174927873
1343500261982089216
1346751896174927873
1343500261982089216
1346751896174927873
1343500261982089216
798127047222628352
1346751896174927873
1343500261982089216
1346751896174927873
1346751896174927873
1343500261982089216
975023682576879616
975023682576879616
30097577
1419254317899558915
1133781622485135361
4798966816
6706182
1276320722269491200
6706182
1432993051
20843718
64996483
175187994
6706182
2723308582
10107052
74677398
2723308582
1343500261982089216
103097873
98474827
31689568
103097873
1343500261982089216
1276320722269491200
802509802173825024
1274598933579382784
1274598933579382784
1274598933579382784
3782277197
1185270297043329024
1228419612645175296
1034011336185970689
123504602
395209972
25360288
827799606
1479288002
395209972
96010420
30439759
136999700
136999700
1091851158363271168
603775254
20672548
136999700
603775254
1109941264336719872
1185270297043329024
603775254
136999700
1109941264336719872
1109941264336719872
1109941264336719872
1518809059
1109941264336719872
603775254
603775254
603775254
122072320
1518809059
603775254
4260193702
603775254
122072320
4260193702
4260193702
603775254
122072320
4260193702
603775254
122072320
1133781622485135361
1343500261982089216
838081680879529986
9695912
Result_count_tot:177