48974071
418200427
62092544
3044288870
414623003
612972910
808483681
418200427
20667905
20667905
1156501430179639296
70641452
1007404717
70641452
1007404717
70641452
1007404717
57592947
16779119
321546491
1185270297043329024
307237285
2892218073
1460193408505556992
1377279313121271808
4260193702
3336480731
96191122
1343500261982089216
1431610292958633984
19762987
163425145
1232843888529989633
49294750
1041276467269709824
1041276467269709824
1041276467269709824
1041276467269709824
1041276467269709824
958712200230834182
1041936320963203072
1041936320963203072
1185270297043329024
1185270297043329024
863073687855149056
619475949
1343500261982089216
1109941264336719872
30686053
14277722
20611702
2164976883
14277722
14277722
20611702
20611702
1172869273
1899937987
270031753
270031753
46782315
20611702
863073687855149056
45565440
188722802
21863942
21890520
915136174884302849
62121469
49370357
1119076135
94577653
312269694
478618609
1412906407
1412906407
1024370707315216384
2277719207
946372453735034880
1185270297043329024
1024370707315216384
384518775
55813241
2532762127
1428655003988791301
206597096
1364432224825860102
908669832
838081680879529986
251769222
838081680879529986
148112377
1024370707315216384
16779119
1024370707315216384
74677398
1431223499318874113
584831220
584831220
1024370707315216384
908669832
863073687855149056
16930782
1185270297043329024
3045015418
55450664
501877020
55450664
501877020
55450664
28871564
115777637
115777637
28871564
115777637
1057731846736412676
28871564
28871564
948572287674077186
619475949
619475949
485041702
1024370707315216384
1377279313121271808
16930782
908669832
36124905
28871564
28871564
16779119
20799922
1362663147836997644
1362663147836997644
1158782291272982528
1362663147836997644
1158782291272982528
306426609
188078681
188078681
188078681
1362663147836997644
188078681
941980603431505921
1362663147836997644
473914976
1362663147836997644
271045372
1267773878518067207
53876028
16930782
1072055971025948672
1072055971025948672
59065675
340829607
1072055971025948672
340829607
340829607
340829607
59065675
59065675
340829607
340829607
1220747479811002373
20854389
49370357
1002972024308994049
2590058264
889758548
889758548
388815555
71768570
2590058264
388815555
2590058264
1619988792
1619988792
1518809059
18475198
265581656
946003477746077697
481401647
265581656
265581656
265581656
3212898292
3212898292
858496435
88332163
82825318
1296692862923546626
746610873767202816
542126969
357376695
1399069041042542597
579065545
1545946591
1545946591
31976183
3212898292
20672548
3212898292
2874398938
1545946591
3212898292
1024370707315216384
1399069041042542597
908669832
908669832
1545946591
1545946591
1545946591
1545946591
1545946591
1545946591
1545946591
1545946591
1041276467269709824
476872679
1362663147836997644
1518809059
1399069041042542597
163425145
908669832
163425145
908669832
18475198
19063184
101834804
19063184
19063184
19063184
591044078
735095665
1343500261982089216
1072055971025948672
477061627
1024370707315216384
873304134
1024370707315216384
1420264670
899483166
1399073118
453967146
612972910
966251334960902144
966251334960902144
908669832
15033759
1899937987
427801591
15033759
427801591
15033759
427801591
174762419
15033759
427801591
863073687855149056
205111571
863073687855149056
205111571
205111571
863073687855149056
863073687855149056
863073687855149056
205111571
863073687855149056
205111571
863073687855149056
205111571
863073687855149056
863073687855149056
4493731875
205111571
140581250
863073687855149056
205111571
43071761
570744394
17066475
986543088
863073687855149056
99347701
863073687855149056
63132666
1518809059
84368180
271094740
577921890
23084212
2379300853
18425625
66800368
732348631
2727239239
33166646
860129059
1041276467269709824
784413107624042496
72228773
18330543
1024370707315216384
1093248857784418316
24044383
469211366
1899937987
1185122412
1391344471422476289
1072055971025948672
1391344471422476289
1072055971025948672
1072055971025948672
429985312
338557070
429985312
1518809059
1899937987
1391344471422476289
908669832
1391344471422476289
908669832
908669832
908669832
908669832
494403305
62121469
2532762127
14542929
1228818720753176577
1072055971025948672
976922158197891074
908669832
863073687855149056
163425145
478618609
163425145
1024370707315216384
376775023
1343500261982089216
14617551
485041702
464180854
1217504156509986817
908669832
23104499
2863714984
221476163
2863714984
103280252
1024370707315216384
74677398
56044169
164301996
908669832
53876028
1273966125160828928
33099288
30241775
419197802
53876028
4836064754
23417135
23417135
33099288
53876028
624650855
26349198
1377279313121271808
734783080888729601
16930782
87666695
18475198
1192785575260119040
1360619593
16930782
1391344471422476289
992162588233527296
2986407094
1192785575260119040
4798966816
18934005
1011728104862179328
1011728104862179328
238109168
1011728104862179328
1011728104862179328
50389557
603775254
46782315
462920286
1348753882160181248
337332303
1360619593
822964671305121792
337332303
612972910
992162588233527296
992162588233527296
4836064754
4836064754
103280252
26207988
163425145
1024370707315216384
930361692936134656
95238065
163425145
163425145
151608772
1543506013
1543506013
21386382
1024370707315216384
163425145
163425145
19110119
873304134
36201019
873304134
992162588233527296
55813241
1024370707315216384
908669832
82872579
421125838
619475949
60983
312269694
53876028
1373497059584716803
1373497059584716803
1373497059584716803
1373497059584716803
1373497059584716803
1373497059584716803
3044288870
3044288870
26207988
822964671305121792
3044288870
1382215398
26207988
1122510418545659904
18520064
172694845
56044169
1296692862923546626
39721232
16779119
940191986346266624
168508977
940191986346266624
365598616
1109862542560632838
1294662682075893762
1181321997181169669
807629196
34656014
57064417
352306584
271902473
992162588233527296
13712
728292721186754560
728292721186754560
57064417
612972910
1122510418545659904
498251000
59065675
498251000
3129875193
924251534
29676425
3129875193
1340055325261651968
95238065
238109168
238089804
95238065
95238065
58164809
805153340
838081680879529986
838081680879529986
74539103
17867455
45565440
16779119
1311175608
21890520
752523992058200064
66204249
21890520
119046422
38428861
110373312
351856704
20314846
351856704
72228773
1343500261982089216
16779119
3354083716
14135926
2364874091
908669832
110373312
1157409836
1133781622485135361
281707965
281707965
273333721
474486207
16575626
16575626
16575626
16575626
16575626
1114628888834056192
33259533
281707965
281707965
1114628888834056192
1114628888834056192
1545946591
1545946591
16575626
1545946591
1545946591
1545946591
1114628888834056192
1114628888834056192
1114628888834056192
1114628888834056192
281707965
281707965
1545946591
16575626
1545946591
1545946591
1545946591
1545946591
1545946591
281707965
281707965
1545946591
1545946591
281707965
1545946591
281707965
1545946591
1545946591
281707965
281707965
1545946591
281707965
281707965
281707965
1545946591
33259533
825305173
1545946591
33259533
33259533
1545946591
281707965
924794758333116416
281707965
281707965
734783080888729601
700957291
700957291
16575626
281707965
908669832
1133781622485135361
1376908954043834368
16779119
1083833521582546944
1188770191892762624
908669832
1188770191892762624
4894248365
908669832
1024370707315216384
110373312
3147172678
1131618389187813376
793629150582104064
793629150582104064
1252127025533530112
110373312
1275446147700518916
992162588233527296
863073687855149056
369080489
4798966816
4798966816
95238065
14204714
14204714
14204714
95238065
14204714
863073687855149056
95238065
95238065
3135899863
1024370707315216384
908669832
1290338496796917760
372735335
2863714984
46081160
36067300
46081160
36067300
46081160
36067300
46081160
36067300
34656014
36067300
1024370707315216384
234132789
1290338496796917760
398606542
2474265036
43062590
352306584
398606542
74677398
712645860
398606542
401253347
1024370707315216384
704986472080928768
288414511
46782315
807629196
238308510
807629196
365635604
322531105
421125838
1198189740
421125838
78864889
20854389
3457292777
2176218917
74677398
1338522338
95238065
1054780048396505089
64017065
567684174
31007362
27038085
1037031822
1518809059
846940940
95238065
1275446147700518916
485041702
170023589
908669832
1899937987
369080489
19389900
59065675
1057475636
243108921
1024370707315216384
273333721
1162505536488841221
1290914712566337538
863073687855149056
1024370707315216384
435258157
234132789
2619183836
15033759
4836064754
401253347
962358579310231557
1360619593
962358579310231557
1360619593
809458736330723328
1024370707315216384
85666077
1107372186
369080489
53876028
18364179
96191122
873304134
929734745302487040
992162588233527296
9695912
78326026
26207988
1143974095
2818756895
2942170702
858496435
4798966816
1314484336998191105
1362331039
85666077
271094740
51493208
108089749
932785156284350465
2874398938
555402051
217530764
95238065
217530764
95238065
217530764
95238065
217530764
95238065
217530764
217530764
95238065
217530764
95238065
95238065
95238065
217530764
74677398
53876028
897831632241127424
1338522338
62121469
37788958
15748195
612972910
481401647
36774962
15748195
271045372
630617448
612972910
277899944
908669832
2942170702
1343500261982089216
908669832
908669832
1343500261982089216
1156501430179639296
2942170702
908669832
2942170702
579065545
485041702
908669832
485041702
908669832
1024370707315216384
95575706
16779119
1899937987
1041276467269709824
2830326008
1057475636
2364874091
4836064754
74677398
4836064754
191754155
31379089
4836064754
483759974
382746967
1162505536488841221
552136884
552136884
966416845979910144
Result_count_tot:784