81824632
62121469
2415957962
2415957962
2415957962
2415957962
1114628888834056192
2415957962
130597727
2415957962
2415957962
183356975
271866986
2415957962
2415957962
2415957962
2415957962
1007522258468986880
2341869265
2415957962
2415957962
2415957962
2415957962
33099288
47974057
47974057
183356975
183356975
20238626
752523992058200064
906096158
867381021502787585
44333057
1203946340
3065951663
172694845
833800521601445890
186721484
38260259
18970504
33459626
33459626
33459626
2250673858
2596878072
112871323
112871323
Result_count_tot:47