752523992058200064
2540482822
1496218554005274625
615476387
26708613
3354083716
1379421013855846418
26708613
1379421013855846418
26708613
957290906
1471227833255092227
1361630671102496773
338590256
296159942
1173347143756800001
1376421620
2262427498
1386656857801076737
1386656857801076737
1386656857801076737
1386656857801076737
1386656857801076737
1386656857801076737
1386656857801076737
1386656857801076737
1386656857801076737
1386656857801076737
1386656857801076737
1386656857801076737
1386656857801076737
1386656857801076737
1386656857801076737
1386656857801076737
1386656857801076737
1386656857801076737
1386656857801076737
1386656857801076737
1386656857801076737
1386656857801076737
1386656857801076737
1386656857801076737
1386656857801076737
1386656857801076737
1386656857801076737
1386656857801076737
1386656857801076737
1386656857801076737
1386656857801076737
139997002
30679029
1484838662185488384
1484838662185488384
506317379
1334632819465711616
3248864326
1491973719589154820
1486324206535073797
1484838662185488384
1485118037627838465
1486574158523871233
1492314652994195457
1334632819465711616
1485118037627838465
1485118037627838465
1338987937
974475030779150336
974475030779150336
1341570459460984833
1334632819465711616
1298298388165910534
22014140
269777232
1485273488407552002
1237134346064146432
1334632819465711616
1334632819465711616
1198189740
16904159
1443220889588350977
1334632819465711616
3216973433
1334632819465711616
3216973433
4771777955
1334632819465711616
1334632819465711616
1487192131060256768
1258924800006926338
1334632819465711616
26712480
75742264
1334632819465711616
1483707403099062273
1334632819465711616
2438275574
15465727
1237134346064146432
1237134346064146432
97223779
1433805719887917057
191121168
470233975
1019989318193090560
48075273
22014140
1334632819465711616
1161968678818242561
1450298253476388866
1450298253476388866
1450298253476388866
1237134346064146432
3094649957
3386298503
1456957607424442371
1456957607424442371
1456944822598656003
1456944822598656003
1271107844662857728
968587494
1271107844662857728
968587494
1271107844662857728
1472632274113998849
2982186329
1237134346064146432
911793111315177472
911793111315177472
911793111315177472
1357272226983256065
911793111315177472
1068581017831772163
1471829677052420097
2915779703
2928014001
410620123
3456994157
43062590
20667905
20667905
26022773
38908382
20667905
1468296961476685824
1463038076150710273
1247738616186458113
1715850816
2653365344
34231784
1331141349010149376
57592947
61746508
1366038888448458757
271902473
1096619634999074817
67565293
596343318
858674768
16904159
15705518
1442762198561009665
1177809585840590850
1096619634999074817
1454850976356216835
915304756121362433
1021129657482194950
87080308
15894774
34231784
735970340254294018
735970340254294018
735970340254294018
3281902375
1261230844754223104
81824632
3281902375
1349375278414520331
1019989318193090560
175737279
237260418
3216973433
353652117
192788949
615476387
16904159
347147257
717036122837266432
347147257
1161968678818242561
38908382
284079800
1091783332793323520
2201652936
1357315589820329985
809628433
987486896237568000
2560618001
2590058264
966251334960902144
226656465
615476387
1357315589820329985
1357315589820329985
20433173
1026058994
1357315589820329985
1386656857801076737
1386656857801076737
1386656857801076737
1386656857801076737
1386656857801076737
1386656857801076737
1386656857801076737
1386656857801076737
1386656857801076737
1386656857801076737
1386656857801076737
1386656857801076737
1386656857801076737
1386656857801076737
1386656857801076737
1386656857801076737
1386656857801076737
1386656857801076737
1386656857801076737
1386656857801076737
1386656857801076737
1386656857801076737
1386656857801076737
406892131
2621794118
1424547255978274822
2438275574
1941313578
2882625989
195073490
434377207
245054048
42294231
1426140481721802762
36160400
2438275574
2438275574
2438275574
59457598
1847850114
952259558
468431579
1176166104995106816
762890163554922496
63253948
2438275574
63253948
1160263164078022656
3168303666
1310443069876076545
1176166104995106816
1176166104995106816
620392738
16904159
1366434805613817860
620392738
501816919
57592947
16904159
1176166104995106816
42294231
42294231
1417880840546275330
1417880840546275330
1417880840546275330
1299863508897628161
42294231
1176166104995106816
729386491
1417880840546275330
1417880840546275330
1417880840546275330
1417880840546275330
1417880840546275330
907260044793843712
720589683093303296
957539562062073856
1417880840546275330
1417880840546275330
1417880840546275330
1417880840546275330
1417880840546275330
1417880840546275330
1386656857801076737
1386656857801076737
1386656857801076737
1386656857801076737
1386656857801076737
1386656857801076737
1386656857801076737
1386656857801076737
1386656857801076737
1386656857801076737
1386656857801076737
1386656857801076737
1386656857801076737
1386656857801076737
1386656857801076737
1386656857801076737
1386656857801076737
1386656857801076737
1386656857801076737
1386656857801076737
1386656857801076737
1386656857801076737
1386656857801076737
1386656857801076737
1386656857801076737
1386656857801076737
1386656857801076737
1386656857801076737
1386656857801076737
1386656857801076737
1386656857801076737
1386656857801076737
1386656857801076737
1386656857801076737
1386656857801076737
1386656857801076737
1386656857801076737
1386656857801076737
1386656857801076737
1386656857801076737
1386656857801076737
1386656857801076737
1386656857801076737
1386656857801076737
1386656857801076737
1386656857801076737
1386656857801076737
1334632819465711616
1417880840546275330
1417880840546275330
1417880840546275330
1417880840546275330
1417880840546275330
1341068840646680582
1334632819465711616
407146165
1341068840646680582
1417880840546275330
1417880840546275330
1417880840546275330
1341068840646680582
1393793074954850304
608329695
1386656857801076737
1104362782344982529
1386656857801076737
1386656857801076737
1386656857801076737
1386656857801076737
1386656857801076737
1386656857801076737
1386656857801076737
1386656857801076737
1386656857801076737
1386656857801076737
1386656857801076737
1386656857801076737
1386656857801076737
1386656857801076737
1386656857801076737
1386656857801076737
1386656857801076737
1386656857801076737
1386656857801076737
1386656857801076737
1386656857801076737
1386656857801076737
1417880840546275330
1417880840546275330
1386656857801076737
1417880840546275330
1417880840546275330
1386656857801076737
1386656857801076737
1386656857801076737
1386656857801076737
1386656857801076737
1386656857801076737
1386656857801076737
1386656857801076737
1386656857801076737
1386656857801076737
1386656857801076737
1386656857801076737
1386656857801076737
1386656857801076737
1386656857801076737
1386656857801076737
1386656857801076737
1386656857801076737
1386656857801076737
1386656857801076737
1386656857801076737
1386656857801076737
1386656857801076737
1386656857801076737
1386656857801076737
1386656857801076737
1386656857801076737
1386656857801076737
1386656857801076737
1386656857801076737
1386656857801076737
1386656857801076737
1386656857801076737
1386656857801076737
1386656857801076737
1386656857801076737
1386656857801076737
1386656857801076737
1386656857801076737
1386656857801076737
1386656857801076737
1386656857801076737
1386656857801076737
1386656857801076737
1386656857801076737
1386656857801076737
1386656857801076737
1386656857801076737
1386656857801076737
1386656857801076737
1386656857801076737
1386656857801076737
1386656857801076737
1386656857801076737
1386656857801076737
1386656857801076737
1161968678818242561
63852205
1068581017831772163
1420012760923086854
1427672282
1090972367034241025
17820154
95169910
2863714984
2863714984
106769293
702948714
2863714984
277496292
1417880840546275330
1417880840546275330
1417880840546275330
1417880840546275330
279250117
1451106077857222656
23104499
255628022
1140643775456456704
103280252
36160400
2863714984
103280252
405259565
405259565
1334632819465711616
2863714984
242326138
1343500261982089216
237260418
1334632819465711616
945640543593402368
191121168
1334632819465711616
3246079155
1050162230
740807653
1370207966998130692
1270001948452950022
40869200
2976146075
141277576
2438275574
103280252
915175551706464256
293586346
95169910
469585545
1237134346064146432
192889718
23776194
142666295
2317558679
2559002312
1325196680304549888
2274662697
870379862892171266
1328906004
72228773
608828776
716905596
28094255
2279217679
849082886
243578283
271902473
74128420
4013728127
290216307
20424463
253644409
815658513112432641
14350767
1373597254678945793
743386357909884928
41566304
13712
22014140
501816919
827093173033918465
2885416341
966113328
74217252
1161968678818242561
1237134346064146432
29075277
2229000965
58445078
1447040960
14542929
1448191949354283011
1268113275868381185
35248084
14305137
362360582
20170408
929171570416803840
22475991
1331523578823577601
195073490
195073490
17187058
159158744
1264291718
25353273
38908382
966113328
627675097
2966397556
20433173
43062590
957539562062073856
95169910
1251776179
720589683093303296
42843759
1431890807213096965
304331315
519786521
1338987937
34231784
250435513
237260418
304331315
1443856406268899332
1373597254678945793
910875612612583424
1161968678818242561
1239301007542190081
22255401
950824252562903040
1068581017831772163
1307219419836416000
1589302393
1419750580675923977
136980577
2418099208
21857414
1307219419836416000
1406824585992015874
1427590400001429514
255628022
1447450846900461572
2669405904
1436303976878600192
74217252
3285952255
1366245502686162945
1254543565042020352
24290265
1232265070178177024
33305235
34231784
469585545
42843759
1430846132058476544
42843759
42843759
2532762127
1344840175067664384
1344840175067664384
1344840175067664384
1344840175067664384
1344840175067664384
1344840175067664384
1344840175067664384
1344840175067664384
1396225297490452480
874639694268682240
1210209663079157760
1447209062735785997
55801352
1229753602312474624
1435740937632817155
237260418
1247264787643404292
720589683093303296
1171707529044418560
1444500831710040064
1334632819465711616
103280252
1403106972443021312
2604010417
237260418
1163547338071334914
166957578
1334632819465711616
561389155
1334632819465711616
746610873767202816
966113328
74217252
103280252
1423250018073563144
2764146761
4822315269
43062590
207121460
930448232
1438503909434093583
1543506013
2596016185
1012074668680011776
2596016185
142666295
1334632819465711616
1368817256575078405
1368817256575078405
1368817256575078405
1368817256575078405
1368817256575078405
1368817256575078405
766315717792763904
782004656432119808
1198525482586853376
3456994157
720589683093303296
1438503909434093583
1438503909434093583
1438503909434093583
1438503909434093583
1334632819465711616
1334632819465711616
939914799131058176
1334632819465711616
177214413
720589683093303296
2181200086
207121460
1068581017831772163
207121460
1438503909434093583
1438503909434093583
1334632819465711616
1427031093065179141
469585545
38908382
511286256
1311035477319876608
1437412236407054337
1376614417761177600
35001009
1398742061390643202
274089954
177214413
1420232536911867905
207121460
1097830436208889856
26022773
784351656355897344
1334632819465711616
4822315269
781548882354397184
754047794722275329
1334632819465711616
1334632819465711616
1334632819465711616
1331523578823577601
720589683093303296
720589683093303296
1391771814343360512
1391771814343360512
1391771814343360512
720589683093303296
720589683093303296
720589683093303296
1334632819465711616
863845943342505984
1088462075632992256
754047794722275329
361852315
1334632819465711616
612972910
717036122837266432
612972910
717036122837266432
469585545
20424463
4032933740
1410091020906229762
1411909140419551232
1411909140419551232
1411909140419551232
41821430
1316751064490745863
62156156
340852718
1171761988697042944
1431115073729155078
1213322853942120448
752225858270662656
1329464577730490372
1316751064490745863
752225858270662656
80668551
1343500261982089216
1029415540694179841
1162684026026696704
1162684026026696704
571072597
571072597
571072597
571072597
571072597
571072597
571072597
571072597
1334632819465711616
571072597
752225858270662656
1334632819465711616
888737073221513216
1322129574
895931990
571072597
571072597
2725000059
4238017277
74217252
1334632819465711616
4032933740
1436303976878600192
1416237540328288260
255628022
1283209558559686656
1295662513107996672
1085862396172873728
245054048
1068581017831772163
38392006
1334632819465711616
2343777606
1334632819465711616
1334632819465711616
1397599081
1397599081
22475991
42843759
4103223963
1139211400725688321
1306724684554211329
2438275574
1068581017831772163
1439759215438880768
1334632819465711616
1420573213
43669334
1396225297490452480
1331523578823577601
177214413
1420320776599728137
1420320776599728137
1263976867
242496394
242496394
966113328
245054048
74217252
849082886
1194760538963816449
177214413
22012466
2181200086
177214413
1285604032325853185
1285604032325853185
1285604032325853185
1285604032325853185
1285604032325853185
1285604032325853185
Result_count_tot:811