1269386606072430593
30421352
30421352
131293004
23176823
131293004
23176823
1314484336998191105
156390474
1314484336998191105
1354778661770113027
960304249476349952
2596016185
1128381103172202496
2596016185
2434054144
2596016185
568362036
957712068270084107
1263149342745034753
2313448980
1263149342745034753
1323130109604319232
2313448980
1497844595778068480
4260193702
4798966816
4798966816
1497844595778068480
122072320
38265914
2596016185
1128381103172202496
2596016185
122072320
156390474
1128381103172202496
2596016185
1128381103172202496
1128381103172202496
2596016185
4260193702
331799590
1128381103172202496
2596016185
1128381103172202496
2596016185
1128381103172202496
2596016185
2596016185
568362036
4260193702
2596016185
568362036
2596016185
568362036
2596016185
568362036
568362036
1193231365132697600
20270952
20270952
1300006304895860736
38016658
602919997
602919997
332914784
82670042
17187058
106730403
17187058
75757818
17187058
2313448980
860751058540384256
2418099208
608828776
2418099208
1469403303385706501
1290914712566337538
3135899863
803160911120887809
542126969
1314484336998191105
3303649834
1314484336998191105
828494538922672129
828726125446701056
3012371014
34972320
16904159
34972320
17987852
34972320
17987852
70996053
238109168
17987852
121361369
1314484336998191105
62981377
608828776
796599067849670656
87078151
1314484336998191105
551619686
4814767876
1268113275868381185
168508977
1434483622669651971
20854389
925445971
1717294334
29659136
260744517
603849046
567684174
72792096
4798966816
946038681781047301
2718593403
4186118775
2718593403
4186118775
233665155
372743288
2718593403
4186118775
2313448980
1314484336998191105
1314484336998191105
2718593403
4186118775
2718593403
858674768
29659136
1314484336998191105
1314484336998191105
196115443
1314484336998191105
196115443
1920493537
105897061
1485118037627838465
1920493537
238308510
596422929
788598492210065408
464156546
382829187
179095317
87675783
816349922865872898
14214281
19178945
1157993916
466356335
179095317
1382305196261392384
1920493537
74539103
34714498
31405598
122072320
946038681781047301
943282590
1169018354503471104
277496292
619475949
364759729
943282590
943282590
1380119429812527108
1380119429812527108
1169018354503471104
1466450824318574595
1466450824318574595
1412880896814899206
1380119429812527108
1380119429812527108
1380119429812527108
1380119429812527108
1380119429812527108
1380119429812527108
1380119429812527108
1380119429812527108
1380119429812527108
1380119429812527108
1380119429812527108
1380119429812527108
1424267094196170754
1424267094196170754
1424267094196170754
1424267094196170754
1424267094196170754
1424267094196170754
1424267094196170754
1424267094196170754
1424267094196170754
1424267094196170754
1424267094196170754
435794380
59243690
1424267094196170754
1445232343107596290
1445232343107596290
1445232343107596290
1424267094196170754
1424267094196170754
1424267094196170754
1424267094196170754
1424267094196170754
1424267094196170754
1424267094196170754
1424267094196170754
1424267094196170754
1424267094196170754
1314484336998191105
2313448980
45565440
1314484336998191105
1314484336998191105
1314484336998191105
34972320
37295504
2554375868
15084430
453906285
1314484336998191105
1314484336998191105
1314484336998191105
1314484336998191105
2483931236
1430846132058476544
21846497
735167086360690689
612972910
1422853141419147266
3337605545
143203855
14420387
1359067606792237056
3103828582
1276242853094621185
3103828582
961135976
915516061444866048
617495454
82670042
303666305
1463131643619667969
4876732643
1366749308
18516664
1419043035501973509
2960939195
2960939195
1920493537
1920493537
1338866706010140674
1920493537
1920493537
1920493537
1920493537
1066468030182551552
18364179
2718593403
18364179
129283849
941764400
302545381
17987852
302545381
46846624
466356335
74539103
509958717
958712200230834182
19178945
775084458743562240
41787407
2263426119
84815718
84815718
17987852
321546491
251769222
2306155972
1041237779135397888
17987852
1041237779135397888
17987852
2317307110
1041237779135397888
1344308387929063432
28726577
17987852
1041237779135397888
570744394
28726577
1041237779135397888
17987852
1041237779135397888
15754703
17987852
2313448980
1305539990
471152965
398606542
56511759
998476071292035072
1339956745385467906
353029255
1308428186842169345
1308428186842169345
2415957962
1308428186842169345
1308428186842169345
1308428186842169345
2415957962
1308428186842169345
2415957962
2176218917
1308428186842169345
2317558679
224240042
2415957962
3423031833
775685426380214272
39239833
2317558679
21864336
21864336
2317558679
2317558679
1437848047455719427
45565446
775685426380214272
21864336
245440550
4088630932
1165619804671225856
1370413813439287301
752523992058200064
752523992058200064
1370413813439287301
752523992058200064
332373271
998476071292035072
1358826665032486918
1370413813439287301
1385740275755126786
453906285
227363686
1412906407
64366720
435794380
25114087
1417789917833408513
1352086882943979522
453906285
453906285
2496120775
453906285
453906285
453906285
1168191237368799234
61828285
275551231
60983
818127906
219653856
18897831
2665499360
1353800907855695873
1352086882943979522
49674652
341590784
818127906
1439206955684401160
33750207
1279823715140808704
1419572546937163776
4758150675
1252127025533530112
4260193702
46420581
19334026
46420581
19334026
3336480731
46420581
1002972024308994049
18737283
2942170702
1315532028
46420581
1295609808402481153
1315532028
3043674489
3103828582
3043674489
3103828582
19334026
162672672
745389384
1187388616001163264
46420581
1315532028
46420581
1338473818130690052
46420581
1338473818130690052
1315532028
46420581
1315532028
1315532028
1934485416
46420581
1934485416
1934485416
273118166
68087453
61489446
54530632
243550566
1315532028
1374424448502145027
1318862397998772224
3331030089
3331030089
2611580354
51493208
2636574913
1287439965211721728
828265269030244352
1133781622485135361
1114628888834056192
37728949
286599981
16812392
16812392
16812392
1317357973
787400309832318976
884997868444168193
28726577
919851948882452481
25884686
143205619
25884686
25884686
143205619
143205619
591044078
24514743
1045399617423233024
25884686
25884686
24514743
591044078
25884686
25884686
143205619
143205619
25884686
143205619
25884686
474759887
143205619
464180854
464180854
464180854
464180854
986543088
464180854
1545946591
464180854
471152965
25884686
464180854
35874316
25884686
25884686
18737283
1292390851461685255
25884686
464180854
19970011
25884686
464180854
25884686
35874316
25884686
295292833
25884686
25884686
60983
295292833
1073262134140772352
23084212
25884686
25884686
23084212
155985598
25884686
25884686
23084212
1073262134140772352
25884686
1343500261982089216
1343500261982089216
1213613991794077696
1252127025533530112
38863642
1224731813685362688
1243681584605278219
1352878171641806854
38633518
1057342513625919488
22790147
44362830
1377224510341058561
19178945
1362400037460979713
1161216785393360903
1086157471830495232
591044078
1438996142025580544
1237155963498610699
71874613
453906285
1173622041112719362
474759887
277127202
125960653
485041702
125960653
1114628888834056192
20582802
1265191191085297664
512447810
334014421
230486985
125960653
125960653
334014421
28998776
416235432
31362764
416235432
1143974095
230486985
44362830
1041237779135397888
168617759
2313448980
4096890886
4096890886
1172869273
453906285
236991763
236949777
1173622041112719362
19961042
340550375
2271307943
1344308387929063432
27038085
2767349669
2560618001
1385740275755126786
21863587
88038338
1072055971025948672
418991953
30714133
722147376
17987852
814226712816975872
1140962441679003648
746610873767202816
3058536334
1084055210
1490706360
842332316
193631695
361325420
358175397
361325420
125960653
575398242
361325420
520670946
1041237779135397888
1101985276929421314
358175397
731580501169963008
1239517116056965120
1239517116056965120
1125414934131687425
895246093314908161
588496132
1346943052577964035
1173622041112719362
895246093314908161
822921350541144064
3393385137
47646982
25353273
2487318846
1004650904774172672
125960653
69091963
24169740
895246093314908161
26109505
1362400037460979713
21689226
895246093314908161
48131674
739033251348631552
31464442
2548072274
32347985
91327726
25114087
372167494
74677398
25114087
1658364973
895246093314908161
46846624
18697324
919851948882452481
919851948882452481
1041126551234859008
57979670
873802741889609728
873802741889609728
1284402397809385472
3036291755
739033251348631552
32397677
38635103
28416283
38635103
3036291755
380249246
1025716209688432641
196115443
1396889045649797122
1362400037460979713
1396889045649797122
1362400037460979713
1396889045649797122
1362400037460979713
1362400037460979713
148391437
453906285
1258636029436858368
91327726
42192265
1433459354
1920493537
249774386
1086157471830495232
2379300853
1157897856478515200
741136196
14291331
1274716741
2825747327
1088771191
459293894
3657382515
1344308387929063432
1920493537
1433156878968709122
891703584
481932428
17963196
2432677045
1322275657536229376
895246093314908161
61828285
28115335
1272568367505948673
1353800907855695873
61828285
19242736
1419043035501973509
805565834
37578531
1129236186
1252127025533530112
591044078
4836064754
2235175809
1258636029436858368
38453785
39083148
1362816919645147139
260870755
14284919
619475949
21317489
1055728390433595392
866957533
96191122
2565060157
61828285
53890307
18629239
1205472258
53890307
1241032817527619584
53876028
822964671305121792
33170830
1681027554
38635103
38635103
72256129
62727735
2225441595
61756804
331799590
815188041308446721
146622252
1433480230606409728
91327726
35019895
87551526
233665155
67676949
87551526
236949777
114043368
365635604
1252127025533530112
195702272
1342246146
840567625100976129
1252127025533530112
1205100582
267848594
560564125
1202056939
560564125
211935442
1382374817563828226
33622624
2956432473
752523992058200064
195702272
884117315230609410
1114628888834056192
67676949
2767349669
1076817090
42495491
101312570
2554375868
2537978100
46782315
1072055971025948672
3345617697
66664753
Result_count_tot:769