365635604
62121469
41595048
365635604
26798240
26798240
223812019
2415957962
2415957962
288341428
26798240
1343500261982089216
418200427
41595048
82872579
2548131272
82872579
265581656
20238626
32347467
19921092
19762987
194559842
1275446147700518916
2873711309
407634764
15895694
31405598
966666031166054400
2873711309
2548131272
2981103473
2981103473
955474624917188608
19762987
19337187
19762987
19762987
2999569138
19762987
1460642443
1460642443
6706182
17283361
19762987
17283361
1071368653298376711
1497960784055488519
1243621045266980866
804132241
479747389
20667905
2264840661
139997002
822964671305121792
140747355
19905010
830047389964705792
299515134
340577078
299515134
46106058
96191122
18697324
3012371014
15571097
1275446147700518916
2718593403
1275446147700518916
142213666
387118980
387118980
1196483602869080064
946038681781047301
776171614618681344
340577078
39311450
340577078
1275446147700518916
1169018354503471104
41595048
416511546
416511546
60983
416511546
930448232
41595048
27113674
62121469
41372029
27113674
718349821153832960
41595048
182275776
1456920548
1362663147836997644
822964671305121792
946038681781047301
2532762127
30179137
30179137
806606987639324672
2415957962
1275446147700518916
238308510
596422929
1066468030182551552
36440078
14048665
26798240
16144050
3412083531
14282577
955474624917188608
1109941264336719872
958712200230834182
2718593403
2718593403
2532762127
612972910
18716146
612972910
2313448980
6706182
6706182
6706182
3405779680
48794268
48794268
3405779680
48794268
1338866706010140674
48794268
48794268
48794268
1343500261982089216
775685426380214272
1034011336185970689
612972910
612972910
612972910
612972910
2385613400
75742264
124280207
34941106
3103828582
838753427207380992
838753427207380992
373272300
838753427207380992
491412229
1302918139232038912
574681337
3412083531
175187994
109293948
589284711
1302918139232038912
373403003
452826738
28232768
13368602
34049755
17089700
34049755
784413107624042496
784413107624042496
20058914
3034937163
873593740115443713
871466426741272578
59569015
873593740115443713
337332303
873593740115443713
41372029
357376695
1426289635
31405598
172473788
1275446147700518916
355063017
66664753
19123323
866957533
3549331
48968972
1583524256
427535413
35306702
41372029
1113141879154065409
21670880
30110233
873593740115443713
4860608111
1343500261982089216
32859695
873593740115443713
3103828582
47417745
2586939154
2532762127
36627732
36627732
96191122
784809964816764928
4111217308
66664753
1173622041112719362
18435641
59569015
171211471
47317899
139997002
99347701
2394537301
858674768
1622142230
66664753
724323373078200320
29908667
41595048
47317899
45683494
1173622041112719362
66664753
946038681781047301
333680419
337332303
1543506013
839827525786292224
122318779
518934246
390687348
1329062761482117121
365635604
26798240
518934246
122318779
2548614199
62524886
3012371014
289395726
41372029
1012074668680011776
925538612
14048665
579065545
107810950
365635604
2287362827
938664038
80797565
1178969455575146503
16342984
1370413813439287301
36160400
36160400
36160400
3579740657
1281394579414155264
3579740657
18895648
63562489
46782315
340625008
129788686
2313448980
2305137562
897314346
3579740657
575398242
411806483
1343500261982089216
1041111600
1041111600
36015823
470490885
168508977
1343500261982089216
148391437
1343500261982089216
873593740115443713
1343500261982089216
148391437
168508977
873593740115443713
873593740115443713
812431372174454786
1173622041112719362
958712200230834182
1343500261982089216
41885971
75742264
970013578769108997
3369648803
3369648803
3369648803
29800686
41597644
56987723
1114628888834056192
1267709820142063616
1543506013
475239362
1543506013
976922158197891074
374417128
1073486504834592768
38135837
1241724609289949184
1118908050969116674
2420157306
1160961753573994501
61735082
790918114737266689
48680565
48680565
14062842
952471718098034688
14278621
98434549
1049235706252615680
528630505
14353663
3369648803
803160911120887809
958712200230834182
2418099208
756223204537008128
2418099208
170381253
976922158197891074
976922158197891074
976922158197891074
976922158197891074
390687348
4482843213
2718334706
2613797256
2718334706
163425145
575398242
31464442
790918114737266689
274256700
37761004
484733763
26558617
575398242
528630505
23522069
1073486504834592768
1429890756
1134070120572182530
2718593403
16342984
2418099208
2418099208
958712200230834182
1434108737527091203
159158744
98362144
315749809
324844301
1430930500990930944
47317899
38451208
1179383574
38923888
1320925746
34013960
941334106692038656
1320925746
1320925746
66664753
35182954
1346751896174927873
1263976867
2418099208
16342984
2718334706
23436442
24514743
159158744
35733102
1264305324
4758150675
1264305324
1264305324
257582449
1264305324
393448735
1264305324
1264305324
60639755
3412083531
2418099208
189225001
3121508429
1115385841
3319450421
3311743845
784582
966666031166054400
976922158197891074
976922158197891074
976922158197891074
976922158197891074
966666031166054400
1389838586
414321157
159566304
1658364973
427535413
426047000
1049235706252615680
36627732
37416154
59569015
59569015
34987277
3520520175
36027595
9695912
36027595
584107111
603849046
Result_count_tot:430