1499661384497434624
1366471987682545671
557746614
1500188934638342145
706391225033736193
1497965432409624581
1386656857801076737
1386656857801076737
1386656857801076737
1386656857801076737
1386656857801076737
1386656857801076737
1386656857801076737
1386656857801076737
1386656857801076737
1386656857801076737
1386656857801076737
1386656857801076737
874355535721660416
1497853228964323330
1499661384497434624
1499659644955942912
1446539647623041038
518403203
1502325783263645703
1499720755277410309
1499631472675860483
706391225033736193
1499635165362102275
1500809450969608193
1423238215625027585
1499628746676047874
1333120774161506305
1499635165362102275
1500206514145009668
1500206514145009668
1499635165362102275
1499661384497434624
1499689136621596673
1500515520466100232
1499689136621596673
1499651676248158212
1497853228964323330
1499727050650918913
874355535721660416
1500399756169863168
1500399756169863168
1500809450969608193
518403203
1499720755277410309
1500469532858662913
1499705648199700480
1446539647623041038
1499628746676047874
1499661384497434624
1499661384497434624
22283867
557746614
1499661384497434624
1499628746676047874
1500399756169863168
1500742146483269632
1499661384497434624
706391225033736193
1500742146483269632
1446539647623041038
1500476364360671239
1500481760165081100
1500809450969608193
1499705648199700480
1499651676248158212
1499727050650918913
874355535721660416
1497853228964323330
1499720755277410309
1268079167091982342
1499640359995031552
1499628746676047874
1500471434874863617
1501185029875159047
22283867
557746614
1499661384497434624
1499659644955942912
1268079167091982342
1007983113581072384
518403203
1268079167091982342
1499732798336385024
1500188934638342145
1500399756169863168
557746614
2496120775
2496120775
14340875
14340875
1500742146483269632
1322229337
1501883132026527746
874355535721660416
1497853228964323330
1499727050650918913
874355535721660416
1500809450969608193
1499635165362102275
1500515520466100232
1499689136621596673
1499720755277410309
1499659644955942912
1446539647623041038
1126780656758001664
1500471434874863617
1500826783255564289
1499628746676047874
1499640359995031552
1499661384497434624
1499987322816901123
1499661384497434624
1500188934638342145
22283867
1499661384497434624
1499661384497434624
56328067
557746614
1268079167091982342
1366471987682545671
22283867
557746614
1500461594005938179
1007983113581072384
1500399756169863168
1287689022492610561
1366471987682545671
1499661384497434624
1373080359882080259
1499661384497434624
1499661384497434624
1499661384497434624
1033612932284915712
1033612932284915712
1033612932284915712
1033612932284915712
1033612932284915712
557746614
518403203
1499628746676047874
1268079167091982342
14741289
1498274743086108678
1499661384497434624
1007983113581072384
934002169208102912
706391225033736193
706391225033736193
47361819
1501148668413587461
1497965432409624581
140471399
1496596616169627659
439940584
439940584
439940584
439940584
439940584
439940584
439940584
905504641
1498274743086108678
1366471987682545671
1499736193243754503
1125780691676016641
1500847592191799300
1500809450969608193
1500809450969608193
1499628746676047874
518403203
1499631472675860483
1500188934638342145
1366471987682545671
1500399756169863168
706391225033736193
1499661384497434624
1339603698
1499644514117509121
1096417766
1500420693183410176
1499720755277410309
1499661384497434624
1500757909524860934
1368488555643887617
1612732712
1500595731257864195
1499628746676047874
1500493295964856333
1499638616385069060
1373080359882080259
706391225033736193
1106498814184247296
1500487127037063168
Result_count_tot:199