1269386606072430593
1382215398
30421352
30421352
131293004
23176823
131293004
23176823
72228773
822964671305121792
2596016185
1269386606072430593
18029265
18725408
591044078
18029265
18725408
23084212
1496819225498894349
35733102
35733102
355348269
1404444054
471152965
373272300
306190956
373272300
77990661
1353800907855695873
1287439965211721728
1356297846
1932287588
1932287588
1932287588
1932287588
1059811218574270465
1371560561301983239
68352710
57592947
47974057
18461311
47974057
18461311
1134070120572182530
1452770780035624960
1406001203490734081
340421086
1269386606072430593
555743404
1269386606072430593
555743404
555743404
1269386606072430593
555743404
1269386606072430593
1308366632369217536
1406001203490734081
1406001203490734081
1308366632369217536
1269386606072430593
1269386606072430593
1406001203490734081
1269386606072430593
1406001203490734081
1269386606072430593
1429890756
974603003100622849
1406001203490734081
1269386606072430593
1371560561301983239
944602050
1308366632369217536
274923088
2519133448
1336661661734809603
1482048027682648073
306190956
1540456093
306190956
1137437244388716544
231379559
988318398475128832
133248413
17987852
1491481930033942533
256562308
51578730
1011728104862179328
51578730
795539197
1308366632369217536
265486447
1308366632369217536
537058316
795539197
3088616093
3082262836
1152194043071356928
2925842572
2414075550
1074670741428322304
1471850188327333893
1269386606072430593
37905264
18475198
1932287588
1932287588
373272300
4048152814
393448735
373272300
442711232
1440244241528098830
1224032674966315010
577249224
848824298
406892131
230649466
1366321854504435714
760559255288176640
109374678
1286288189603418112
1404444054
1269386606072430593
944602050
1371560561301983239
568362036
224248943
35019895
489479693
119595878
2596016185
541992874
62355926
35185203
1452770780035624960
51578730
1452770780035624960
1269386606072430593
1471850188327333893
1269386606072430593
1427321166767734784
1269386606072430593
44852484
1481604319430520838
1135898608509825024
1135898608509825024
1497960784055488519
14263494
1731175884
16557956
17233716
1320403218682335236
425872034
171463267
45961660
1371560561301983239
944602050
91968833
95137553
95097499
24475435
2466596618
1314484336998191105
2466596618
1314484336998191105
2466596618
1314484336998191105
2466596618
529360281
59506992
59506992
2596016185
59506992
2596016185
59506992
2596016185
2943688929
20778180
14659667
848824298
848824298
177911444
1269386606072430593
2943688929
27716729
27716729
27716729
1308366632369217536
28090915
230649466
157005724
20778180
1439478436737736708
373272300
1932287588
1932287588
958712200230834182
1447261840501878793
308518835
31394950
43726157
846663964406824960
238089804
733893482989899776
1354354296
280617118
81824632
168494259
83875973
1491973719589154820
21281142
433663889
2165413610
21281142
822964671305121792
51578730
51578730
433663889
21281142
21281142
1482703105565368326
1032008584241004545
1056197672296738821
822964671305121792
1345746620328124417
1482008525110923264
1932287588
1932287588
1932287588
1269386606072430593
832250449088618498
18435641
570744394
4836064754
1044130392318636032
18435641
1044130392318636032
1316768702986162177
1489906304248287233
1489906304248287233
1489906304248287233
543302473
1273902983881818114
109293948
1269386606072430593
1375403823573954562
1406001203490734081
1273902983881818114
1737141056
365635604
82825318
230649466
365635604
1375403823573954562
82825318
365635604
4836064754
306190956
344794448
64017065
64017065
516315443
4836064754
1269386606072430593
233942985
516315443
18475198
93486562
3308599215
1338866706010140674
18435641
18475198
1269386606072430593
1308366632369217536
1269386606072430593
2248451011
4836064754
1269386606072430593
2596016185
1452770780035624960
21281142
1483738144591777793
2596016185
51578730
51578730
1227661518
1450298253476388866
1450298253476388866
2596016185
51578730
2596016185
51578730
830532037
51578730
273333721
1205100582
968955060
1205100582
72228773
1353800907855695873
306190956
17509243
32922138
421524772
306190956
1440052041481535492
44852484
44852484
1440052041481535492
1085173118619078660
1462945333
1737141056
44852484
1440052041481535492
18560876
2596016185
30421352
2596016185
782378825019756544
373272300
32535843
373272300
32535843
32922138
1324373490506584068
373272300
22492349
2596016185
1737141056
1185270297043329024
2596016185
377551958
377551958
2596016185
1185270297043329024
2596016185
377551958
2596016185
2596016185
2596016185
344794448
2596016185
490487014
18364179
1268113275868381185
876381924138381313
1380530613904637957
878524436
490487014
31362764
51493208
873304134
131791765
131791765
131791765
1518809059
67429024
612972910
2596016185
373272300
63132666
2362101866
2362101866
2362101866
1435241229877489674
1365197512764751872
81824632
373272300
373272300
581942768
373272300
1492746672308649985
21281142
555743404
761336292185632768
361253898
1450298253476388866
1352086882943979522
51578730
568362036
24910192
1185270297043329024
555743404
555743404
1185270297043329024
1185270297043329024
941388744183242753
555743404
555743404
555743404
555743404
1185270297043329024
555743404
555743404
2600974059
615532041
555743404
76989641
44852484
912596187445911553
1308366632369217536
555743404
1427743430197878786
1308366632369217536
1308366632369217536
1269386606072430593
555743404
555743404
2596016185
1308366632369217536
1229745018
2596016185
3224588302
1451508853888196614
1491481930033942533
438717318
37761004
1037031822
1181108894409601024
82564959
745380245511905280
1290914712566337538
63429334
337332303
63429334
337332303
589112870
589112870
1352086882943979522
1352086882943979522
372395518
337332303
1185270297043329024
1185270297043329024
219653856
1185270297043329024
3007883789
1269386606072430593
1269386606072430593
23934018
395859253
944602050
944602050
395859253
67429024
39217768
4260193702
1169986791811747849
1270237269371219968
25687704
25687704
490487014
14741289
944602050
47361819
33250655
1382609588646727682
47361819
20667905
1004650904774172672
1004650904774172672
1004650904774172672
1205100582
741545599598796800
1205100582
23624195
1205100582
23624195
1205100582
966666031166054400
23624195
1901126112
2488626824
14288037
56987723
19293899
1205100582
17778782
56987723
17778782
1205100582
223406872
350360379
223406872
223406872
223406872
223406872
804132241
350360379
350360379
223406872
350360379
31841810
49294750
1205100582
968955060
1205100582
317643480
1446745414921867266
390115172
1446745414921867266
317643480
968955060
34268915
34268915
34268915
1205100582
1205100582
1446745414921867266
95238065
968955060
317643480
317643480
317643480
317643480
317643480
1205100582
968955060
1205100582
968955060
968955060
1205100582
968955060
1205100582
830532037
1037031822
1205100582
1037031822
1205100582
1205100582
1123003528660885506
317643480
1037031822
835033087461507072
1037031822
56987723
5201311
10141402
193588957
10141402
10141402
1205100582
1205100582
317643480
1205100582
1205100582
317643480
1205100582
317643480
317643480
317643480
317643480
317643480
1205100582
419197802
19762987
46373481
1205100582
1205100582
1431336032264495111
317643480
1251464551
317643480
1205100582
34358574
317643480
1205100582
34358574
317643480
1004650904774172672
1205100582
1105202398581178370
1205100582
317643480
317643480
1205100582
34268915
271094740
230649466
424938058
223406872
230649466
1205100582
223406872
1205100582
1205100582
1205100582
1023053633645109253
230649466
1205100582
230649466
1205100582
317643480
19062275
350360379
1205100582
424938058
1205100582
1205100582
223406872
350360379
34268915
34358574
1013123157878890496
1205100582
1353800907855695873
1205100582
34358574
1205100582
223406872
19062275
34358574
1205100582
34358574
94721506
34268915
34268915
1205100582
1205100582
528630505
830532037
350360379
1205100582
230649466
1125414934131687425
33659846
350360379
34268915
34268915
1362331039
22814965
317643480
1482778736189755395
94721506
350360379
38033026
830532037
1205100582
34358574
1205100582
1362331039
1205100582
34268915
998308778926903303
317643480
116872803
1362331039
830532037
1308745007881482240
1580374508
830532037
833800521601445890
2733434291
972392156
2596016185
34358574
1446745414921867266
2596016185
1205100582
1269386606072430593
4703882882
4836064754
2596016185
1269386606072430593
26501903
1545946591
786255324210565120
27716729
1185270297043329024
44852484
1185270297043329024
44852484
401253347
44852484
1138665927296389122
1138665927296389122
1138665927296389122
1138665927296389122
1269386606072430593
89398445
1134070120572182530
1460865948961943554
2596016185
2596016185
2596016185
619475949
1185270297043329024
2596016185
619475949
2596016185
1308366632369217536
1308366632369217536
2596016185
1308366632369217536
1452770780035624960
914037191537504256
4836064754
49938852
49938852
49938852
49938852
44852484
914037191537504256
49938852
49938852
1214695072236810241
59506992
914037191537504256
1452770780035624960
44852484
555743404
1452770780035624960
1185270297043329024
44852484
70898910
23423780
1269386606072430593
2596016185
4836064754
4836064754
2596016185
81488726
2596016185
81488726
2596016185
81488726
1269386606072430593
2596016185
1228434081316311043
2596016185
81488726
30421352
2596016185
350287950
2596016185
30421352
2596016185
30421352
2596016185
30421352
2596016185
2596016185
1717294334
30421352
2596016185
1264291718
1737141056
2596016185
2596016185
85158691
44852484
1737141056
44852484
1737141056
1737141056
30421352
2596016185
1269386606072430593
2596016185
2596016185
1458813556816764934
1469403303385706501
44852484
2596016185
1269386606072430593
21281142
2950141329
555743404
555743404
555743404
1269386606072430593
1228434081316311043
1228434081316311043
Result_count_tot:774