1474149244424626179
18475198
269306020
18475198
269306020
1471227833255092227
1489906304248287233
1219735398
38199542
415701368
2290658585
415701368
2290658585
21393069
269777232
27695937
2554375868
818127906
3354083716
3129875193
398606542
1104181219
1422624319168032776
391243055
1470513271614713863
1497881307573010435
1258924800006926338
223908195
804132241
78864889
1341026322030743553
544500511
1258924800006926338
1470513271614713863
1470513271614713863
1470513271614713863
1497881307573010435
1470513271614713863
1470513271614713863
1497881307573010435
1470513271614713863
1258924800006926338
1497881307573010435
1497881307573010435
1470513271614713863
1497881307573010435
1497881307573010435
1470513271614713863
1497881307573010435
1470513271614713863
1470513271614713863
1497881307573010435
1470513271614713863
1497881307573010435
1470513271614713863
1470513271614713863
1497881307573010435
1497881307573010435
1470513271614713863
1470513271614713863
1497881307573010435
1497881307573010435
1470513271614713863
1470513271614713863
1470513271614713863
1497881307573010435
1470513271614713863
1497881307573010435
1497881307573010435
1497881307573010435
1497881307573010435
32816797
1470513271614713863
1069611737891119104
1497881307573010435
1497881307573010435
1470513271614713863
1470513271614713863
1497881307573010435
1497881307573010435
1470513271614713863
1497881307573010435
1470513271614713863
1497881307573010435
1470513271614713863
1497881307573010435
1470513271614713863
1497881307573010435
1497881307573010435
1497881307573010435
1470513271614713863
1470513271614713863
18475198
1258924800006926338
18435641
1258924800006926338
1497881307573010435
1470513271614713863
1470513271614713863
1497881307573010435
1470513271614713863
1470513271614713863
1470513271614713863
1497881307573010435
1470513271614713863
1470513271614713863
1470513271614713863
1497881307573010435
1497881307573010435
1470513271614713863
1497881307573010435
1470513271614713863
1470513271614713863
1470513271614713863
1470513271614713863
1470513271614713863
139997002
1470513271614713863
1470513271614713863
1470513271614713863
1470513271614713863
1470513271614713863
1497881307573010435
1497881307573010435
1497881307573010435
1470513271614713863
1497881307573010435
1470513271614713863
1497881307573010435
1470513271614713863
1497881307573010435
1497881307573010435
1470513271614713863
1470513271614713863
1497881307573010435
1497881307573010435
1470513271614713863
1497881307573010435
1470513271614713863
1470513271614713863
1497881307573010435
1470513271614713863
1470513271614713863
1361633388440948738
465478866
578830380
1357570166096203776
903986217494036480
1436933242167365634
1450641042194137093
1470513271614713863
2537113873
1470513271614713863
1362017335419179008
1328016180750282752
1382912534638780417
1407712660456546309
1361289184493793285
1470513271614713863
1356641305498017792
1482537320226172930
1306050626883694593
759767674091999235
1358474400324964352
1466998778188079104
1219735398
917838407602237440
1472236012428431361
1470513271614713863
1470513271614713863
1470513271614713863
1470513271614713863
2537113873
1017664635502252032
1472236012428431361
3103828582
415701368
917838407602237440
3103828582
3175750240
1372429280035049476
1357115023198326784
1372429280035049476
1359154549911670790
1359154549911670790
3103828582
1328016180750282752
1452634549695963139
1356641305498017792
1368098688984248323
1368098688984248323
1356173076849852417
1306050626883694593
1361633388440948738
1436933242167365634
1357348026566668288
1450641042194137093
1363104336348213248
465478866
1482537320226172930
1323509264393011200
1361289184493793285
1447415408437383172
902074524421812224
1398599525858648067
1259145563041218560
1437280912668913667
1452504518197866497
1470513271614713863
1470513271614713863
1470513271614713863
1470513271614713863
1470513271614713863
1470513271614713863
1470513271614713863
1470513271614713863
1470513271614713863
1470513271614713863
1470513271614713863
138890465
1470513271614713863
2317558679
19093203
253932197
1498663970823155712
223812019
223812019
123648011
223812019
2317558679
57064417
35483071
57064417
74983700
473914976
1497881307573010435
1497881307573010435
1470513271614713863
1497881307573010435
1470513271614713863
1497881307573010435
1428655003988791301
1470513271614713863
1497881307573010435
1470513271614713863
1497881307573010435
1497881307573010435
1428655003988791301
1470513271614713863
1470513271614713863
1497881307573010435
1470513271614713863
1497881307573010435
1497881307573010435
1470513271614713863
1470513271614713863
1497881307573010435
1497881307573010435
1470513271614713863
1497881307573010435
1470513271614713863
1497881307573010435
1497881307573010435
1428655003988791301
1470513271614713863
1428655003988791301
1470513271614713863
1497881307573010435
1497881307573010435
1428655003988791301
21983904
851730601
1470513271614713863
1470513271614713863
1470513271614713863
1470513271614713863
1470513271614713863
1470513271614713863
1470513271614713863
326165164
139997002
2873711309
415701368
1497881307573010435
1428655003988791301
1497881307573010435
2206512844
1470513271614713863
21642701
1497881307573010435
1470513271614713863
1497881307573010435
1470513271614713863
1497881307573010435
1470513271614713863
1470513271614713863
1219735398
1497881307573010435
1497881307573010435
1470513271614713863
1470513271614713863
1470513271614713863
2264840661
4836064754
2418099208
1258924800006926338
194507936
1227666175603113986
82825318
2616746847
992688838987436032
2616746847
707668606922915840
818127906
992688838987436032
82825318
992688838987436032
82825318
82825318
992688838987436032
82825318
1156501430179639296
1258924800006926338
2616746847
992688838987436032
2616746847
703547894
631861885
992688838987436032
2616746847
992688838987436032
82825318
992688838987436032
82825318
1156501430179639296
2616746847
1156501430179639296
1490706360
82825318
992688838987436032
82825318
992688838987436032
992688838987436032
1156501430179639296
2616746847
992688838987436032
762738981305978880
82825318
992688838987436032
2616746847
1497881307573010435
1493949300149215241
27836738
1428655003988791301
3433970278
1161543558052139008
1470513271614713863
2418099208
153540072
116872803
1261272036292386816
21642701
1428655003988791301
1492601532340129792
1497881307573010435
1021828176538939392
2313448980
1287439965211721728
1219990202690785280
219653856
925495650946514944
1492601532340129792
1545254797
1489970951265607685
1483340793389666306
1338866706010140674
63483732
1482703105565368326
1482703105565368326
1133818226952085505
1448379760636219399
28546598
733893482989899776
59225017
475239362
21393069
32362052
48131674
1138135979443785731
1565780678
139997002
139997002
256562308
3418790463
2462041882
6706182
65619261
1475212023134928907
238109168
1180123364494585858
63425851
338465876
1470513271614713863
2206512844
1470513271614713863
1470513271614713863
36678662
2206512844
1470513271614713863
1470513271614713863
1258924800006926338
1428655003988791301
1470513271614713863
1470513271614713863
1470513271614713863
1470513271614713863
1470513271614713863
1428655003988791301
1428655003988791301
2206512844
2206512844
2206512844
1470513271614713863
1428655003988791301
833548348951056384
1470513271614713863
1428655003988791301
1470513271614713863
1470513271614713863
1428655003988791301
1428655003988791301
1470513271614713863
1470513271614713863
1428655003988791301
1470513271614713863
1470513271614713863
1428655003988791301
1428655003988791301
1470513271614713863
1470513271614713863
1428655003988791301
1470513271614713863
1470513271614713863
2206512844
906490753
27113674
62121469
27113674
2590058264
718349821153832960
2590058264
2548072274
1427578107809128459
398606542
1446745414921867266
2548072274
1485118037627838465
1485118037627838465
1489906304248287233
1370413813439287301
44174373
1486094362782191629
992162588233527296
142613436
2415957962
2206512844
65619261
142613436
1485118037627838465
757022071
269777232
1096055512955793408
25051303
2415957962
269777232
2313448980
19190875
907138867295219712
4892320882
4892320882
271866986
1372429280035049476
1388460317416464384
465478866
1357256074664030210
1488879441191264263
578830380
1357534143974756355
1450641042194137093
1436933242167365634
2317558679
2317558679
21393069
57064417
2362101866
2317558679
1406129576216907782
1356424694736384000
1291112197951614976
1357150510134874112
1209675514786414594
1357059630682107904
902074524421812224
1447415408437383172
1398599525858648067
1437280912668913667
1357115023198326784
1356926358270611456
1387072724711923714
1361633388440948738
1482537320226172930
1361289184493793285
1393575832019369989
1972948940
4678319682
1372429280035049476
868727043508260864
1357256074664030210
1384011829488197634
1382912534638780417
269777232
1468269434556932100
1415993778234667009
1291112197951614976
2741306510
768475863096578048
1356424694736384000
1472236012428431361
241054439
1363104336348213248
1380017742099574784
1373670558911528963
1263700474269593602
1356963495212765185
465478866
1332325313041207296
1357059630682107904
1357115023198326784
1450641042194137093
1387072724711923714
1388460317416464384
759767674091999235
1393575832019369989
1466998778188079104
1472117898848051201
1021035564215164929
1313717260150697984
1216672922841968640
1386233227795333122
1378294196612837376
1437280912668913667
1436933242167365634
1426395156987617283
1356641305498017792
1378184346738253830
1359154549911670790
910875612612583424
1472236012428431361
2537113873
1359331471312359426
1388460317416464384
1368475973159555074
2697874914
465478866
1125479276336308225
30686053
2855541052
764169924
902074524421812224
1447415408437383172
1398599525858648067
1450641042194137093
1360081943614820355
1357245178201972738
1426395156987617283
1356424694736384000
1675636452
1475617549723254788
1356539808290496512
1356674820457390084
1482537320226172930
1263700474269593602
1363104336348213248
1357115023198326784
1225354279646482434
1395348739989016577
1376260572967276544
759767674091999235
1323509264393011200
1378294196612837376
1361289184493793285
1436933242167365634
1357150510134874112
992688838987436032
238109168
1381081941026480129
1453618569627963393
940191986346266624
1342246146
219653856
1204701421981118464
447536883
834285631857651712
21393069
93486562
14499947
1217475301212594176
941980603431505921
22920732
872533308
19904252
288374984
1219735398
584107111
2993146007
26328944
436738807
65619261
1241032817527619584
1219735398
472851432
2548072274
31405598
95169910
2758274319
14509189
925538612
21423985
21423985
51493208
17272124
980376297833627649
18435641
19762987
551730401
925538612
744365131858059264
19762987
19762987
19762987
203669147
108728225
551730401
21423985
19762987
1403636393570672641
406623745
62814413
337332303
575398242
1029415540694179841
2188290457
719239930279538688
1312068492
84364750
455193032
2188290457
28998776
992688838987436032
1343500261982089216
2850181869
1029415540694179841
2600974059
1370413813439287301
25669359
219653856
25669359
730471074
2816843120
171463267
2472156079
2418099208
365635604
358175397
1342246146
83122061
306426609
717036122837266432
67403849
24886897
62121469
15473483
365635604
880511699207553027
65619261
1241032817527619584
65619261
108856784
365635604
108856784
28142174
3374114717
1273966125160828928
404165469
365635604
197110573
2415957962
219653856
1276320722269491200
1219735398
467386776
2415957962
1290914712566337538
401653137
1465765147
1465765147
365635604
612972910
30941476
2415957962
234387750
2308216804
612972910
1265664162107199491
38260259
63266077
1007405492723953664
136939611
1496579581
143155472
976922158197891074
18557630
18557630
36148979
1342246146
36148979
18557630
36148979
18557630
18557630
36148979
18557630
36148979
36148979
18557630
1448598260847980546
18557630
1342246146
18557630
36148979
2999569138
331481456
53876028
55551293
828620824294879232
143155472
143155472
53876028
55551293
53876028
404165469
3393385137
1342246146
245275525
1368607979415736330
72228773
1342246146
59225017
1290914712566337538
Result_count_tot:759