19921092
180911960
1476525757405057028
19921092
19921092
1476525757405057028
19921092
1476525757405057028
775084458743562240
1109862542560632838
2596016185
1345746620328124417
2596016185
1371560561301983239
116466388
2596016185
587684056
1452770780035624960
2596016185
2596016185
2596016185
2596016185
30834778
1343500261982089216
2596016185
1912587984
2596016185
1912587984
1308366632369217536
186194104
1476525757405057028
1308366632369217536
2596016185
1476525757405057028
804132241
16362310
2596016185
95619898
1471850188327333893
95619898
1345746620328124417
39217768
39217768
1345746620328124417
1345746620328124417
1345746620328124417
1345746620328124417
1345746620328124417
1452770780035624960
1452770780035624960
1452770780035624960
39217768
1345746620328124417
39217768
1269386606072430593
932785156284350465
1540456093
1540456093
30421352
1540456093
631614381
30421352
1345746620328124417
1461099838771183622
1345746620328124417
631614381
944602050
631614381
631614381
631614381
631614381
631614381
1214695072236810241
1214695072236810241
1011728104862179328
1371560561301983239
1345746620328124417
1274364629817462786
1258636029436858368
1243971752155365379
1461099838771183622
1269386606072430593
1345746620328124417
1288051283430199296
344794448
1288051283430199296
1345746620328124417
1345746620328124417
1345746620328124417
127673747
1737141056
1345746620328124417
568362036
631614381
631614381
555743404
631614381
568362036
631614381
631614381
631614381
631614381
1737141056
1452770780035624960
1461099838771183622
1461099838771183622
1461099838771183622
1452770780035624960
1452770780035624960
1452770780035624960
1452770780035624960
1452770780035624960
1011728104862179328
1452770780035624960
1011728104862179328
1452770780035624960
1011728104862179328
1011728104862179328
1452770780035624960
59506992
1011728104862179328
555743404
1011728104862179328
1452770780035624960
25938121
1011728104862179328
1452770780035624960
1219735398
1496579581
120639089
804132241
1011728104862179328
555743404
1011728104862179328
555743404
1011728104862179328
25938121
516315443
1452770780035624960
127673747
1011728104862179328
555743404
1540456093
1269386606072430593
555743404
1269386606072430593
1269386606072430593
1011728104862179328
555743404
1452770780035624960
555743404
1347492103
23176823
1011728104862179328
555743404
1011728104862179328
105426180
2600974059
1452770780035624960
2600974059
516391385
1717294334
1452770780035624960
555743404
1179132092455759877
1269386606072430593
19921092
2600974059
1269386606072430593
2600974059
1406001203490734081
1269386606072430593
1269386606072430593
1717294334
804132241
804132241
1269386606072430593
804132241
615532041
804132241
804132241
2250607685
30686053
1452770780035624960
1308366632369217536
1452770780035624960
1345746620328124417
1300792592481873922
1452770780035624960
30686053
1269386606072430593
1452770780035624960
1452770780035624960
30834778
1452770780035624960
1371560561301983239
39217768
1371560561301983239
1452770780035624960
1452770780035624960
1411299510010191876
1269386606072430593
1452770780035624960
44852484
1269386606072430593
344794448
1452770780035624960
1371560561301983239
1461099838771183622
1269386606072430593
30421352
1452770780035624960
1300792592481873922
1269386606072430593
30686053
1452770780035624960
614161467
1496579581
1452770780035624960
30421352
2596016185
2596016185
30421352
1269386606072430593
1452770780035624960
944602050
1461099838771183622
940191986346266624
1490815980687265793
1496579581
2596016185
631614381
1452770780035624960
2596016185
631614381
1269386606072430593
944602050
30421352
1540456093
1452770780035624960
30421352
93477588
944602050
1308366632369217536
631614381
944602050
631614381
1011728104862179328
7879802
631614381
944602050
3002084676
944602050
631614381
631614381
631614381
944602050
555743404
1269386606072430593
940191986346266624
30421352
93477588
1082954560044445696
631614381
1452770780035624960
30421352
2596016185
1179132092455759877
93477588
1179132092455759877
1717294334
44852484
2596016185
1493466249229127681
1717294334
1243971752155365379
2596016185
2596016185
966666031166054400
1403636393570672641
1202235439123501056
14741289
93477588
1011728104862179328
93477588
3002084676
2596016185
2596016185
1011728104862179328
832250449088618498
1308366632369217536
1179132092455759877
1095016101233262592
1300792592481873922
1476525757405057028
14741289
93477588
631614381
1179132092455759877
2596016185
1179132092455759877
19921092
19921092
1179132092455759877
1011728104862179328
1179132092455759877
1179132092455759877
1269386606072430593
1011728104862179328
19921092
631614381
14741289
944602050
2596016185
93477588
791538236
832250449088618498
1179132092455759877
1179132092455759877
19921092
1011728104862179328
1179132092455759877
93477588
631614381
19921092
14741289
791538236
1179132092455759877
1179132092455759877
19921092
2596016185
2596016185
1179132092455759877
1269386606072430593
19921092
1179132092455759877
1179132092455759877
2596016185
2596016185
2596016185
2596016185
1371560561301983239
4836064754
7879802
914037191537504256
4836064754
2596016185
30421352
1269386606072430593
4836064754
2596016185
7879802
4836064754
1308366632369217536
2596016185
2596016185
2596016185
1471850188327333893
914037191537504256
1308366632369217536
1371560561301983239
1269386606072430593
2596016185
7879802
2596016185
93477588
2596016185
1269386606072430593
4836064754
2596016185
1029415540694179841
1471850188327333893
1029415540694179841
7879802
1308366632369217536
1371560561301983239
1371560561301983239
1308366632369217536
1496579581
1269386606072430593
701463617393311745
1269386606072430593
1011728104862179328
1082954560044445696
44852484
19921092
190766364
1011728104862179328
44852484
1540456093
966666031166054400
1214695072236810241
1269386606072430593
93477588
1406001203490734081
30834778
1269386606072430593
344794448
266747070
1269386606072430593
7879802
7879802
1269386606072430593
44852484
231379559
14282577
1308366632369217536
44852484
14282524
844120068732665856
1681785680
1269386606072430593
842010432
19921092
3600483857
74717391
1269386606072430593
14741289
4703882882
1406001203490734081
1269386606072430593
1371560561301983239
1029415540694179841
4260193702
1717294334
2554375868
274930554
2590058264
1269386606072430593
1269386606072430593
51578730
2596016185
2596016185
31380527
51578730
1347433861442129920
2596016185
2596016185
2596016185
1269386606072430593
44852484
51578730
273118166
32338951
2596016185
2596016185
765456692
1269386606072430593
2596016185
2596016185
32338951
2596016185
2596016185
2596016185
1138665927296389122
966666031166054400
966666031166054400
966666031166054400
1095016101233262592
1476525757405057028
2596016185
31380527
1912587984
1737141056
2596016185
1406001203490734081
555743404
555743404
555743404
4836064754
4836064754
2596016185
1406001203490734081
2596016185
2596016185
1185270297043329024
2596016185
4836064754
1185270297043329024
2596016185
1185270297043329024
2596016185
4836064754
4836064754
4836064754
4836064754
4836064754
2596016185
2596016185
2596016185
171211471
1737141056
49938852
4836064754
555743404
49938852
4836064754
1737141056
2596016185
2596016185
1406001203490734081
4836064754
4836064754
2596016185
555743404
2596016185
4836064754
4836064754
2970062811
2596016185
4836064754
2596016185
1185270297043329024
2596016185
4836064754
2596016185
1912587984
4836064754
555743404
1185270297043329024
4836064754
2596016185
1214695072236810241
4836064754
2596016185
1912587984
3108533079
555743404
4836064754
1185270297043329024
555743404
1214695072236810241
2596016185
4836064754
2596016185
555743404
991956258
4836064754
1469403303385706501
516315443
4836064754
1029415540694179841
49938852
2596016185
3108533079
401253347
19017906
1029415540694179841
1185270297043329024
991956258
49938852
4836064754
1912587984
1095016101233262592
2596016185
1214695072236810241
1489999638
401253347
1209885566743040001
1029415540694179841
1214695072236810241
555743404
44852484
516315443
2596016185
2596016185
1912587984
555743404
1029415540694179841
44852484
4836064754
1912587984
1029415540694179841
59506992
2596016185
555743404
1308366632369217536
1029415540694179841
4836064754
1029415540694179841
555743404
2596016185
1912587984
78058188
1214695072236810241
1469403303385706501
2596016185
1737141056
1214695072236810241
1737141056
1737141056
761336292185632768
105426180
1912587984
2596016185
36678662
36678662
1214695072236810241
2540482822
1085209501769318400
1737141056
1737141056
1737141056
7879802
4836064754
2433391021
1185270297043329024
950364538188296192
950364538188296192
1371560561301983239
35185203
1308366632369217536
1085209501769318400
789643599289937920
273575122
1371560561301983239
1243621045266980866
1185270297043329024
2560618001
944602050
1243621045266980866
4836064754
1308366632369217536
953748657190440961
1185270297043329024
1308366632369217536
4836064754
4836064754
4836064754
1185270297043329024
1406001203490734081
1185270297043329024
555743404
1302637428394594304
37728949
1209885566743040001
1493466249229127681
1185270297043329024
2560618001
1403636393570672641
1403636393570672641
1185270297043329024
1185270297043329024
1185270297043329024
91998960
1386656857801076737
1386656857801076737
1386656857801076737
1386656857801076737
1386656857801076737
1386656857801076737
1386656857801076737
1386656857801076737
1173217134
1269386606072430593
555743404
401253347
1473316861861322755
14741289
1457010503235088392
19921092
14741289
1308366632369217536
20078169
1082954560044445696
1681785680
555743404
1471850188327333893
555743404
1386656857801076737
1386656857801076737
1386656857801076737
789643599289937920
1386656857801076737
1386656857801076737
1386656857801076737
1386656857801076737
1386656857801076737
1386656857801076737
1386656857801076737
1386656857801076737
1386656857801076737
1386656857801076737
1471850188327333893
1386656857801076737
1386656857801076737
1386656857801076737
1386656857801076737
1386656857801076737
1386656857801076737
1386656857801076737
1386656857801076737
1386656857801076737
1386656857801076737
1302637428394594304
30421352
1214695072236810241
1300792592481873922
2560618001
1214695072236810241
1029415540694179841
344794448
344794448
1300792592481873922
2560618001
1300792592481873922
344794448
1300792592481873922
344794448
2560618001
773534525615931392
773534525615931392
773534525615931392
1250706932954017792
82825318
1456920548
1432993051
575398242
35186651
398606542
63132666
1158782291272982528
204276552
1448598260847980546
863073687855149056
50303955
2819940124
863073687855149056
619475949
1432993051
2313448980
2540482822
139997002
131293004
18443986
131293004
18443986
1269386606072430593
131293004
18443986
131293004
18443986
131293004
139997002
18443986
131293004
18443986
131293004
18443986
131293004
18443986
131293004
18443986
131293004
18443986
471152965
339532308
131293004
131293004
891099056998670337
1086701305970806786
976922158197891074
18443986
818127906
818127906
18475198
339532308
18443986
18443986
18475198
818127906
339532308
339532308
18443986
818127906
31007362
1343500261982089216
31007362
1065145858197471232
741479168
271094740
1406974932958040064
339532308
339532308
139997002
39239833
18475198
139997002
707668606922915840
2969526028
66994755
953748657190440961
1151067934095302656
1151067934095302656
1151067934095302656
1161543558052139008
929387688863715328
84368180
Result_count_tot:798