752523992058200064
2540482822
1489906304248287233
26708613
21393069
193340913
306426609
2771607179
2540482822
1386656857801076737
1386656857801076737
1386656857801076737
1386656857801076737
1386656857801076737
1386656857801076737
1386656857801076737
1386656857801076737
223684700
1386656857801076737
1386656857801076737
1386656857801076737
1386656857801076737
1386656857801076737
1386656857801076737
1386656857801076737
1386656857801076737
1386656857801076737
1386656857801076737
1386656857801076737
1386656857801076737
1386656857801076737
1386656857801076737
1386656857801076737
1386656857801076737
1386656857801076737
1386656857801076737
1386656857801076737
1386656857801076737
1386656857801076737
1386656857801076737
1386656857801076737
415701368
2415646176
2540482822
139997002
139997002
414623003
612972910
4289412768
139997002
442711232
1002972024308994049
139997002
43062590
43062590
271902473
43062590
506317379
117152279
217530764
217530764
217530764
237524449
26708613
155027569
231711512
74983700
31976183
1089051850832338944
25687704
221064860
18461311
18461311
1543506013
22975747
20967934
26708613
2362101866
1482799195929341953
1492746672308649985
44174373
1250898934664486918
26708613
22014140
38265914
332746072
70022802
27609853
27609853
227100587
1208042953404497921
1325744204
27609853
35733102
319216129
319216129
30322601
1290914712566337538
26708613
30322601
26708613
30322601
365635604
384572225
3339113194
1275446147700518916
1275446147700518916
471152965
3339113194
1231820270
706109867082313728
1280033910391439361
1336078236451807232
314635115
4097872618
471152965
635806166
276565825
58139756
30686053
58139756
58139756
1543506013
1226480023277834241
1318594519538032649
1343500261982089216
30322601
1343500261982089216
33192221
224156880
427734625
116872803
162672672
1258636029436858368
1314484336998191105
1258636029436858368
23084212
30241775
421125838
421125838
34922204
23084212
114043368
30241775
421125838
23084212
3012371014
30439759
30439759
191121168
470233975
96191122
96191122
34972320
96191122
96191122
34972320
96191122
17997231
2718593403
34972320
1227666175603113986
82825318
398606542
398606542
1472059026338811905
410236677
823664138475999232
823664138475999232
49294750
823664138475999232
3782277197
365635604
365635604
25336045
955474624917188608
1543506013
1226480023277834241
95238065
34231784
57592947
271902473
338335070
338335070
223812019
398606542
1172869273
62121469
365635604
197110573
365635604
197110573
365635604
43062590
343983889
508817739
33166646
2444028215
1204365465075798016
2444028215
603775254
1353811322253803520
32482854
28334899
2742014076
868795669749927936
1388005281431384067
115124092
2418099208
31419003
612972910
612972910
612972910
1208042953404497921
612972910
2771607179
38260259
955474624917188608
612972910
38260259
612972910
365635604
612972910
365635604
612972910
365635604
612972910
365635604
226929592
1327643493133643776
226929592
2591458081
47607262
1026058994
1032325353749000198
820411862026190848
1087653701211308033
195073490
66217612
1370413813439287301
1037031822
1114628888834056192
571656776
273594119
340597481
501816919
57592947
720589683093303296
2435692832
365635604
2669405904
16575626
267112092
1474677319
3096643767
346690956
1474677319
346690956
38451208
365635604
365635604
271866986
427734625
195073490
415701368
19764533
3645415702
3645415702
236403619
365635604
31405598
941980603431505921
376173916
3060165490
986599884341080066
1241308942145392640
306426609
415701368
941980603431505921
941980603431505921
415701368
941980603431505921
415701368
941980603431505921
415701368
415701368
941980603431505921
415701368
603775254
2415957962
133633281
24693882
825040897
2415957962
32362052
3248077611
2415957962
825040897
2415957962
24693882
2415957962
365635604
1114628888834056192
1362400037460979713
2415957962
38901264
38822086
31362764
31362764
60900925
60900925
21904772
60900925
21904772
363282607
21904772
60900925
21904772
60900925
31362764
363282607
175187994
365635604
152591353
219653856
304331315
365635604
72645772
427734625
1343500261982089216
1113895849988427777
1330783352593506306
954301223460589568
3178221399
3121508429
2855541052
14062842
612972910
219268128
415701368
415701368
473914976
603775254
415701368
415701368
14226613
325150281
1235466517531287553
1338473818130690052
603775254
1338473818130690052
603775254
245396805
831044085679009792
365635604
49294750
110462639
365635604
141744721
141744721
130597727
2415957962
713990580
38265914
603775254
211129938
1412645168
782848396461834240
21393069
2290658585
1433460657911914498
18520064
43062590
43062590
15084430
236403619
1543506013
59580884
955474624917188608
19762987
59580884
56094095
365635604
273555252
1343500261982089216
273555252
360533388
1343500261982089216
365635604
1343500261982089216
603775254
1343500261982089216
572867654
603775254
1343500261982089216
365635604
1343500261982089216
365635604
1343500261982089216
365635604
603775254
365635604
470233975
1362544471
95238065
211129938
1382215398
1382215398
193186935
1382215398
1382215398
992688838987436032
16930782
2412070252
193186935
95238065
1221539816610914307
890511526947418112
74677398
412926150
867381021502787585
1129112765912834049
718349821153832960
20582802
343983889
495004140
183356975
183356975
304331315
415701368
53903601
3645415702
415701368
415701368
26186820
1377224510341058561
365635604
14365312
1213675987793137670
21393069
873266817690726401
1283598637390426112
1312028370088144896
838753427207380992
183356975
1129112765912834049
612972910
2306155972
64677507
3012371014
4460397340
1377224510341058561
1201941409
18716146
15887958
211129938
211129938
303365105
2180532753
237524449
864500300
211129938
95238065
38265914
72228773
18520064
72228773
18520064
72228773
18520064
1031912178306220033
173413752
37728949
703547894
49949837
4798966816
1002972024308994049
23084212
211129938
315749809
1496579581
1406974932958040064
434203999
60891099
503524312
58164809
2308216804
25097029
72245600
1185270297043329024
14286342
2250607685
1229772718809255936
552139036
60891099
1343500261982089216
60891099
1090069308456292352
1229772718809255936
752523992058200064
1094082169
239541918
150771231
94210419
160589463
818127906
4798966816
4798966816
4798966816
818127906
4798966816
4798966816
4798966816
4798966816
4798966816
818127906
4798966816
4798966816
4798966816
4798966816
4798966816
4798966816
818127906
1279124250406858753
1418701653772017665
1094665084113248258
3248864326
804986945453649920
734478434
338557070
818127906
338557070
818127906
1391344471422476289
636144198
16930782
64677507
1309598353680994307
16930782
1309598353680994307
4771777955
338557070
425708396
976125363146326017
4798966816
818127906
367985666
18213157
4798966816
340230319
818127906
976125363146326017
295361148
4798966816
1934485416
1009145143
818127906
16930782
954301223460589568
4798966816
818127906
239541918
66217612
33475848
33192221
1309598353680994307
45565440
133798612
818127906
92266313
72578677
472929066
75756340
148831635
4210008022
427899818
825305173
19501332
59851944
379773568
4771777955
1093248857784418316
237524449
1093248857784418316
1382623311033737216
612972910
88192052
60891099
2616746847
16557956
32539537
752523992058200064
26708613
26708613
66217612
1213675987793137670
477061627
425708396
15848266
18760790
20868447
47073928
555020993
47073928
383680734
18475198
18475198
18475198
18475198
18475198
18475198
18475198
376149624
62121469
38260259
365635604
365635604
18387289
365635604
365635604
234132789
365635604
234132789
234132789
62121469
80668551
1432993051
365635604
384572225
1343500261982089216
74677398
38260259
38260259
277997984
95238065
277997984
15848266
95238065
277997984
15848266
277997984
95238065
1002285233557917697
1109582456
33275072
1325027058813169665
840125662623027203
1161501897125191681
65619261
214414516
32539537
1029729547783229442
1213675987793137670
513091074
95238065
15848266
23084212
100485411
100485411
23084212
100485411
23084212
100485411
29463057
27704856
27704856
23084212
954646879932952576
87666695
23084212
84842549
16575626
84842549
84842549
14694707
15895694
34972320
211129938
1290914712566337538
32482854
1053108241
332373271
271866986
2415957962
2415957962
1290914712566337538
1370413813439287301
1034011336185970689
1143974095
1543506013
87237306
2415957962
57064417
26708613
568334003
23084212
23084212
58139756
23568768
33192221
1373597254678945793
1115969351771918336
374176832
954646879932952576
2250607685
2250607685
954646879932952576
85666077
56199360
56199360
33667980
1172869273
332373271
240593734
196115443
1339532401140228096
17243721
1185270297043329024
365635604
13712
59580884
1965420942
14365312
48966732
95238065
56199360
976922158197891074
818127906
281589495
1273966125160828928
164301996
237524449
1429890756
349872308
43062590
1129978544967376896
123796114
1342246146
2415957962
15848266
304331315
108856784
752523992058200064
752523992058200064
752523992058200064
752523992058200064
752523992058200064
752523992058200064
752523992058200064
752523992058200064
752523992058200064
1213675987793137670
64385966
18627984
1250898934664486918
66664753
2818756895
492189880
34972320
784507090551406592
1123019412963860480
947115811080163328
2942170702
1216061304445849601
473914976
23104499
237524449
3115258858
1096055512955793408
238109168
1343500261982089216
1037031822
1337797928
1162004933819928577
1213675987793137670
1216061304445849601
1543506013
43452513
1095016101233262592
18594702
735095665
416486744
187600454
66735643
23925022
36050996
66735643
104809433
148831635
Result_count_tot:789