1431603468431605760
948180824003883008
1431603468431605760
1047135394876338176
1047135394876338176
1047135394876338176
1362816919645147139
1431603468431605760
1431603468431605760
1431603468431605760
1431603468431605760
3177346709
976922158197891074
832879977100095488
20427104
832879977100095488
1431603468431605760
1431603468431605760
892120389819789316
312269694
948180824003883008
3103828582
3103828582
20427104
159158744
1134070120572182530
20427104
20737653
3103828582
1431603468431605760
1431603468431605760
3103828582
804132241
1431603468431605760
1431603468431605760
1430418742039695366
1431603468431605760
1431603468431605760
1431603468431605760
1431603468431605760
17271202
17271202
17271202
17271202
1443480082232881153
1431603468431605760
747582373
1326185046798163969
1160961753573994501
1376421620
61489446
28726577
1215926666578612230
1343500261982089216
1343500261982089216
1443480082232881153
1431603468431605760
394216440
1431603468431605760
28726577
3579740657
1287782804311416832
58018055
1287782804311416832
58018055
1287782804311416832
58018055
819181990884872197
1343500261982089216
1426289635
1287782804311416832
1658364973
883619430483333120
1376421620
1426289635
883619430483333120
334315068
1443480082232881153
1437374471237783557
143772257
1326185046798163969
1326185046798163969
1326185046798163969
1326185046798163969
1431603468431605760
59773125
1431603468431605760
620392738
311317636
24153920
236108456
105140705
4846803291
1447205340
312269694
122072320
1469555131389820930
4289412768
165497788
1091597816357703681
1390765649102790659
1390765649102790659
122072320
1390765649102790659
1091597816357703681
1426289635
30686053
1319919082431537152
1103750268255170560
977275694622396418
1329910237130874880
106730403
18475198
122072320
1103750268255170560
1376421620
1426289635
122072320
1268113275868381185
426750416
122072320
1268113275868381185
1860429764
236108456
1041237779135397888
1431603468431605760
1447205340
1447205340
1447205340
1041237779135397888
1041237779135397888
1447205340
4289412768
1426289635
1447205340
218881394
30670595
1920493537
1920493537
1041237779135397888
1431603468431605760
926542226460684289
4846803291
2313448980
35019895
35019895
1426289635
804132241
878524436
1267773878518067207
36774962
218881394
1478114260458917888
4882547464
412417270
1406974932958040064
1179805558565724160
1293617116634140676
2368745807
804132241
411397115
2313448980
1406974932958040064
1179805558565724160
804132241
899010525136388097
393448735
32890148
1343500261982089216
1406974932958040064
1179805558565724160
342862254
702437744275021824
156390474
159584988
1109315040333701121
2741907000
230474279
1431603468431605760
2303833679
384472873
1109315040333701121
1497892850872328198
1452062606018154506
1431603468431605760
1208924740179677184
54972400
30825849
41076087
99261103
1109315040333701121
2874398938
1151574323112665088
1151574323112665088
1356350908200857611
1372764241
174318713
1483534596163751940
305181494
722911302566326272
515852332
1630778671
1033716271391694848
800997802100817920
1406974932958040064
1406974932958040064
1901617352
1901617352
3579740657
56361825
1169018354503471104
1452716979543056397
1478114260458917888
481401647
121361369
1300020191292796928
3817703656
1406974932958040064
3817703656
20868447
3817703656
722911302566326272
722911302566326272
3579740657
1109315040333701121
1279522303454429184
791538236
1279522303454429184
1478114260458917888
1478114260458917888
1478114260458917888
75547391
1338866706010140674
238109168
41595048
1102862541573767168
20868447
1901617352
34785068
331799590
471152965
72256129
72256129
162672672
1419043035501973509
1410912195148402691
55813241
957358517903613954
1238413946
305181494
1406974932958040064
801434098304684032
3579740657
1234960017364848641
2784397274
61340005
1290793285708111872
1333653392007237632
1323130109604319232
1263149342745034753
1272568367505948673
1279749292543086592
4097872618
34378493
1363906246563287047
540160994
1165750585938849793
1394696412181549056
25516100
1431603468431605760
1021677364051431425
1156269686255996928
945674562406113280
342862254
1497137601270145053
1318794626
1179805558565724160
2532762127
958712200230834182
138125218
1420753980305547268
251769222
940017932
246492252
1317926834269544450
1093960581160284161
42844683
3050470218
868691317
1550561592
1430418742039695366
1127478952132476930
1363906246563287047
1512614928
1127478952132476930
58244415
1054780048396505089
1406974932958040064
1468289893126516737
908669832
816993776
575398242
1406974932958040064
908669832
575398242
612781988
908669832
1498426992588476426
575398242
3806997142
1452062606018154506
908669832
940017932
2610485348
575398242
3409899621
1179805558565724160
1406974932958040064
1406974932958040064
1619767424
1420753980305547268
1140233256
59617426
1420753980305547268
3103828582
1179805558565724160
1140233256
1140233256
908669832
1420753980305547268
1179805558565724160
1406974932958040064
1179805558565724160
23737789
512447810
1448379760636219399
307133237
1406974932958040064
1448379760636219399
1298737602850435076
1475878259975933961
2874173163
1179805558565724160
1117175989132517376
2287362827
1406974932958040064
1179805558565724160
31007362
1406974932958040064
307133237
14515583
4846803291
1382374817563828226
3023136717
1406974932958040064
791538236
1425117127313403907
1287439965211721728
820906803630313472
24514743
816993776
163425145
231379559
321546491
816993776
3308599215
1298737602850435076
163145068
950364538188296192
3164860497
816993776
2981103473
1232742531621892096
1272568367505948673
951396329913245696
1482121101052370944
1482121101052370944
59617426
1272568367505948673
62524886
36077820
62524886
3103828582
1901617352
3103828582
2773561720
3415795581
3817703656
946038681781047301
64017065
18360037
1185270297043329024
312269694
3103828582
608828776
1120744894203609089
3103828582
946038681781047301
238109168
4097872618
3103828582
4097872618
238109168
4097872618
47974057
311885289
1016588280094248960
238109168
24418500
24418500
1352086882943979522
1394696412181549056
2970062811
481401647
462893360
28548860
268280629
1497844595778068480
117393645
122072320
122072320
39554480
939761809124446208
122072320
28142174
28548860
2313448980
1867174610
1867174610
172473788
29715510
62524886
172473788
575398242
1431603468431605760
1431603468431605760
612571573
509958717
1275446147700518916
16575626
1275446147700518916
471152965
38453785
1138517740891889671
3074396561
458734228
3074396561
355063017
168709423
16575626
1275446147700518916
2850181869
1275446147700518916
16575626
1275446147700518916
16575626
21689226
946038681781047301
3171637277
908669832
3331154825
230474279
487494915
1243971752155365379
108097143
4846803291
355063017
21689226
4846803291
17233716
4814767876
168709423
4846803291
2313448980
467225373
2718593403
2718593403
1499144143079190537
842005465
930445230507216896
491724659
3012371014
1860429764
159158744
7879802
58164809
462893360
1277857797611442176
67724181
37442743
485041702
1171011359955390465
891099056998670337
1323130109604319232
2931979738
1315532028
1469555131389820930
1315532028
28072620
273118166
1275446147700518916
1463107483199688708
1315532028
1428807233006182401
1241727597249265667
54325118
54325118
873802741889609728
839784386698555393
1315532028
839784386698555393
839784386698555393
839784386698555393
612571573
1493840012537995265
96820147
2991881739
1343500261982089216
873802741889609728
207417492
174762419
1300020191292796928
1300020191292796928
1343500261982089216
821245362
800997802100817920
96820147
1343500261982089216
1109315040333701121
382637995
3127486325
1208042953404497921
411806483
1300006304895860736
1343500261982089216
47974057
2425711254
1431603468431605760
1225656011144302594
17233716
1315532028
1028150032669843456
1139800867203362821
948480584833216512
172473788
3366058551
24514743
1263423420898910210
379147309
818563303903559686
749584399105130497
1372764241
1420156347644096517
863193742848565248
926512337464545283
2287362827
1352673470220537857
2970062811
30957613
2287362827
14741289
2287362827
2287362827
2287362827
2287362827
2287362827
16575626
2287362827
1440052041481535492
1380554634578776065
2287362827
16575626
1380554634578776065
16575626
1143498104
102358989
2561901925
1463438170670858247
2970062811
2970062811
2970062811
1290338496796917760
2561901925
1109315040333701121
35186651
491724659
1054780048396505089
471152965
193463414
1327643493133643776
601016882
796072774754246656
796072774754246656
1054780048396505089
2290093841
1222090122142810112
481401647
38265914
1327185797372665857
1497844595778068480
2586939154
1440052041481535492
1428749519320137735
83831809
1497844595778068480
474704999
1327185797372665857
372743288
1484287162141061122
372743288
1193231365132697600
855871297972252672
342862254
703547894
1497844595778068480
1497844595778068480
117687533
575398242
163425145
1469555131389820930
830330857902788608
37163781
1071009033111384064
700957291
27609853
27609853
14302563
1325196680304549888
806096173597622272
1311175608
1319919082431537152
3103828582
1208924740179677184
1311175608
230910455
14368182
3103828582
499023110
1272568367505948673
1128381103172202496
1325196680304549888
1272568367505948673
21210390
1341026322030743553
1272568367505948673
1272568367505948673
230910455
1315532028
1360619593
35182954
230910455
1228434081316311043
230910455
1315532028
1360619593
230910455
3103828582
1272568367505948673
1272568367505948673
1287782804311416832
3103828582
1272568367505948673
1143498104
471152965
1338866706010140674
230910455
1272568367505948673
1920493537
1272568367505948673
3817703656
1471227833255092227
1272568367505948673
230910455
471152965
1272568367505948673
230910455
1272568367505948673
230910455
230910455
230910455
492548705
804132241
1317060704445321218
260840843
4798966816
230910455
1272568367505948673
4798966816
878524436
230910455
878524436
3194780955
230910455
878524436
1107372186
1272568367505948673
230910455
1272568367505948673
230910455
1088170500197703689
1272568367505948673
481401647
376646628
1272568367505948673
948180824003883008
883760966516830208
43513696
1272568367505948673
883760966516830208
2718334706
948180824003883008
31464442
471152965
32352209
1431603468431605760
230910455
230910455
365635604
1299978117021392896
1360242133865750528
948180824003883008
230910455
376646628
18265727
1420365474286690312
1315532028
1449013491453632513
24548649
953748657190440961
1243621045266980866
47974057
1222090122142810112
14741289
2287362827
1102862541573767168
54972400
147722223
706851062
1390765649102790659
1222090122142810112
14741289
953748657190440961
883760966516830208
1448379760636219399
434188926
883760966516830208
21253940
2850181869
883760966516830208
36774962
32352209
29676425
16575626
953748657190440961
2850181869
1179132092455759877
481401647
2552766260
21253940
706851062
32352209
1484287162141061122
1497844595778068480
2883590932
4450821161
34264811
63160235
282726750
235348513
1488260246380421121
14214281
281191939
48392008
718158076273172480
1489497746839154703
21689226
1315532028
32352209
874017198
27877065
54325118
1315532028
48392008
2287362827
1315532028
76746844
72141188
1263914168656302082
122072320
1388115515911065609
18265727
472294857
38265914
1117777414627655680
1314004810539175937
572867654
23934018
1272568367505948673
1394726752275116034
852470545463619586
797066324233060352
31464442
122072320
34718571
1358879749507006465
1248335604
19334026
14420376
19334026
1324019953926897665
1352086882943979522
486814136
1311175608
1271107844662857728
1469555131389820930
1159432229073895424
1292299404
1290338496796917760
791538236
85666077
791538236
21689226
2394537301
461159844
2394537301
791538236
797066324233060352
461159844
64017065
948480584833216512
168709423
1431603468431605760
156390474
948480584833216512
1228434081316311043
1496866445761863682
76746844
1448379760636219399
3817703656
Result_count_tot:839