776412732107075584
1096055512955793408
752523992058200064
1096055512955793408
32352556
398606542
333903537
717774036877623296
224240042
1096055512955793408
970467794
45565446
14048665
1096055512955793408
224240042
542126969
28308552
28308552
761541476
823550358
823550358
1442386216461082631
776171614618681344
1386656857801076737
1386656857801076737
271902473
1386656857801076737
1386656857801076737
46782315
1386656857801076737
1386656857801076737
1386656857801076737
1386656857801076737
1386656857801076737
1386656857801076737
1386656857801076737
1386656857801076737
1386656857801076737
1386656857801076737
1386656857801076737
1386656857801076737
1386656857801076737
1386656857801076737
1386656857801076737
1386656857801076737
1386656857801076737
1386656857801076737
1386656857801076737
1386656857801076737
1386656857801076737
1386656857801076737
1386656857801076737
1386656857801076737
1386656857801076737
1386656857801076737
1386656857801076737
1386656857801076737
1386656857801076737
1386656857801076737
1386656857801076737
1386656857801076737
1386656857801076737
1386656857801076737
1386656857801076737
1386656857801076737
1386656857801076737
1386656857801076737
1386656857801076737
1386656857801076737
1386656857801076737
1386656857801076737
1386656857801076737
1386656857801076737
1386656857801076737
1386656857801076737
1386656857801076737
1386656857801076737
1386656857801076737
1386656857801076737
1386656857801076737
1386656857801076737
1386656857801076737
21864336
34656014
776171614618681344
127268367
26798240
45565446
17272124
3854888595
1338866706010140674
2590058264
3854888595
1338866706010140674
2590058264
1338866706010140674
2590058264
21689226
138890465
21689226
761541476
542126969
761541476
2708009307
761541476
734783080888729601
358394494
53876028
155550336
605490628
792095269974310912
174762419
792095269974310912
612972910
53876028
174762419
1064919822847406080
1518809059
1518809059
2407753855
1240005710311759876
1518809059
3515220803
34972320
74677398
15473483
34972320
20854389
53876028
2180532753
761541476
306426609
16930782
306426609
2554375868
306426609
2554375868
2554375868
3369648803
1418819766
1418819766
838081680879529986
2818756895
19708641
56044169
2818756895
2818756895
19708641
28885223
19708641
1240005710311759876
1155474771804643329
2818756895
49774380
391243055
1352086882943979522
1352086882943979522
391243055
24564251
1240005710311759876
47974057
84815718
2590058264
305455284
2590058264
305455284
2590058264
2590058264
305455284
305455284
2590058264
2590058264
305455284
2590058264
305455284
305455284
2818756895
2818756895
24564251
2818756895
138376196
47974057
401653137
1037031822
1176560948049567744
2980929738
1176560948049567744
2980929738
1144685375681683456
1037031822
1144685375681683456
1037031822
47974057
3079733085
38260259
67845970
3079733085
46106058
3336480731
2718334706
391243055
1169393400992456704
1169393400992456704
266466716
1169393400992456704
46106058
1242834702630883329
2818756895
992162588233527296
4885135192
382341005
1231820270
798557710321074176
1125414934131687425
38033026
2980929738
747808755727859712
472851432
992162588233527296
1185270297043329024
133798612
273333721
54917900
1037031822
27314433
377558738
498251000
25336045
498251000
1518809059
901921784177586176
25336045
2818756895
377558738
63132666
227363686
63132666
31662242
2818756895
27314433
314075083
30656470
1007425836
2548131272
19452766
19452766
90534982
255628022
227363686
227363686
711921323681959937
280019924
280019924
18520064
2729147326
365635604
94125752
2729147326
2154630176
520658632
3515220803
971883633698066432
3515220803
971883633698066432
3515220803
971883633698066432
2308216804
3515220803
2308216804
3515220803
2308216804
2308216804
2308216804
971883633698066432
3515220803
3515220803
2308216804
3515220803
3515220803
314075083
542126969
314075083
2818756895
2818756895
314075083
22760080
71123396
314075083
314075083
761541476
910589053418004486
910589053418004486
41566304
1198189740
2654480499
216666956
1198189740
1198189740
268297082
280033520
1198189740
382598137
2818756895
2818756895
54175087
2818756895
314075083
382598137
32397331
33609198
393370698
314075083
32397331
2165413610
30249703
954411663167549440
224996231
2708981112
2348286382
371200039
371200039
404629302
1960763762
1960763762
1364070440
371200039
1364070440
2348286382
2348286382
1960763762
1960763762
1960763762
457435725
2348286382
1364070440
1960763762
1364070440
1960763762
1960763762
1960763762
1364070440
1960763762
1960763762
2348286382
1364070440
1364070440
371200039
2348286382
1073242634
2341302767
1941018354
2896604975
79749213
382598137
921084265957396480
921084265957396480
3246415017
2818756895
1582824156
2708981112
2896604975
1672750315
1672750315
1672750315
1672750315
2348286382
719624026386247680
1672750315
2348286382
2348286382
719624026386247680
2348286382
1672750315
1672750315
1672750315
763447196645781504
1672750315
1672750315
884512139377090560
719624026386247680
1672750315
1364070440
719624026386247680
2348286382
1672750315
2348286382
2348286382
1672750315
1364070440
457435725
719624026386247680
1364070440
2348286382
371200039
2348286382
2708981112
63132666
395412159
395412159
761541476
761541476
67257367
32397331
74539103
236827326
236827326
437373893
135064105
236827326
74539103
236827326
74539103
135064105
20880169
236827326
236827326
236827326
74539103
236827326
236827326
236827326
236827326
140423271
52104623
276493304
438211624
2818756895
2818756895
395412159
438211624
761541476
2818756895
2818756895
2818756895
2818756895
107354968
23185890
438211624
395412159
2368749483
513589540
334537188
3345330291
33847354
33847354
3757278262
3757278262
395412159
3757278262
3046407964
391243055
1180316755
968440621
2863714984
761541476
402644147
815854665082478592
761541476
761541476
2818756895
62310014
717774036877623296
551730401
761541476
391243055
478553827
32352556
24564251
395412159
18475198
18475198
18475198
195073490
78572556
76264443
33847354
192889718
192889718
192889718
438211624
192889718
438211624
438211624
393370698
1389263312
761541476
2818756895
2818756895
2818756895
1653771666
14285140
14285140
33281373
40104646
770296968
770296968
438211624
770296968
438211624
770296968
438211624
770296968
438211624
438211624
770296968
240003465
393370698
393370698
393370698
438211624
438211624
14204714
14204714
43297926
151564554
61421120
39239833
438211624
2619183836
14204714
393370698
434203999
75823713
434203999
240003465
1037031822
438211624
419197802
419197802
419197802
393370698
438211624
438211624
393370698
393370698
393370698
393370698
393370698
2818756895
761541476
29928571
29928571
2182598418
761541476
90367908
38213979
770296968
54667301
761541476
818053116
31367759
31367759
37620087
37620087
1060551176
23418810
37416154
818053116
23418810
818053116
2818756895
761541476
2818756895
2818756895
2818756895
360447111
761541476
43781449
342119611
2368749483
116739271
3757278262
770296968
322069900
74539103
770296968
770296968
770296968
2873768027
2873768027
294007219
32397331
294007219
2956327635
419197802
250435513
1379005928
37416154
761541476
2818756895
761541476
2818756895
2368749483
47895003
314506741
6012852
37416154
177911444
126089832
2368749483
2722321808
6012852
37416154
81112551
81112551
338209422
338209422
338209422
1272109884
624650855
470981143
37416154
601775338
32467248
32467248
770296968
788798802
770296968
601775338
770296968
601775338
72832208
770296968
601775338
770296968
770296968
601775338
770296968
601775338
770296968
601775338
770296968
601775338
770296968
601775338
770296968
74539103
770296968
48966732
81112551
29928571
1653771666
29928571
1653771666
29928571
31662242
607016620
237490098
2818756895
402644147
402644147
2818756895
910059944
415701368
415701368
32397331
16362310
74539103
74539103
19127726
19127726
19127726
1438272746
916703766
108728225
20044495
485041702
442598431
770296968
770296968
18475198
18475198
770296968
18475198
18475198
548697737
770296968
770296968
57696728
471884954
16362310
29928571
358969925
422571853
818053116
69091963
770296968
57696728
34355018
34355018
34355018
770296968
357558349
770296968
74539103
770296968
24943512
19236875
19236875
33281373
2432677045
33281373
2432677045
2432677045
1426289635
33281373
33281373
2432677045
1426289635
33281373
18934005
33281373
18934005
1426289635
2432677045
2432677045
33281373
1426289635
2432677045
33281373
2432677045
33281373
1426289635
18934005
33281373
18934005
17187058
29928571
145928789
177911444
126089832
126089832
214049275
20582802
1642304252
1642304252
1198189740
21689226
1278873020
402644147
214049275
402644147
34941106
402644147
72840952
29731324
72840952
183691232
Result_count_tot:748