41595048
51578730
180911960
238610479
247181605
14907863
51578730
1239997064592928768
14907863
51578730
14907863
51578730
51578730
758388160699269120
551647462
551647462
1471227833255092227
1471227833255092227
1471227833255092227
959158733900218368
372735335
951292596
951292596
752523992058200064
23925022
23925022
23925022
26798240
23925022
1430930500990930944
1430930500990930944
341590784
26798240
18475198
26798240
26798240
23925022
17685876
340577078
1371560561301983239
192273401
2855541052
1250898934664486918
1308366632369217536
266747070
257147949
1091498348618678272
47974057
1343500261982089216
1442422622948528132
1442422622948528132
1226480023277834241
1275446147700518916
1226480023277834241
419197802
2437565401
949676539259518977
1226480023277834241
419197802
17685876
398916864
122072320
398916864
1553793912
19762987
1442422622948528132
781870120234803200
863073687855149056
781870120234803200
3103828582
415701368
863073687855149056
781870120234803200
863073687855149056
2290658585
156365984
3103828582
3175750240
1338866706010140674
38033026
1338866706010140674
38033026
781870120234803200
19762987
37416154
3103828582
50466100
1497960784055488519
1316768702986162177
341590784
960304249476349952
960304249476349952
960304249476349952
960304249476349952
1257275366609166339
138890465
14297678
14297678
2358236409
50466100
2425458465
14297678
477061627
1172869273
50466100
1311175608
1172869273
2317558679
19093203
1277857797611442176
17685876
1466485664741007364
1466485664741007364
2317558679
57064417
57064417
35483071
398606542
1358879749507006465
288341428
1089051850832338944
1175731591307571200
1089051850832338944
1175731591307571200
758748714659786752
1198768523943849985
1275446147700518916
475239362
928426087
928426087
1353800907855695873
1109941264336719872
1109941264336719872
193588957
193588957
1085209501769318400
193588957
1380530613904637957
939235765
1306400415278301186
1175731591307571200
1341026322030743553
33902887
516315443
33902887
516315443
205111571
516315443
516315443
906811824720547840
516315443
42695443
915207756029841408
906811824720547840
33902887
906811824720547840
1281288101718081536
33902887
333553994
33902887
2842490573
1143974095
720985232
1109941264336719872
21864137
1469403303385706501
1469403303385706501
551619686
1446422337679671306
732483294911045632
1019946362
281532180
516315443
338557070
1316368988302127104
516315443
338557070
516315443
516315443
338557070
1229896628594774016
516315443
516315443
56987723
338557070
516315443
338557070
1089051850832338944
338557070
338557070
1089051850832338944
1089051850832338944
1089051850832338944
70373458
516315443
62060746
70373458
1089051850832338944
516315443
70373458
21689226
1232742531621892096
340577078
2248081674
758748714659786752
1316368988302127104
516315443
338557070
1232742531621892096
338557070
1175731591307571200
338557070
1382374817563828226
720985232
516315443
516315443
984056071957381120
1287439965211721728
516315443
112999007
338557070
195073490
1198768523943849985
720985232
338557070
720985232
338557070
62060746
2825747327
338557070
1712566386
62060746
17465186
1316368988302127104
18443986
1281288101718081536
3244573949
261852783
1281288101718081536
287340563
287340563
955474624917188608
1477227114789314563
960304249476349952
960304249476349952
960304249476349952
62060746
960304249476349952
2644003750
3125033591
960304249476349952
960304249476349952
847751318
287340563
960304249476349952
1338866706010140674
847751318
1338866706010140674
1338866706010140674
497972401
2644003750
960304249476349952
960304249476349952
1290651308442214408
14048665
1338866706010140674
1355062333949833217
287340563
1338866706010140674
1011728104862179328
960304249476349952
603046213
1209777222321614848
1232742531621892096
603046213
14284164
603046213
42695443
166240345
2325000927
1011728104862179328
1011728104862179328
55813241
1011728104862179328
57832321
1011728104862179328
1011728104862179328
1011728104862179328
1011728104862179328
1011728104862179328
1219353328569737217
57832321
14284164
57832321
971883633698066432
1172869273
238610479
21864137
21864137
238610479
2308216804
1197202351553236993
1328497409253642240
971883633698066432
21864137
2841711645
1243621045266980866
172473788
245141167
603855424
139997002
1172869273
17685876
373272300
373272300
191754155
1442422622948528132
1442422622948528132
953748657190440961
21864137
193588957
971883633698066432
24514743
1443520866457956355
1343500261982089216
51578730
51578730
1456304006008123396
294000916
1197202351553236993
1011728104862179328
1368821446575874048
1368821446575874048
51578730
971883633698066432
1300788651882950656
1342246146
1172869273
863073687855149056
1091851158363271168
1197202351553236993
1300788651882950656
1300788651882950656
1300788651882950656
1442422622948528132
1442422622948528132
21393069
1430930500990930944
23573509
1209777222321614848
3220700179
3220700179
3220700179
1172869273
51578730
1163208304862081025
17685876
14131410
17685876
17685876
21864137
21864137
21864137
21864137
1335233976995368960
1350222990630391816
21864137
1350222990630391816
1350222990630391816
1350222990630391816
340416227
175187994
21864137
21864137
175187994
1409867184327823378
1486094362782191629
1210318046017052672
58028047
58028047
17096233
992162588233527296
992162588233527296
2874398938
1346751896174927873
1346751896174927873
172473788
172473788
106996313
1430930500990930944
1430930500990930944
1543506013
1430930500990930944
1271107844662857728
990877672011063298
17685876
1482287825852715009
1430930500990930944
1482287825852715009
58028047
1431610292958633984
1430930500990930944
142613436
23573509
26798240
1430930500990930944
23573509
1430930500990930944
23573509
1430930500990930944
1430930500990930944
1430930500990930944
1287058573391007749
96820147
59506992
1430930500990930944
23573509
1658364973
3579740657
1430930500990930944
2415957962
2931979738
1543506013
355063017
142613436
378729002
1443520866457956355
752523992058200064
1153250008071905280
39210456
1317222319
1429890756
863073687855149056
1196461306712383490
1443520866457956355
839644495
2539043516
2176218917
1250898934664486918
602919997
602919997
602919997
34715201
602919997
365635604
860129059
232964109
860129059
232964109
18773541
860129059
21052022
18773541
21052022
19918603
932785156284350465
21052022
932785156284350465
2415957962
1287058573391007749
17685876
188078681
17685876
36678662
20273835
1041936320963203072
1543506013
36678662
1041936320963203072
36678662
1041936320963203072
605490628
605490628
36678662
36678662
612972910
188078681
612972910
365635604
365635604
752523992058200064
1419672191474487301
485041702
2418099208
1140508542350319616
2472156079
62121469
124280207
46782315
3319450421
17685876
819647222585454596
173847764
17685876
1172869273
72600821
72600821
555402051
17685876
1543506013
1362544471
210663282
1342246146
38260259
2418099208
504496562
17685876
1250898934664486918
1339569639614009344
1250898934664486918
1250898934664486918
1250898934664486918
783286669453717504
1158782291272982528
906811824720547840
193674090
193674090
1250898934664486918
405016422
1479882681424961536
193840677
19293899
1487842620
5117631
270031753
539221031
122318779
370345853
518934246
1350222990630391816
390687348
861400639
370345853
370345853
370345853
20666114
1350222990630391816
1350222990630391816
370345853
370345853
554337333
1350222990630391816
3374114717
1350222990630391816
1350222990630391816
365635604
1487842620
26798240
518934246
5117631
122318779
370345853
370345853
370345853
21864137
1402624881091616776
193674090
1350222990630391816
1229169531333042179
1339569639614009344
21864137
21864137
1479217913185935361
1482778736189755395
1487842620
1339569639614009344
906811824720547840
906811824720547840
1491409185657036801
791538236
791538236
1487842620
131293004
791538236
1281394579414155264
2415957962
2415957962
951292596
156873214
863073687855149056
4260193702
365635604
216100190
4848320060
1290914712566337538
4848320060
575398242
46782315
1430930500990930944
248664858
17685876
2358236409
1324908951088082949
3579740657
1281394579414155264
1281394579414155264
1281394579414155264
3579740657
3579740657
5117631
3294171827
29685588
1487842620
1281394579414155264
1281394579414155264
1281394579414155264
1281394579414155264
33667679
67724181
67724181
1350222990630391816
32890148
1491409185657036801
46782315
1339569639614009344
1487842620
1489662341356654592
1339569639614009344
1453618569627963393
1487842620
1335233976995368960
2337642753
765770892
4822358643
1339569639614009344
34715201
19103
20273835
1462976336
1630501411
863073687855149056
1402624881091616776
365635604
31382645
1402624881091616776
46782315
156873214
3179715741
21864137
17778782
2537978100
959158733900218368
1290914712566337538
278100186
955474624917188608
1343500261982089216
1343500261982089216
504496562
3579740657
2418099208
17685876
1377226490597806080
17685876
752523992058200064
17685876
44174373
17754872
36678662
475172955
1273727739519029249
1324373490506584068
21864137
29195205
1250898934664486918
39239833
1451181903998963720
1430930500990930944
365635604
1430930500990930944
3319450421
3319450421
3319450421
1084177043900809217
3515220803
1156501430179639296
1430930500990930944
162672672
1156501430179639296
2418099208
3319450421
3319450421
172694845
1731196728
2981103473
2841711645
277496292
1084177043900809217
1156501430179639296
72228773
2841711645
2841711645
1496579581
1249083539032866816
72228773
172694845
388148354
172694845
277496292
62092544
388148354
277496292
87666695
172694845
612972910
367985666
612972910
367985666
96956524
96956524
612972910
3296731137
2415957962
3296731137
2415957962
3319450421
3319450421
47889584
3319450421
3319450421
3319450421
1250898934664486918
135294661
111124472
2981103473
306426609
135294661
3393385137
820906803630313472
25133766
1158782291272982528
3319450421
3319450421
3319450421
3319450421
3319450421
3319450421
25133766
3319450421
25133766
62121469
1158782291272982528
62121469
2504039479
3319450421
3319450421
3319450421
3319450421
3319450421
1158782291272982528
1116623564
1395440824821944320
62121469
1158782291272982528
62121469
25133766
25133766
620304984
15955527
306426609
306426609
343318076
243578283
1209885566743040001
1395440824821944320
1395440824821944320
1158782291272982528
3319450421
3319450421
1041237779135397888
4097872618
238610479
23934018
1430930500990930944
1239997064592928768
47646982
1466342113755475969
784413107624042496
17465186
1448598260847980546
17465186
87666695
1362331039
23925022
87666695
1362331039
23925022
87666695
17465186
23925022
340416227
87666695
1362331039
87666695
Result_count_tot:793