895214544313876480
4179613355
140852008
4179613355
606448747
34013960
918901868
214809052
33464295
136600742
47974057
148686363
47974057
1037665665983963137
356063063
2983973356
82670042
82670042
156201907
1148709864
1148709864
156201907
156201907
47448389
32535843
19386796
32535843
1326123536
746177006
560965705
28090915
746177006
28090915
4179613355
1148709864
4179613355
20385093
20385093
47974057
20385093
130064773
38635103
47974057
4179613355
396134339
342072141
342072141
3021204093
2458005210
763629905603100672
763629905603100672
763629905603100672
279131939
763629905603100672
42440281
3673941616
96899675
117461300
26974318
271321132
Result_count_tot:60