471152965
17685876
2572733922
2572733922
2572733922
279251607
279251607
1442422622948528132
279251607
973869990
1630501411
17685876
279251607
279251607
24938748
279251607
279251607
24938748
149806757
226281624
226281624
279251607
155027569
876303781
1371146072681279498
250095166
279251607
57592947
1382743280
279251607
279251607
2362101866
2362101866
17685876
1386656857801076737
1482799195929341953
2418099208
17685876
3305639188
17685876
96956524
930351008848506881
965620144234954752
17685876
1305762535791042560
17685876
1138506578246721536
23925022
72228773
337332303
1109941264336719872
1471227833255092227
23925022
1091851158363271168
26974253
1091851158363271168
1091851158363271168
111060431
26974253
3307398131
1206956004950388742
19110119
1206956004950388742
1400892459010375682
1376561772820369415
1091851158363271168
1091851158363271168
1400892459010375682
1400892459010375682
1376561772820369415
1400892459010375682
392291731
603775254
1241032817527619584
1484266315821027336
1206956004950388742
965620144234954752
1206956004950388742
19110119
17685876
19110119
1400892459010375682
19110119
539397380
1400892459010375682
19110119
1206956004950388742
1206956004950388742
19110119
1206956004950388742
456883296
17685876
1206956004950388742
318977179
372743288
1453056280617275394
1482401123407388675
101538889
1482401123407388675
1352004247135645699
1129236186
1352004247135645699
284761553
338557070
52031167
67429024
29017153
202358449
29026162
704739135290998785
111060431
1419672191474487301
1419672191474487301
1419672191474487301
1269546554656002050
1068252586682261505
30834778
1258636029436858368
17685876
17685876
700957291
31492792
929734745302487040
139997002
17685876
1241032817527619584
65619261
1155396785587871744
103097873
1453056280617275394
2596048518
19603174
1443520866457956355
17685876
18314753
23925022
485041702
1347894255465996289
1468309621261881345
3423031833
39239833
955474624917188608
2560618001
49294750
1275446147700518916
1138506578246721536
234132789
41804156
603849046
72228773
1343500261982089216
717255066
17685876
1144962788554682368
1144962788554682368
1133781622485135361
72141188
278100186
17685876
124280207
41595048
17685876
475239362
1114628888834056192
1338866706010140674
704739135290998785
17685876
17685876
2296217728
1252937001214644224
52031167
36362393
1138506578246721536
47134193
2771607179
19603174
16144050
337050925
337050925
4836064754
4836064754
124407750
4836064754
124407750
4836064754
124407750
4836064754
4836064754
138890465
781212088228249600
1343500261982089216
1440052041481535492
1287058573391007749
1343500261982089216
19389900
2248451011
333903537
1630778671
125960653
1091851158363271168
1091851158363271168
1091851158363271168
19603174
1543506013
1543506013
1053986654514569219
39239833
1453260560133459989
2785305854
43726157
1172869273
3171637277
948480584833216512
2874398938
1258924800006926338
28323152
28323152
1041237779135397888
1002972024308994049
40025776
1343500261982089216
333903537
955474624917188608
1002972024308994049
159158744
463128615
863073687855149056
1109941264336719872
1109941264336719872
490616652
20611702
1376421620
23937836
190986017
1394403143010639874
35185203
522268751
1037031822
1041237779135397888
2287362827
992688838987436032
838033909
223812019
893393999729504256
560965705
17685876
1172399784876900352
1487842620
47889584
2820198245
17685876
3079383862
17685876
17685876
4260193702
4283437995
1184025340261343232
1328679477120016386
1355510527
11136172
1165402768993132546
396075094
1287058573391007749
2341869265
1172399784876900352
463696074
463696074
603775254
885444640127823873
185453179
185453179
17685876
1011728104862179328
1011728104862179328
234387750
1011728104862179328
234387750
153056090
17685876
560965705
4771777955
1428655003988791301
1185270297043329024
17685876
35185203
1570799510
4771777955
35185203
35185203
618965660
35185203
248260003
52031167
248260003
1172869273
46782315
46782315
376149624
376149624
103833985
2308216804
2308216804
1287058573391007749
1277857797611442176
17685876
1343500261982089216
3261893627
27903991
1394403143010639874
1185270297043329024
3374114717
1682952697
1133781622485135361
4894248365
1120038111738777600
82670042
17685876
1083105254928011266
1420264670
1148709864
4771777955
4771777955
2805627770
885444640127823873
1120038111738777600
1216004970220265477
469597939
1383116648329121794
1401632199254974467
1022465357423042561
559306887
1682952697
754651485980459009
2368934541
1314484336998191105
790478098596757504
1291497120348999683
1291497120348999683
1239997064592928768
1133781622485135361
104181411
999367506870534144
1281394579414155264
4098982643
1277857797611442176
17685876
104181411
138890465
162101031
2736841363
839463769189335040
226544064
1037031822
1037031822
139343540
286907186
1540456093
72277469
286907186
286907186
1540456093
1037031822
286907186
1037031822
752523992058200064
1345185942521393152
1345185942521393152
1345185942521393152
1271132611566600196
1422319834340151297
2214417626
836606525850419203
104661012
1108763210
1317149075612028928
1090253282
289878955
1246787820817190912
49946953
774531481
910846031822278657
238610479
1489312196
1421425987154108423
49946953
1275475606684172290
1281394579414155264
231711512
17685876
1682952697
362476203
1339872988771061761
1109407223560785921
1345185942521393152
1345185942521393152
28322828
60891099
1277219217767575555
1277219217767575555
740529852424593408
968865395561189376
948480584833216512
62522258
1278445889061781506
1262483584809611264
1042488968334528512
1260585242521407491
1364523009697013762
1205317537
917545860203982850
1271320195840131072
1381702514156974081
1312554841202360322
2881191954
1381702514156974081
1312554841202360322
1381702514156974081
1381702514156974081
1207340099161247746
286907186
82393703
1261709946024013824
97521946
754651485980459009
477881997
754651485980459009
473822717
1245668252702978051
3102918753
483894276
1334574174115917829
14301229
246106914
344004798
477881997
555908994
1343104845096644608
1391819826151239681
29017153
29017153
330047845
1381702514156974081
1381702514156974081
3602084057
3602084057
175751949
368250838
763229401756512256
826774151587385344
1333458537306083328
4927202157
49946953
49946953
2214417626
1129236186
921450497407619072
281640233
240581865
885444640127823873
14246923
885444640127823873
303031767
16812392
295361148
76884233
23606104
750511978041470977
17688436
917545860203982850
19331958
234132789
1306400415278301186
1434884488325128193
1553545567
3121508429
86154361
330047845
741181965206970368
29017153
1404703337346482179
1239997064592928768
2283410096
324844301
582673525
1414492206216384512
741181965206970368
17685876
347173040
80668551
1625238223
1625238223
1625238223
1625238223
96956524
17685876
71040650
217520524
17685876
2825747327
1362663147836997644
1215926666578612230
1362663147836997644
1158782291272982528
1362663147836997644
1158782291272982528
1041237779135397888
306426609
584831220
188078681
188078681
188078681
1362663147836997644
188078681
941980603431505921
435738404
195073490
1362663147836997644
473914976
1362663147836997644
1346753419927834624
17685876
955474624917188608
2428958798
436592526
171438889
1586216377
436592526
17606518
17606518
17606518
19918603
19918603
103097873
480311883
950412704
2583581
101834804
262729577
133248413
17685876
20611702
19918603
1326185046798163969
885444640127823873
185453179
1290914712566337538
234132789
17685876
752523992058200064
1196461306712383490
17685876
1358879749507006465
27843850
1287058573391007749
3082854989
17685876
103097873
2583581
72600821
1343500261982089216
17685876
234132789
1196461306712383490
234132789
1232742531621892096
17685876
1196461306712383490
3124180215
17685876
413110443
413110443
195073490
17685876
1133781622485135361
449187412
1238802143131426816
1029318509766037504
340230319
1071009033111384064
98051734
1313880829
1015217707891949568
1015217707891949568
76610050
1287058573391007749
1188497982817210368
3305639188
17685876
49068924
19018191
471142962
1194835050187165696
231441566
77806310
1185270297043329024
2250607685
59580884
18760790
946372453735034880
1682952697
17685876
10450332
382341005
1287058573391007749
17685876
3393385137
250276346
1089051850832338944
1068252586682261505
17685876
17685876
2313448980
3305639188
304041005
976922158197891074
17685876
1347730847865122817
1347730847865122817
304041005
84301091
1237298180934557697
17685876
1395373849626226688
1343500261982089216
234132789
1630778671
3336591322
47974057
271094740
3162364654
2736841363
827604968475607042
2829730958
863073687855149056
1185270297043329024
1346967083402231811
1315532028
72228773
18886395
25873460
745389384
976922158197891074
1287058573391007749
17685876
30686053
72228773
1358826665032486918
1432993051
52031167
52031167
52031167
17685876
261647351
878731328988082176
884040737997950976
1120061658
884040737997950976
1120061658
884040737997950976
49720422
921113553238659072
827604968475607042
921113553238659072
827604968475607042
921113553238659072
1276242853094621185
1276242853094621185
18886395
18886395
1086157471830495232
74677398
35185203
74677398
35185203
35185203
1346193060
1072055971025948672
1335706644
1382215398
35185203
35185203
1330973957583933443
289972561
374417128
1330973957583933443
1330973957583933443
1330973957583933443
1330973957583933443
30686053
943282590
1292390851461685255
1292390851461685255
1974585762
21742800
3179715741
1330973957583933443
1330973957583933443
1330973957583933443
1330973957583933443
390071453
421447473
384974819
384974819
1016588280094248960
1191025383157710853
473822717
737255272373202945
245287878
273594119
1162004933819928577
167049119
21185708
1630778671
1630778671
243578283
884117315230609410
1123003528660885506
30686053
1292390851461685255
3212898292
992162588233527296
992162588233527296
992162588233527296
2619183836
30439759
271045372
737255272373202945
1041237779135397888
1143974095
1041237779135397888
30686053
18683911
30686053
1298885811509788673
30686053
30686053
1298885811509788673
48974071
30686053
48974071
72228773
71874613
30686053
30686053
1152674069155852291
27718077
27718077
946372453735034880
30686053
1346193060
1072055971025948672
993087913335447552
29017153
57592947
72228773
1315532028
57592947
1346193060
329031283
946372453735034880
27722642
941388744183242753
1312724678411255808
329031283
3179715741
858674768
14552835
946372453735034880
3354083716
307462679
17272124
1155371232
2723317564
1112961944753967104
2313448980
38033026
20582802
59083291
1288782129208467458
1309053575994257411
2283410096
965620144234954752
1318794626
13279242
13279242
1196549788029853698
13279242
1196549788029853698
723268851325112320
843918766354370560
1681671086
1202275426258829318
560132908
16313580
940191986346266624
29017153
13279242
944299292000440320
523772869
13664102
382341005
1016588280094248960
14077091
4771777955
505756953
39721232
1357054433784389636
39599815
20611702
1287058573391007749
39599815
13279242
1274716741
207417492
20611702
78058188
17685876
17685876
1487842620
219653856
29017153
1351240437399486466
946372453735034880
14606990
14606990
149955780
14606990
14606990
149955780
14606990
149955780
14606990
14606990
1073548359741394950
14606990
Result_count_tot:835