2870559848
17813010
1297868792018735105
1297868792018735105
219653856
236403619
3082854989
159158744
333903537
3082854989
333903537
3082854989
19764533
55258706
333903537
950364538188296192
138353232
2418099208
340421086
1448598260847980546
311314390
1152314963345772549
41595048
333903537
38260259
1297868792018735105
427734625
1297868792018735105
72365254
236403619
365635604
476591541
18897215
612458528
746943120
340421086
4855118374
229236662
333903537
333903537
29659136
31976183
32352556
43062590
1158750866029068293
365635604
1308428186842169345
961135976
140412784
236399908
718349821153832960
1308428186842169345
992688838987436032
1308428186842169345
992688838987436032
1308428186842169345
961135976
14284559
961135976
14284559
961135976
415701368
1427339331086262276
236403619
1129112765912834049
18897215
2868525504
2985994372
2868525504
2868525504
2868525504
2868525504
2868525504
18897215
40025776
18897215
1158750866029068293
1129112765912834049
1358879749507006465
2600974059
1358879749507006465
2600974059
1358879749507006465
2600974059
66323839
62121469
365635604
873304134
365635604
802514070
49370357
1241308942145392640
20238626
67845970
30759351
62310014
2868525504
62121469
38260259
365635604
915516061444866048
87666695
1206945301203951618
38135837
236403619
57064417
1297868792018735105
236403619
3175750240
64385966
18627984
1273766098316464131
333903537
915516061444866048
244493243
915516061444866048
288414511
915516061444866048
915516061444866048
288414511
288414511
915516061444866048
1273766098316464131
38260259
915516061444866048
735764197380759552
2176218917
1297868792018735105
333903537
236403619
361852315
333903537
427734625
1357041681867104258
838753427207380992
896286257453686784
38421714
1375044577
365635604
360533388
54854379
365635604
360533388
365635604
174762419
2310295012
192328753
57064417
365635604
38751278
415701368
415701368
3175750240
57064417
57064417
38260259
57064417
820906803630313472
365635604
612972910
41595048
174762419
1297868792018735105
38421714
67999151
560132908
3423031833
1041237779135397888
333903537
385881449
333903537
3336480731
333903537
47974057
38260259
2433391021
1082577423416344578
365635604
387598785
127268367
387598785
387598785
14285118
387598785
14285118
387598785
4637768434
14285118
202094899
24693882
61773044
1125479276336308225
38901264
40215521
198625434
356740432
2590058264
365635604
365635604
202094899
42695443
202094899
1965420942
42695443
4637768434
202094899
22067123
735764197380759552
735764197380759552
2985994372
2873711309
2485294956
57064417
57064417
57064417
57064417
57064417
57064417
18600689
2548072274
2548072274
2548072274
26798240
38260259
26798240
132516923
21393069
915516061444866048
288414511
915516061444866048
288414511
288414511
915516061444866048
288414511
288414511
915516061444866048
20238626
838111239750447104
293586346
473914976
38260259
34656014
21746816
18387289
1375044577
752523992058200064
752523992058200064
2474265036
333903537
2474265036
26798240
1347109550
1125479276336308225
365635604
26798240
365635604
365635604
3783215356
365635604
26798240
365635604
26798240
365635604
26798240
365635604
38260259
365635604
3175750240
18897215
43062590
31976183
47974057
31976183
47974057
351548925
818429283966341120
3175750240
307306463
42844683
2415957962
23925022
333903537
31976183
38451208
16362310
38451208
16362310
38451208
16362310
365635604
38451208
365635604
36345076
915516061444866048
288414511
288414511
915516061444866048
288414511
1245022297854967827
915516061444866048
1245022297854967827
915516061444866048
915516061444866048
1245022297854967827
915516061444866048
1245022297854967827
915516061444866048
915516061444866048
1245022297854967827
1245022297854967827
915516061444866048
915516061444866048
915516061444866048
1245022297854967827
915516061444866048
915516061444866048
1245022297854967827
1245022297854967827
915516061444866048
1245022297854967827
915516061444866048
1245022297854967827
1245022297854967827
915516061444866048
915516061444866048
1245022297854967827
1245022297854967827
915516061444866048
915516061444866048
1245022297854967827
915516061444866048
915516061444866048
915516061444866048
1245022297854967827
915516061444866048
454799703
235313649
235313649
454799703
365635604
103833985
365635604
365635604
365635604
3558673336
2433391021
24158592
309126789
229236662
261852783
735764197380759552
735764197380759552
34656014
32352272
333903537
1655512332
1965420942
992162588233527296
3457292777
267403905
18627984
18627984
1159440877712019456
1159440877712019456
18627984
18627984
1965420942
1965420942
1965420942
1965420942
2180608131
1965420942
18627984
867381021502787585
3175750240
30435298
18627984
18627984
2415957962
2180608131
1920493537
112823544
2796595917
18897215
23573509
29928571
16930782
1464466166
70641452
18897215
1048924999678083079
174762419
21743322
1139230201953603584
29691032
23925022
23925022
333903537
198625434
3175750240
33160820
1965420942
33160820
365635604
735764197380759552
735764197380759552
735764197380759552
735764197380759552
735764197380759552
735764197380759552
735764197380759552
735764197380759552
735764197380759552
735764197380759552
735764197380759552
735764197380759552
735764197380759552
454799703
735764197380759552
34656014
735764197380759552
2176428032
365635604
23104499
23104499
236403619
365635604
365635604
365635604
365635604
529385417
529385417
38451208
365635604
487604877
236403619
1693485788
1059092400369553409
1059092400369553409
236403619
80668551
224240042
38901264
19337187
356740432
356740432
365635604
915516061444866048
365635604
365635604
1007575445699682305
174762419
47072322
1601858953
415003361
333903537
915516061444866048
915516061444866048
915516061444866048
2180017225
915516061444866048
915516061444866048
1334135498
2180017225
915516061444866048
915516061444866048
2180017225
17209005
915516061444866048
915516061444866048
961135976
42857269
36627732
333903537
333903537
34656014
66435424
34656014
350954507
62806870
419197802
1037031822
138134771
374680208
1037031822
961135976
732670138646974465
732670138646974465
915516061444866048
915516061444866048
33832676
454799703
471884954
38901264
31662242
44317501
44317501
44317501
44317501
1048924999678083079
44317501
1375044577
57064417
20238626
18897215
1135980078318465024
20238626
38901264
16032272
38901264
38901264
365635604
2415957962
125512914
2225523249
277496292
277496292
2433391021
3354083716
277496292
277496292
3354083716
2433391021
277496292
2415957962
277496292
2415957962
277496292
18475198
14214281
365635604
38260259
2415957962
18475198
174762419
14214281
863073687855149056
18475198
38451208
365635604
2415957962
38451208
38451208
365635604
38451208
365635604
38451208
365635604
2415957962
992118645768835074
992118645768835074
274452288
752523992058200064
2474265036
992118645768835074
38901264
2415957962
752523992058200064
21393069
21393069
21393069
21393069
63266077
38901264
21393069
21393069
365635604
536316090
38901264
45430410
39490510
198625434
39490510
18897215
198625434
734783080888729601
14312379
78864889
2415957962
735764197380759552
752523992058200064
752523992058200064
229236662
71456208
3175750240
199670339
307940450
356740432
152591353
2415957962
3175750240
415701368
365635604
18669139
333903537
18669139
333903537
915516061444866048
977552661980512256
45650263
21864336
21864336
95575706
3175750240
195073490
356740432
1087687055675658242
1329038221
1965420942
1965420942
18627984
1138126849
18627984
18627984
1138126849
425708396
53876028
3457292777
53876028
356740432
3457292777
1195765214
3457292777
1195765214
3457292777
3457292777
1195765214
108593819
24693882
24693882
24693882
24693882
96861734
137255314
22920732
38260259
174979306
487491879
1965420942
2415957962
72840952
454799703
202094899
107410544
236403619
335512075
1046397224341639169
365635604
40322305
236403619
2180608131
246698340
246698340
246698340
246698340
612972910
38260259
612972910
20238626
612972910
20238626
236403619
3175750240
72840952
72840952
39490510
39490510
39490510
24693882
867381021502787585
3457292777
333903537
2415957962
203669147
2415957962
236403619
18627984
236403619
1965420942
1965420942
33160820
867381021502787585
195073490
155829739
195073490
3175750240
132516923
2548072274
22920732
824543977080819713
386494103
398606542
195073490
38260259
63266077
398606542
1965420942
63266077
1965420942
1965420942
63266077
1965420942
460042429
38260259
398606542
38260259
398606542
38901264
24693882
3082854989
3369648803
289253819
3369648803
454799703
3727072402
1965420942
3727072402
47134635
47134635
38260259
3457292777
29659136
236399908
415701368
236399908
3457292777
3457292777
3457292777
415701368
15895694
34696385
1029806087292301313
38260259
19332655
103833985
103833985
38260259
26214264
72645772
195073490
26798240
26798240
26798240
38260259
103833985
171438889
171438889
26798240
38260259
38260259
195073490
38260259
38260259
195073490
195073490
38260259
946038681781047301
946038681781047301
38260259
946038681781047301
38260259
202094899
38901264
204276552
2873711309
520329893
735095665
204276552
2372074475
2372074475
4482843213
356740432
735095665
520329893
236403619
18627984
18627984
Result_count_tot:777