1382215398
1290914712566337538
1313107308545740800
1352086882943979522
103097873
27438286
103097873
1352086882943979522
1352086882943979522
107413063
1328103759201902593
1352086882943979522
2590058264
20270952
1024370707315216384
1352086882943979522
1352086882943979522
1352086882943979522
1352086882943979522
1352086882943979522
250016452
1352086882943979522
1352086882943979522
1387353458886516739
50604877
941388744183242753
56044169
941388744183242753
1303046104695660544
56044169
1264209457808015360
56044169
56044169
56044169
1352086882943979522
41595048
1468289893126516737
271094740
1269386606072430593
1705451886
1382215398
1358879749507006465
1263976867
2474265036
1085173118619078660
1196529922925309958
1085173118619078660
20270952
134412737
1125414934131687425
1478114260458917888
1630778671
976922158197891074
108382182
1469403303385706501
366728489
66217612
233665155
3125033591
316040688
1277857797611442176
273555252
1384163554119483399
62121469
16575626
1150376668441317378
1337797928
273555252
1352086882943979522
1478114260458917888
1478114260458917888
21188337
1478114260458917888
25295208
249076776
882871703268982785
56125230
238308510
32347467
284761553
1382623311033737216
1920493537
1352086882943979522
316040688
1356365290188234754
941699814
463604753
273555252
273555252
838753427207380992
273555252
838753427207380992
273555252
273555252
838753427207380992
838753427207380992
273555252
838753427207380992
838753427207380992
820906803630313472
838753427207380992
863073687855149056
1109941264336719872
838753427207380992
838753427207380992
863073687855149056
280019924
1158782291272982528
235309323
3817703656
365379334
1109315040333701121
26798240
624650855
863073687855149056
1158782291272982528
624650855
863073687855149056
26798240
1320699738
1352086882943979522
1333453217808740352
122283682
707967655031005186
1348706074254303233
1348706074254303233
838753427207380992
78864889
820906803630313472
78864889
1192211184445018113
19337187
838753427207380992
172473788
820906803630313472
2504039479
267410607
26798240
838753427207380992
1439528852569665536
752523992058200064
1352086882943979522
76610050
941980603431505921
311925883
941980603431505921
311925883
941980603431505921
1158782291272982528
26558617
65619261
267410607
1347109550
1158782291272982528
76610050
221476163
858176954079608832
221476163
1256977556596760577
752523992058200064
1258924800006926338
38901264
1158782291272982528
1158782291272982528
221476163
791793238281752576
1004355111265689600
36678662
2805883474
78864889
3402488433
74677398
1485973907865849861
1158782291272982528
25295208
15033759
838753427207380992
838753427207380992
15033759
838753427207380992
838753427207380992
15033759
838753427207380992
15033759
15033759
15033759
838753427207380992
838753427207380992
15033759
838753427207380992
15033759
15033759
15033759
15033759
15033759
15033759
838753427207380992
23951122
1459077237077159938
56044169
193186935
25295208
958712200230834182
1256977556596760577
838753427207380992
2881239162
1250898934664486918
179227646
2312381686
871705960418615296
1193628114359861249
1300006304895860736
1205854279074033669
1205854279074033669
2786224923
438211624
1086646583293341696
2596016185
1474135142662914055
1205854279074033669
1352086882943979522
1352086882943979522
1205854279074033669
1205854279074033669
48154045
2206512844
78864889
360533388
1250898934664486918
1205854279074033669
3175750240
2418099208
1129112765912834049
1205854279074033669
838753427207380992
172694845
1205854279074033669
454799703
838753427207380992
932927287
108618409
172694845
25295208
3457292777
752523992058200064
310519153
310519153
932927287
932927287
1205854279074033669
310519153
932927287
310519153
932927287
804132241
2362101866
2362101866
310519153
122318779
415701368
415701368
415701368
388148354
382598137
221476163
838753427207380992
36678662
221476163
838753427207380992
221476163
838753427207380992
838753427207380992
1343500261982089216
762738981305978880
838753427207380992
769684988
19093203
541650446
77744986
1362816919645147139
779266053687930881
1128381103172202496
2874398938
1128381103172202496
2874398938
2874398938
1128381103172202496
2874398938
1128381103172202496
2874398938
1128381103172202496
2874398938
1128381103172202496
2874398938
1128381103172202496
2874398938
1128381103172202496
2874398938
2874398938
1128381103172202496
2874398938
1128381103172202496
78058188
326233508
243550566
1250898934664486918
32347467
796250028285329408
1273727739519029249
202718355
1352086882943979522
417643215
312113003
1102862541573767168
849303039496392704
340880013
78058188
78058188
1920493537
107360105
72228773
78058188
1054780048396505089
1430930500990930944
78058188
2546282090
388148354
475172955
20672548
2418099208
2546282090
107360105
25295208
388148354
388148354
288414511
107360105
32347467
1250898934664486918
108618409
951292596
612972910
365635604
1362663147836997644
1319919082431537152
26798240
26798240
1362663147836997644
26798240
1362663147836997644
1362663147836997644
752523992058200064
271045372
2496120775
41595048
838753427207380992
122318779
25295208
14048665
1352086882943979522
1382715066
1185270297043329024
804132241
838753427207380992
122318779
122318779
518934246
390687348
948180824003883008
1319919082431537152
365635604
74677398
35172919
1319919082431537152
74677398
1319919082431537152
74677398
1319919082431537152
1319919082431537152
74677398
1319919082431537152
74677398
1319919082431537152
1319919082431537152
74677398
1319919082431537152
74677398
1319919082431537152
1319919082431537152
481401647
74677398
26798240
1319919082431537152
518934246
122318779
74677398
74677398
1319919082431537152
74677398
1319919082431537152
481401647
739391137706872833
2819940124
838753427207380992
415701368
1430930500990930944
1430930500990930944
1430930500990930944
29026162
2881239162
804132241
863073687855149056
823893014
1430930500990930944
1430930500990930944
1430930500990930944
2881239162
951292596
2881239162
2881239162
1430930500990930944
1430930500990930944
2881239162
2881239162
1430930500990930944
1430930500990930944
2881239162
1430930500990930944
1430930500990930944
2881239162
1430930500990930944
2881239162
2881239162
1430930500990930944
4260193702
2881239162
365635604
1430930500990930944
1430930500990930944
2881239162
1430930500990930944
1430930500990930944
2881239162
2881239162
1430930500990930944
2881239162
2881239162
1430930500990930944
1430930500990930944
1430930500990930944
16557956
2881239162
1430930500990930944
1430930500990930944
838753427207380992
804132241
804132241
804132241
1731196728
838753427207380992
838753427207380992
752523992058200064
29676425
2418099208
932927287
25295208
1219309794
122318779
316040688
469189813
66178445
802514070
1430930500990930944
32352078
752523992058200064
838753427207380992
834285631857651712
16645288
752523992058200064
932927287
752523992058200064
1430930500990930944
961135976
78864889
1365260076068581378
838753427207380992
62092544
14499947
25295208
838753427207380992
3433970278
1430930500990930944
1298106120544952326
1352086882943979522
2881239162
2881239162
1430930500990930944
363282607
29676425
1417914529
702437744275021824
1217475301212594176
941980603431505921
22920732
66178445
1041237779135397888
1278779333486706688
20238626
863073687855149056
868437022611996673
1489197476838100993
19337187
2358236409
1298106120544952326
234387750
1154797040834162689
2881239162
62092544
911584796362641408
958712200230834182
2296217728
911309778
1352086882943979522
3074396561
2434054144
41595048
2434054144
365635604
619475949
1487845002407460873
4209052965
1489197476838100993
863073687855149056
135294661
1352086882943979522
135294661
860761097338589189
1352086882943979522
2317558679
1352086882943979522
1352086882943979522
172473788
102390704
838753427207380992
3386298503
1348706074254303233
838753427207380992
1348706074254303233
838753427207380992
838753427207380992
1348706074254303233
38453785
1250898934664486918
838753427207380992
1348706074254303233
838753427207380992
838753427207380992
958712200230834182
1352086882943979522
39721232
1315532028
64404994
36160400
39721232
172694845
1250898934664486918
1256977556596760577
1048924999678083079
838753427207380992
838753427207380992
2580986466
1448614073206296576
1164065309772451840
838753427207380992
25295208
838753427207380992
838753427207380992
822964671305121792
1250898934664486918
39276689
1381081941026480129
454799703
1731196728
195073490
615476387
838753427207380992
838753427207380992
838753427207380992
838753427207380992
2868785181
2868785181
838753427207380992
2868785181
1358879749507006465
1302505775676436480
838753427207380992
838753427207380992
1382715066
1232843888529989633
1156501430179639296
55814476
55814476
2362840714
3319450421
3319450421
14048665
14048665
838753427207380992
3074396561
2343160317
838753427207380992
475024685
62121469
1238953398742941698
14048665
62121469
1290914712566337538
1302505775676436480
838753427207380992
1463966302708633602
2805883474
504496562
2805883474
1156501430179639296
504496562
338335070
1156501430179639296
89995880
195073490
2644003750
195073490
1448598260847980546
504496562
2600974059
504496562
838753427207380992
39311450
1352086882943979522
838753427207380992
3373564096
838753427207380992
838753427207380992
3373564096
838753427207380992
3373564096
838753427207380992
838753427207380992
838753427207380992
838753427207380992
3373564096
15717745
838753427207380992
1324908951088082949
1324908951088082949
838753427207380992
838753427207380992
838753427207380992
26798240
838753427207380992
838753427207380992
838753427207380992
72228773
1343500261982089216
72228773
3373564096
838753427207380992
51578730
1352086882943979522
2805883474
2433391021
62092544
36678662
469364558
3423031833
138163749
919388376
951292596
1219309794
838753427207380992
838753427207380992
398606542
3515220803
3423031833
365635604
1219309794
3423031833
41595048
398606542
365635604
261852783
601701330
1219309794
62092544
261852783
998279840380932097
398606542
58202173
58202173
25295208
251769222
2330714524
22920732
4263130319
44588224
1347433861442129920
1347433861442129920
251769222
1347433861442129920
251769222
1347433861442129920
251769222
838753427207380992
838753427207380992
838753427207380992
838753427207380992
2805883474
975089420830433281
27126479
941980603431505921
838753427207380992
2433391021
948480584833216512
3457292777
2644003750
752523992058200064
752523992058200064
1356365290188234754
293454038
752523992058200064
122318779
932927287
966251334960902144
107360105
261852783
261852783
122318779
46782315
107360105
122318779
107360105
122318779
107360105
122318779
38451208
288414511
38451208
288414511
107360105
122318779
728543288932847616
1302505775676436480
838753427207380992
1169018354503471104
838753427207380992
62092544
838753427207380992
1543192765
838753427207380992
1283737615041273856
135294661
62092544
1352086882943979522
814392714863214592
802514070
838753427207380992
1430930500990930944
838753427207380992
1430930500990930944
838753427207380992
1430930500990930944
838753427207380992
2306155972
838753427207380992
838753427207380992
838753427207380992
1339569639614009344
838753427207380992
183356975
61569352
838753427207380992
838753427207380992
838753427207380992
838753427207380992
838753427207380992
2154471619
838753427207380992
838753427207380992
1015168528239005697
863073687855149056
838753427207380992
567684174
551619686
2472156079
2452488211
316040688
838753427207380992
838753427207380992
1302505775676436480
838753427207380992
1292299404
1352086882943979522
1352086882943979522
1247266738456190977
1483074329378181127
1097908154594148352
1134070120572182530
819931628533387265
1167537735718068224
796072774754246656
196110783
1057731846736412676
78058188
2434054144
1343500261982089216
1352016372591636482
2434054144
1352016372591636482
2434054144
1111298969001435142
1484448990716440579
764552791
2472156079
932927287
932927287
451153915
611053879
233665155
1352086882943979522
1352086882943979522
958712200230834182
3003593429
2472156079
834517958244319234
2318530068
793945584
1283441774237818881
3115387037
866189261384626176
1314060135258558464
707967655031005186
838753427207380992
398606542
Result_count_tot:842