471152965
1332013995079950341
1343059287212486657
1347563844
1336638275658919936
420636058
1366389674
37905264
46101484
46101484
37905264
46101484
37905264
37905264
46101484
37905264
864302522
1317562344008974336
1166322228247576578
1317562344008974336
1317562344008974336
1317562344008974336
3782277197
34231784
773294197
1178934611449008129
1317562344008974336
579065545
873407457804132352
29251764
1581289837
1388005281431384067
1049246592564436992
1067651139687059457
1067651139687059457
2615033302
1317562344008974336
398616191
864302522
2444028215
237260418
2444028215
1317562344008974336
1317562344008974336
2742014076
868795669749927936
1388005281431384067
1091783332793323520
1026058994
501816919
1317562344008974336
729386491
720589683093303296
1308115690335932422
1317562344008974336
905403862462410752
1545946591
1209885566743040001
1545946591
823664138475999232
402377699
56044169
579065545
237260418
475172955
42037146
1064785199584747520
1437751184815624196
1020915620
1445988860446461952
1282588858799071232
1312758255861542913
1074236727835967488
2218044840
864302522
1241032817527619584
1241032817527619584
28090915
864302522
1020915620
3978680777
1368470219128246273
1178528838256660480
102671742
1020915620
1303645922858016768
838033909
579065545
579065545
88909370
472740215
579065545
1419043035501973509
1129039813
603775254
1129039813
237260418
237260418
42037146
56328067
48966732
25669359
47459713
1419043035501973509
1049235706252615680
273555252
1049235706252615680
273555252
1049235706252615680
1358879749507006465
273555252
775685426380214272
273555252
59083291
56328067
56328067
579065545
579065545
64695249
47646982
1317562344008974336
56125230
3119889670
1303645922858016768
1020915620
1020915620
1317562344008974336
1020915620
473914976
1313223244414169089
1317562344008974336
1020915620
1020915620
1020915620
438602228
1020915620
864822148770168833
1317562344008974336
1020915620
1020915620
1020915620
1020915620
1020915620
1020915620
1317562344008974336
1373597254678945793
1317562344008974336
1317562344008974336
1020915620
1317562344008974336
1020915620
377590012
1020915620
332373271
377590012
1317562344008974336
759714728654491649
1283598637390426112
2735416722
147861022
2834385621
1020915620
2219254012
1317562344008974336
1317562344008974336
1172869273
579065545
17216268
1316289968164286464
53876028
475172955
1317562344008974336
2818756895
1317562344008974336
401653137
401653137
401653137
1114628888834056192
224820659
13676472
1338522338
16362310
11511072
48794268
1343500261982089216
1367557810179948548
23937700
1216709986237272065
103097873
1228434081316311043
2874398938
96956524
1276242853094621185
103097873
1347295592523984898
103097873
27707673
802234193350627328
1347295592523984898
776171614618681344
27707673
179470649
411806483
229763756
843945074
217530764
1347295592523984898
2615033302
47974057
421125838
1020915620
1162659741765648385
269777232
1155474771804643329
3432631919
171463267
905403862462410752
1317562344008974336
80242724
1317562344008974336
1317562344008974336
1020915620
65924567
1317562344008974336
39480304
1317562344008974336
1301927186463690752
1020915620
1020915620
1358443075668967424
69227108
432316694
1283598637390426112
2914574735
1358826665032486918
1317562344008974336
1317562344008974336
1215926666578612230
1215926666578612230
1215926666578612230
1215926666578612230
1215926666578612230
230649466
2973252375
39480304
1020915620
1252344496819404800
34285054
1020915620
1020915620
1338522338
1226610320191492097
1020915620
1020915620
1020915620
1020915620
1020915620
1226610320191492097
1020915620
838033909
2421220660
838033909
2421220660
838033909
2421220660
838033909
1248223670620823552
1226610320191492097
1211705072867934208
1305933397706133508
1305933397706133508
1305933397706133508
1305933397706133508
1305933397706133508
1305933397706133508
1305933397706133508
1305933397706133508
1305933397706133508
1305933397706133508
1305933397706133508
111487719
1020915620
1304944629092098048
88909370
1124377114738872320
1020915620
1020915620
72228773
1304046761636499457
3034092143
1020915620
1294338564524781569
17492763
56125230
579065545
838033909
1148709864
1148709864
1020915620
50389557
46081160
46081160
50389557
838033909
838033909
343318076
838033909
422571853
838033909
1020915620
14218692
232812117
232812117
14218692
30241775
232812117
1226610320191492097
484026896
484026896
28127542
1020915620
1258964096201961472
1266707481348190209
970933855527030784
1283692913222979584
1020915620
1020915620
39480304
338557070
1226610320191492097
1226610320191492097
1226610320191492097
838033909
1382215398
1226610320191492097
1226610320191492097
1020915620
1226610320191492097
1020915620
1020915620
1226610320191492097
1226610320191492097
106077757
1227407131
726016065008992256
864302522
1215926666578612230
1224960974102368257
1258964096201961472
893282124
893282124
373272300
53740588
1258964096201961472
373272300
56125230
1258964096201961472
1258964096201961472
1020915620
2818756895
2818756895
579065545
21746816
421125838
373272300
373272300
864302522
1197710401175261184
929299567828496384
373272300
37905264
864302522
35186651
37905264
373272300
864302522
864302522
232812117
1120038111738777600
838033909
2615033302
1020915620
864302522
864302522
151932372
864302522
232812117
1020915620
17776788
1162060909134659584
1020915620
1020915620
373272300
864302522
864302522
353029255
1162060909134659584
1246504135278637057
1162060909134659584
1201958448377868288
122072320
864302522
122072320
151932372
864302522
1020915620
1020915620
373272300
579065545
579065545
1365496092
2874398938
858496435
3082403241
159432732
17229301
373272300
17229301
56125230
66735643
66735643
17776788
56125230
65924567
620179920
1020915620
579065545
37905264
445174343
717610795
1562793223
2414075550
373272300
1562793223
1562793223
37905264
18310891
2414075550
373272300
864302522
37905264
18310891
37905264
2414075550
2414075550
2414075550
373272300
37905264
864302522
2414075550
373272300
864302522
35186651
373272300
35186651
2414075550
35186651
373272300
35186651
373272300
35186651
373272300
2414075550
37905264
2414075550
2414075550
35186651
37905264
2414075550
373272300
37905264
546124945
37905264
37905264
377478688
377478688
37905264
37905264
299515134
1849675339
373272300
37905264
546124945
37905264
373272300
37905264
373272300
864302522
1154797040834162689
830034176250413059
1020915620
17776788
579065545
579065545
1093352507311456256
17776788
1093352507311456256
3135899863
579065545
1020915620
1169701549578358784
1020915620
1020915620
1020915620
1020915620
1020915620
1020915620
21863587
438602228
1007593243910049795
2818756895
579065545
18475198
1037031822
21423985
495004140
1139230201953603584
17776788
860129059
56125230
373272300
1110993295562412033
1157993916
1157993916
1110993295562412033
447271262
830034176250413059
56125230
196569190
373272300
32535843
1148709864
495004140
21695947
495004140
21695947
495004140
776171614618681344
1020915620
2560459421
1338522338
66735643
44317501
1338522338
44317501
830034176250413059
864302522
1057674759201271809
7677252
1057674759201271809
559472461
1176513984
373272300
140423271
271094740
271094740
271094740
401253347
2590058264
271094740
2590058264
271094740
2590058264
2590058264
271094740
2590058264
271094740
2590058264
56125230
2949875338
579065545
139109080
31087581
824387931460792321
579065545
1720127760
106153156
122072320
864302522
373272300
122072320
864302522
46101484
373272300
122072320
864302522
840233635
1382215398
840233635
1382215398
579065545
579065545
139109080
790879650482364416
19766389
373272300
864302522
373272300
20778180
579065545
579065545
579065545
579065545
21863587
14287936
438602228
10451602
10451602
338557070
34575407
900373029376733184
717610795
2818756895
717610795
762738981305978880
762738981305978880
859370869
36307732
864302522
373272300
864302522
1057674759201271809
726016065008992256
752523992058200064
3440036368
3440036368
30686053
1057674759201271809
1057733333571002368
32535843
1057733333571002368
32535843
1057635642086055938
1057635642086055938
1057635642086055938
373272300
1057635642086055938
2422614736
135987983
1020915620
1020915620
37509974
1020915620
1020915620
1020915620
1020915620
1148709864
2949875338
1897331802
17867455
37509974
37509974
37509974
4310844149
16557956
986439680
1536268622
796712285305798656
373272300
1025716209688432641
2316905074
830034176250413059
2316905074
830034176250413059
579065545
824387931460792321
56125230
17776788
223406872
838033909
223406872
838033909
196569190
1074620152149348352
81562117
18443986
18443986
56125230
1057674759201271809
29715510
1057733333571002368
1057733333571002368
1057733333571002368
1057674759201271809
1057674759201271809
2818756895
1060287878427762691
918466410
1060287878427762691
912596187445911553
20854389
1036267969536581633
718349821153832960
19764533
19764533
918466410
1060287878427762691
28832149
398616191
1057691466347225088
317692735
941334106692038656
1060287878427762691
1060287878427762691
71283764
1060745412431302657
1057691466347225088
28832149
1060745412431302657
1057707642985025537
71283764
1060745412431302657
1060745412431302657
71283764
1060287878427762691
1057733333571002368
1057674759201271809
1057733333571002368
317692735
1060437354010296320
1060745412431302657
317692735
Result_count_tot:722