6706182
1338866706010140674
1453056280617275394
77807937
1159432229073895424
462751333
798844066486108161
103097873
20854389
19334026
1443226724548988931
29716556
163145068
103097873
163145068
103097873
2341869265
2615033302
798844066486108161
16144050
1338866706010140674
4283437995
863559330
1388283390340780040
1545946591
1209885566743040001
1545946591
3021204093
1276242853094621185
1262245315
1379441828534091780
1262245315
1379441828534091780
1262245315
43101130
6706182
4008584489
1379441828534091780
1262245315
1262245315
3061300019
1362400037460979713
1379441828534091780
1362400037460979713
1379441828534091780
76989641
23937700
342890658
1192930625155686400
76989641
342890658
1109862542560632838
1241032817527619584
2364874091
4789896694
1109862542560632838
1109862542560632838
1241032817527619584
1619767424
1109862542560632838
1109862542560632838
1371477664691814402
4283437995
1514087286
65619261
32274453
1109862542560632838
65619261
954646879932952576
65619261
72256129
72256129
4098982643
72256129
1291393399636004870
816993776
986599884341080066
986599884341080066
816993776
986599884341080066
175187994
816993776
72256129
65619261
1065378023371927558
1065378023371927558
1065378023371927558
1241032817527619584
162672672
65619261
1414492206216384512
1338866706010140674
816993776
65619261
65619261
1241032817527619584
4008584489
825801844488278016
977552661980512256
3178221399
1159432229073895424
3178221399
14174007
1338866706010140674
3178221399
1338866706010140674
1091851158363271168
414321157
414321157
17632830
977552661980512256
1290914712566337538
825334635559268352
816993776
16930782
93455503
560854660
3307398131
24514743
1011145461556793345
72256129
72256129
14417779
816993776
72256129
426750416
816993776
34987277
816993776
72256129
72256129
3336480731
4798966816
34987277
72256129
816993776
72256129
72256129
2313448980
816993776
739033251348631552
1065378023371927558
1065378023371927558
864500300
72256129
1288545693053976577
1343108783950737408
880511699207553027
816993776
3308599215
1109862542560632838
880511699207553027
2313448980
243550566
41579993
41579993
962358579310231557
883755866889084928
962358579310231557
44362830
501877020
469189813
34264811
1405917585384873988
3058536334
880511699207553027
47900772
3194780955
1241032817527619584
2313448980
1338866706010140674
1157897856478515200
43101130
1109862542560632838
1413141630752682005
1586107117
816993776
288414511
18240207
288414511
816993776
1387392309445136391
33659846
1241032817527619584
1288545693053976577
18475198
33659846
33659846
3515220803
27438286
103097873
27438286
103097873
796805869858148352
1241032817527619584
3178221399
825334635559268352
846076811901616129
3178221399
3178221399
802509802173825024
1357054433784389636
1109862542560632838
825334635559268352
273118166
2727239239
273118166
2727239239
27438286
103097873
2727239239
103097873
1276242853094621185
1358879749507006465
2364874091
1358879749507006465
1383179013015932933
1276242853094621185
1109862542560632838
1432993051
575398242
4283437995
721435315026665472
4283437995
82825318
3129875193
16575626
3129875193
1417285074278653956
3129875193
16575626
612972910
3129875193
1934485416
3129875193
612972910
3129875193
612972910
3129875193
612972910
612972910
3129875193
612972910
3129875193
612972910
1417285074278653956
3129875193
612972910
1417285074278653956
82825318
233665155
612972910
1417285074278653956
1412853249426722818
233665155
334014421
1363906246563287047
233665155
82825318
233665155
612972910
233665155
612972910
233665155
1412853249426722818
76746844
56125230
2532762127
76746844
233665155
1109862542560632838
35186651
1208924740179677184
1208924740179677184
1312186728
1223281241895686145
38663930
27438286
1268559555702730758
27438286
1241032817527619584
1288762852346560513
1223281241895686145
27438286
4789896694
27438286
1628668224
27438286
1384931276092760064
103097873
27438286
103097873
27438286
233665155
163145068
16144050
825334635559268352
4283437995
33464295
1348623194
274911017
1241032817527619584
1241032817527619584
1241032817527619584
1241032817527619584
1109862542560632838
1241032817527619584
1241032817527619584
1109862542560632838
15343781
1276242853094621185
65619261
497972401
14174007
1303507827932135426
1303507827932135426
163145068
1276320722269491200
1276320722269491200
1432993051
1357111548964175876
842078347538640897
1403681050904207365
851707999
806973271
54913988
1357111548964175876
1403277081660866563
1403287242165080068
1403280233025970181
4283437995
603775254
269762451
1403009670541975557
1403001154372440070
1403000467261591568
863559330
1402975810089271297
1402969559896821762
1241377124
1367557810179948548
3308599215
1208924740179677184
103097873
3308599215
103097873
749584399105130497
233665155
15343781
1208924740179677184
103097873
802234193350627328
16620477
103097873
220774885
992871150534447106
23292310
1201941409
2727239239
2727239239
983563582687375360
14174007
1281394579414155264
17606518
1619767424
1276320722269491200
1619767424
1619767424
1619767424
827604968475607042
827604968475607042
156873214
1208924740179677184
802234193350627328
14174007
1178660806046683136
13676472
462751333
462751333
1379441828534091780
1363906246563287047
163892217
19201740
3308599215
3290313046
163892217
3308599215
33659846
1192930625155686400
14694707
3308599215
983563582687375360
3308599215
14174007
43101130
1096055512955793408
48794268
48794268
68222671
72256129
16144050
233665155
233665155
940191986346266624
1065273492340441089
1202275426258829318
33659846
1619767424
1109862542560632838
1208924740179677184
632713669
1208924740179677184
1379441828534091780
23934018
163145068
72256129
72256129
612972910
72256129
612972910
72256129
612972910
72256129
3308599215
612972910
626030756
612972910
612972910
19334026
14694707
163145068
72256129
18475198
19334026
612972910
3308599215
992688838987436032
18475198
19334026
992688838987436032
3308599215
72256129
992688838987436032
1237089364569661446
18475198
3308599215
729044071856144385
72256129
1208924740179677184
3308599215
1252937001214644224
233665155
103097873
164301996
4559733737
1224489695154974722
65619261
65619261
279251607
1252937001214644224
4283437995
17606518
138035990
729044071856144385
493022917
17606518
729044071856144385
729044071856144385
493022917
17606518
4283437995
1252937001214644224
1244790386
1244790386
1208924740179677184
4283437995
1089051850832338944
1290914712566337538
34624176
1374424448502145027
1208924740179677184
816993776
1208924740179677184
49406048
1362400037460979713
1224489695154974722
103097873
1252937001214644224
882083310
4283437995
2610313160
4283437995
992871150534447106
15343781
783426007650930689
723268851325112320
233665155
269318103
324844301
76989641
1208924740179677184
816993776
992871150534447106
1359437138203451395
1276320722269491200
103097873
34619210
1109862542560632838
34619210
231379559
1109862542560632838
1109862542560632838
462751333
1432993051
163892217
103097873
1109862542560632838
217060322
103097873
1223281241895686145
1223281241895686145
1223281241895686145
1374424448502145027
23937836
1208924740179677184
16620477
1276320722269491200
20672548
20672548
802234193350627328
103097873
1276320722269491200
505756953
51259343
1201941409
1331552161
163145068
1228434081316311043
28090915
1208924740179677184
1223281241895686145
1155396785587871744
1116747379
1116747379
497972401
103097873
103097873
4008584489
1011728104862179328
71768570
816993776
816993776
71768570
14694707
2987131576
20672548
14694707
14694707
71768570
20672548
71768570
816993776
816993776
816993776
2987131576
20672548
1011728104862179328
20672548
71768570
20672548
20672548
977552661980512256
1011728104862179328
816993776
816993776
20672548
20672548
816993776
2987131576
71768570
20672548
816993776
71768570
294330498
816993776
20672548
71768570
816993776
816993776
20672548
163892217
816993776
2987131576
20672548
2987131576
20672548
71768570
71768570
20672548
1276320722269491200
2987131576
816993776
816993776
20672548
816993776
20672548
20672548
163892217
1011728104862179328
816993776
20672548
163892217
20672548
20672548
1011728104862179328
2987131576
20672548
1276320722269491200
20672548
71768570
1011728104862179328
163892217
20672548
816993776
20672548
20672548
71768570
1276320722269491200
1011728104862179328
20672548
816993776
746177006
816993776
20672548
20672548
71768570
1011728104862179328
1276320722269491200
20672548
71768570
20672548
20672548
264227275
4008584489
816993776
20672548
816993776
48794268
48794268
20672548
483014104
20672548
1011728104862179328
20672548
1367557810179948548
1216709986237272065
20672548
20672548
20672548
1011728104862179328
1276320722269491200
483014104
816993776
816993776
20672548
816993776
1276320722269491200
20672548
816993776
20672548
20672548
816993776
20672548
816993776
816993776
20672548
71768570
816993776
20672548
1208924740179677184
20672548
816993776
20672548
1011728104862179328
1216709986237272065
71768570
14694707
510164923
816993776
20672548
1288545693053976577
816993776
48794268
20672548
20672548
1288545693053976577
1208924740179677184
71768570
20672548
17465186
1011728104862179328
20672548
1208924740179677184
20672548
20672548
816993776
20672548
14694707
816993776
20672548
18475198
816993776
103097873
103097873
103097873
576256039
1276242853094621185
802509802173825024
264227275
1208924740179677184
1949497680
233665155
1208924740179677184
1223281241895686145
1223281241895686145
1208924740179677184
1281394579414155264
3314594303
3103828582
1374424448502145027
1223281241895686145
282937493
1949497680
72256129
274911017
1208924740179677184
1223281241895686145
227241501
227241501
1194693590578089984
103097873
1375644162536714241
1374424448502145027
2718334706
288374984
1374424448502145027
262876171
262876171
35186651
1374424448502145027
23925022
603087808
1374424448502145027
227241501
505756953
103097873
35186651
103097873
103097873
65619261
103097873
1208924740179677184
1339569639614009344
15343781
228127994
103097873
816993776
71874613
21768768
1357041681867104258
462751333
1208924740179677184
1628668224
268422844
268422844
1288762852346560513
1628668224
268422844
1288762852346560513
1628668224
268422844
268422844
1288762852346560513
1288762852346560513
975023682576879616
268422844
Result_count_tot:786