1258924800006926338
1314484336998191105
1258924800006926338
955474624917188608
19762987
1258026092
1121167299334037506
19337187
1258026092
19762987
3374114717
19762987
2999569138
19762987
706238158736912384
1460642443
1460642443
3374114717
3374114717
6706182
17283361
19762987
17283361
1071368653298376711
2970062811
276192120
82670042
155027569
557603994
1306593394974625801
3012371014
1490579158719766528
1490579158719766528
1453056280617275394
379866288
1419043035501973509
1339569639614009344
288188665
746610873767202816
1390785205393367047
498251000
1358879749507006465
1311618490160295936
1434884488325128193
306426609
1274257731713671168
1434884488325128193
717036122837266432
752523992058200064
1168191237368799234
1371901726853373954
26349198
53876028
2993146007
2993146007
30834778
3423031833
23176823
365635604
334030383
1434884488325128193
946038681781047301
1403636393570672641
1387610600403054593
1434884488325128193
35019895
4885135192
1258924800006926338
557603994
2164976883
1263093251772383232
1920493537
1920493537
1263093251772383232
1263093251772383232
58244415
365635604
1920493537
1263093251772383232
2842490573
2196228910
72256129
72256129
365635604
58028047
38451208
58028047
58028047
114043368
1920493537
752523992058200064
38451208
2600974059
58028047
38451208
110462639
752523992058200064
148831635
148831635
2874398938
58028047
197110573
1323881456360251392
365635604
2644003750
197110573
38451208
197110573
2600974059
2874398938
946038681781047301
2600974059
365635604
38451208
765456692
58028047
68145512
2548072274
2548072274
38451208
2548072274
68145512
992688838987436032
68145512
992688838987436032
288414511
288414511
2600974059
68145512
197110573
68145512
38451208
381108636
992688838987436032
14214281
992688838987436032
992688838987436032
2600974059
38260259
38451208
2600974059
68145512
68145512
72256129
365635604
288414511
16930782
1949497680
365635604
238109168
426750416
238109168
365635604
2415957962
454799703
1172869273
365635604
62121469
915516061444866048
2644003750
2644003750
915516061444866048
915516061444866048
62121469
2644003750
2644003750
110462639
915516061444866048
365635604
915516061444866048
1016326604987957248
806096173597622272
62121469
365635604
492428265
365635604
1258924800006926338
735764197380759552
796805869858148352
796805869858148352
365635604
199604190
946038681781047301
1434884488325128193
1434884488325128193
796805869858148352
1434884488325128193
796805869858148352
796805869858148352
1434884488325128193
796805869858148352
190766364
1367557810179948548
1434884488325128193
940191986346266624
1434884488325128193
940191986346266624
940191986346266624
1434884488325128193
1434884488325128193
940191986346266624
1212131290415128576
940191986346266624
1212131290415128576
940191986346266624
1279749292543086592
1434884488325128193
1434884488325128193
1434884488325128193
851734532
784413107624042496
273555252
775685426380214272
1434884488325128193
2671539915
138890465
1434884488325128193
365635604
752523992058200064
338335070
338335070
1172869273
62121469
365635604
197110573
365635604
197110573
365635604
998476071292035072
1258924800006926338
2999569138
1258924800006926338
953966539094609922
1665825266
1431223499318874113
967886505619357698
1453056280617275394
219653856
1343500261982089216
60900925
365635604
1665825266
62121469
365635604
489479693
365635604
1400465330925805571
1419043035501973509
1129978544967376896
62121469
1358879749507006465
3309186214
1063444163390332928
2164976883
1324409059659964425
953966539094609922
827989402441936896
18360037
827989402441936896
18360037
827989402441936896
18360037
827989402441936896
18360037
827989402441936896
18360037
827989402441936896
827989402441936896
18360037
18360037
827989402441936896
18360037
365635604
4149471980
4149471980
992688838987436032
4149471980
992688838987436032
4149471980
546034718
992688838987436032
1180076453637054464
23067843
1180076453637054464
4149471980
365635604
365569024
33280105
110957512
223812019
1358879749507006465
1403636393570672641
1459267625868050440
404165469
846601864569348096
941980603431505921
998476071292035072
1400465330925805571
46782315
1423350610519285768
1074623689700843520
2583581
47476554
28823852
1083747621485887488
64366720
941388744183242753
38260259
433247367
1417789917833408513
2313448980
332721031
1417789917833408513
332721031
924251534
784413107624042496
1417789917833408513
1353800907855695873
584107111
584107111
924251534
1453056280617275394
806226210355298304
1453056280617275394
332721031
935793180171292672
1630778671
998476071292035072
1129978544967376896
1129978544967376896
806226210355298304
998476071292035072
1053054223
1419043035501973509
946038681781047301
1363414604483862528
273555252
4436894855
34571000
34571000
1049235706252615680
1063444163390332928
765456692
1417789917833408513
992118645768835074
1417789917833408513
1434599644105957377
1434599644105957377
408398227
942404223257534464
942404223257534464
1419043035501973509
784413107624042496
998476071292035072
47889584
1124046246321250304
1339569639614009344
2874398938
992118645768835074
797195682075525123
1134224611015569410
98362144
2874398938
1400465330925805571
1231820270
78058188
273555252
18443986
942404223257534464
273555252
784413107624042496
992118645768835074
1353465840583106560
1417789917833408513
3012371014
1324409059659964425
1400465330925805571
1400465330925805571
2305137562
151005657
1339569639614009344
411806483
1358879749507006465
193659324
411806483
1358879749507006465
735095665
411806483
193659324
193659324
1920493537
196964239
846601864569348096
1665825266
1920493537
1453248337516367882
291655640
2462041882
790130140315549696
411806483
411806483
193659324
411806483
193659324
411806483
411806483
193659324
193659324
411806483
411806483
193659324
193659324
411806483
411806483
193659324
411806483
193659324
193659324
411806483
411806483
1315672355788795905
193659324
193659324
411806483
783696165334315008
193659324
411806483
224248943
193659324
411806483
193659324
1071368653298376711
230838429
3296314157
2305137562
26328944
915516061444866048
1731196728
411806483
915516061444866048
1731196728
915516061444866048
915516061444866048
175187994
1731196728
915516061444866048
915516061444866048
1731196728
915516061444866048
1731196728
2598587552
1731196728
96956524
138890465
96956524
1049235706252615680
915516061444866048
915516061444866048
915516061444866048
1731196728
1731196728
1731196728
915516061444866048
915516061444866048
915516061444866048
1731196728
2917410415
1134224611015569410
1920493537
915516061444866048
915516061444866048
1731196728
998308778926903303
1731196728
915516061444866048
320095560
915516061444866048
1731196728
1731196728
1400465330925805571
60271012
915516061444866048
915516061444866048
1358879749507006465
915516061444866048
1731196728
834989728961335297
234739650
510135719
1287058573391007749
1109941264336719872
1279646082
1063444163390332928
4149471980
2917410415
193659324
193659324
193659324
1324908951088082949
1324908951088082949
1324908951088082949
2917410415
224248943
834989728961335297
834989728961335297
2164976883
2290093841
26328944
98139000
30097577
1022179668215193601
332721031
332721031
28413649
374417128
1403636393570672641
332721031
28413649
374417128
28413649
28413649
1324409059659964425
374417128
27609853
63418833
28413649
374417128
3309186214
1431223499318874113
1129978544967376896
1129978544967376896
27609853
63418833
1287058573391007749
28413649
724529993984925696
374417128
63418833
1665825266
2794003500
12361782
1665825266
510135719
19762987
510135719
953966539094609922
1063444163390332928
1339569639614009344
2889501040
273555252
2917410415
107360105
1324409059659964425
784413107624042496
2816843120
2600974059
2600974059
62121469
1156909754389815297
139997002
2521120402
365635604
1343500261982089216
59617426
935793180171292672
1403636393570672641
365635604
1338866706010140674
60271012
18475198
230838429
1368408228216905735
284521502
28823852
431083843
826864296030326786
987486896237568000
4149471980
56511759
284521502
20427104
56511759
1380636978513911808
4149471980
284521502
1337814502335782914
1403636393570672641
20427104
194900525
2164976883
56511759
56511759
112981132
1342246146
284521502
1063444163390332928
15872682
56511759
56511759
56511759
56511759
16362310
1131497033469177856
960304249476349952
1358879749507006465
284521502
2341869265
4149471980
4149471980
292200400
1434884488325128193
1431610292958633984
28611543
1342246146
992688838987436032
18475198
1385740275755126786
569164580
1218963056505577485
4149471980
4149471980
631861885
351812668
238109168
880353378781581312
155658801
992688838987436032
1403636393570672641
2372074475
108728225
14574520
46782315
1114628888834056192
47900772
2543696549
1545254797
36148979
82861055
1342246146
1284240639882940416
46782315
18627984
365635604
3705946396
1287439965211721728
35454981
1417789917833408513
28872687
953966539094609922
953966539094609922
1356350908200857611
1434884488325128193
1355510527
2415957962
1258924800006926338
1356350908200857611
273555252
1434884488325128193
2317558679
224240042
306426609
718349821153832960
2805883474
718349821153832960
2805883474
718349821153832960
992118645768835074
1419043035501973509
3423031833
775685426380214272
39239833
2317558679
21864336
21864336
2317558679
2317558679
1437848047455719427
45565446
775685426380214272
13712
21864336
4887513467
48974071
53876028
2415957962
1434884488325128193
1434884488325128193
1676273275
1258924800006926338
17754872
951292596
365635604
50084549
1377534906373443586
365635604
3290633087
918761648
1434884488325128193
77807937
1285864665466179585
50702131
3117894232
72256129
53876028
72256129
130597727
72256129
72256129
4717614681
4758150675
41595048
775685426380214272
1160463967111852033
1434884488325128193
1434884488325128193
130597727
130597727
365635604
53876028
4717614681
53876028
4717614681
1665825266
1283737615041273856
2836113274
62784184
53876028
4717614681
53876028
301997052
2982173871
269777232
1283737615041273856
17650380
2313448980
897773540681945088
18475198
18475198
38260259
18475198
1283737615041273856
1125479276336308225
18475198
1125479276336308225
1434884488325128193
34571000
1434884488325128193
34571000
504496562
1419043035501973509
3048852564
25867735
1115385841
376173916
186745026
1269935851
608828776
1339569639614009344
1343500261982089216
1335542563248496642
1241032817527619584
1434884488325128193
935793180171292672
23067843
935793180171292672
13768302
700957291
1401582176576098305
1429940864709767176
154086469
33192221
819181990884872197
1083021939927592962
1343108783950737408
389710824
1224782674922999814
3125033591
34987277
1343500261982089216
333903537
112668501
608828776
2504039479
838753427207380992
1404840897326505997
62121469
838753427207380992
62121469
26798240
49379178
49379178
404165469
49379178
710011108
404165469
84842549
2841711645
404165469
1051545534
18657392
96191122
38625054
404165469
62784184
1423256075495788547
1431610292958633984
1665825266
31007362
31007362
25687704
168709423
31007362
31007362
31007362
31007362
31007362
31007362
545362314
896794520049864705
896794520049864705
1300020191292796928
1419043035501973509
1168191237368799234
19018191
13665432
234387750
84842549
81488726
84842549
19018191
25687704
25687704
25687704
13665432
794626296412246016
Result_count_tot:835