14260387
101822731
21428364
2572733922
2572733922
2572733922
1179132092455759877
279251607
279251607
279251607
82670042
279251607
973869990
383758935
279251607
244983461
279251607
244983461
24938748
279251607
279251607
24938748
149806757
226281624
226281624
2727283714
858496435
602201119
602201119
46359538
279251607
1263976867
17187058
155027569
876303781
3369648803
1432342626007756807
250095166
21281142
799273353764892672
1485118037627838465
2219254012
799273353764892672
471152965
279251607
57592947
1382743280
279251607
2362101866
831151161994420225
1166711237268443141
175888072
1209496160857186304
1221098722014253059
1258698747170652161
1099674870118563841
1312028370088144896
50303955
3369648803
106077757
3386298503
3386298503
1441322132491833353
986930424474632192
1382305196261392384
3103828582
1441322132491833353
3103828582
3386298503
539397380
1273558544504303616
1474281346667274256
2219254012
965779834940149761
986930424474632192
1485504108710842368
1485504108710842368
1485504108710842368
900624172682018816
1415536597987119105
1286305905877946370
1286305905877946370
836945852312731648
971336517841960960
1434237692120862720
1468926536082411527
338364189
1030727843163136000
1713852576
1713852576
1713852576
1713852576
870935701973610498
204538790
1471013567646347264
1479104612032389120
946844329695379456
2312251010
1282635884005916675
1075028727317360641
860910198256533504
1373812507471663104
81572408
1095016101233262592
3135899863
1095016101233262592
908588706
82670042
4836064754
1095016101233262592
946038681781047301
485041702
1920493537
17987852
48075273
803160911120887809
111060431
1343500261982089216
406892131
1362816919645147139
82670042
4885135192
1250898934664486918
1061732105800085506
25336045
1557584240
2358236409
2358236409
2531751904
3386298503
423617430
1399073118
1376421620
340625008
1185270297043329024
173413752
474070514
1343500261982089216
579065545
2164976883
825635219504037888
4885135192
47723372
1417553441434619908
1239238620613087233
1406974932958040064
955474624917188608
1268113275868381185
873304134
1386394427040706560
815188041308446721
1360619593
1518809059
20984741
3386298503
17272124
3520520175
3386298503
3386298503
1071009033111384064
3021204093
483251833
29743666
1391344471422476289
858496435
14214281
603849046
238315982
807325612587253762
1300006304895860736
584107111
1386394427040706560
3386298503
1250448094937976834
1343500261982089216
497972401
3044288870
472291595
238109168
238109168
2942170702
2841711645
608828776
17272124
238315982
472851432
269951402
2554375868
238109168
269951402
472851432
957290906
508817739
461983407
608828776
46846624
238315982
897831632241127424
1456920548
3386298503
466356335
340625008
3386298503
340625008
897831632241127424
897831632241127424
841768222324076545
2256218511
1252937001214644224
912596187445911553
912596187445911553
912596187445911553
1376421620
18600689
1105202398581178370
912596187445911553
912596187445911553
912596187445911553
3246619433
1105202398581178370
1129039813
3386298503
372743288
1435262418
26719548
1371560561301983239
356729342
3175750240
724680111065313280
3175750240
1462785157484720132
84368180
21846143
804446173071183872
238179356
1348016941047414787
26722172
58511405
615476387
23608172
33902887
779057278909554688
66974430
1091851158363271168
779057278909554688
66974430
1407706990743371776
3208012271
20773574
20773574
1925778720
809628433
1412379920668532741
833800521601445890
1103778426
3395234439
926015264478715904
4798966816
4798966816
1407151866
1051508296543338497
908669832
4559733737
2308216804
261409790
4283437995
295292833
971301140083113985
1024370707315216384
4559733737
1343500261982089216
926542226460684289
1024370707315216384
603775254
28726577
14311109
2925842572
34382957
271094740
72578677
2836572820
35248084
818127906
45565440
4283437995
615476387
863559330
1417789917833408513
80109709
3116109856
106077757
2718334706
53876028
2862723523
344213066
235337590
46782315
544915456
3116109856
15473483
44896803
2895119345
4283437995
2767349669
85666077
2560618001
1148709864
1390765649102790659
1390765649102790659
373403003
1117880930
976922158197891074
19921092
1382623311033737216
44852484
2600974059
612972910
1518809059
44852484
612972910
1382623311033737216
612972910
14048665
612972910
1447040960
1287439965211721728
1267773878518067207
1443520866457956355
1666011540
2600974059
3129875193
19881538
271045372
271045372
1666011540
1092919856842919937
271045372
1048085844
14131410
263592031
512447810
43781449
425118660
382746967
74539103
172694845
270031753
18330543
612972910
74539103
82670042
82670042
822921350541144064
1165619804671225856
1370413813439287301
752523992058200064
752523992058200064
1370413813439287301
752523992058200064
3234163598
3234163598
1442212092921081856
1352086882943979522
58445078
354516475
30714133
14286342
29659136
962358579310231557
51103171
66681098
2889270755
66681098
930448232
61828285
1339569639614009344
1343500261982089216
1335542563248496642
1241032817527619584
1089265858638168065
1089265858638168065
1429940864709767176
1224782674922999814
710011108
84842549
1431610292958633984
1665825266
31007362
31007362
25687704
168709423
31007362
31007362
31007362
31007362
31007362
31007362
545362314
896794520049864705
896794520049864705
34585876
19018191
13665432
234387750
84842549
81488726
84842549
19018191
25687704
25687704
13665432
794626296412246016
798997668
47900772
1434884488325128193
199604190
358175397
34656014
970680366079053825
1403636393570672641
1177511242828849152
1298106120544952326
1168191237368799234
14474311
941388744183242753
1358879749507006465
76989641
1719351367
1390140762763972615
2543696549
325150281
1106881166
248436358
168709423
1129978544967376896
880353378781581312
4149471980
16362310
230486985
919095216
19018191
19018191
19018191
16362310
4149471980
34656014
365656064
1232533915426066432
1365260076068581378
230486985
1381081941026480129
1356350908200857611
2296217728
132290646
3044288870
13279242
3044288870
1353800907855695873
897848198882111488
62524886
19334026
1338866706010140674
1324409059659964425
358175397
1129978544967376896
1372764241
46782315
30759351
224248943
4273111702
160589463
28823852
784413107624042496
784413107624042496
1277857797611442176
175091333
73323210
19018191
19018191
1252127025533530112
4149471980
34656014
34656014
953966539094609922
429985312
19018191
234387750
34656014
34656014
31007362
3103828582
31007362
826488650
74677398
234387750
826488650
429985312
34656014
234387750
3319450421
34656014
17465186
73323210
717036122837266432
73323210
31007362
33659846
358175397
429985312
16362310
2805627770
1234501772296818689
16362310
34656014
19018191
18475198
935793180171292672
34656014
33659846
34656014
717036122837266432
843514380386033664
19018191
16362310
34656014
139100886
358175397
33659846
19018191
19018191
34656014
3315214959
34656014
429985312
19018191
17465186
1719351367
1401586458394251265
1338866706010140674
73323210
34656014
34656014
429985312
16362310
717036122837266432
34656014
429985312
30941476
1236323654675451904
3103828582
1011728104862179328
19018191
2462041882
34656014
1338866706010140674
2312381686
1011728104862179328
429985312
1338866706010140674
31007362
1011728104862179328
34656014
3103828582
1011728104862179328
3103828582
1109862542560632838
230486985
14901754
4819251975
4149471980
19762987
18475198
19762987
18475198
63560251
773124369769988096
230486985
15887958
1428655003988791301
28361716
992688838987436032
19762987
1288738449189732352
1288738449189732352
559709759
1352086882943979522
38392006
38392006
1352086882943979522
29800686
49674652
33750207
66681098
137666888
1262245315
18475198
1352086882943979522
4758150675
4260193702
193631695
46420581
19334026
46420581
19334026
3336480731
46420581
1002972024308994049
2942170702
1315532028
46420581
1315532028
19334026
162672672
745389384
1187388616001163264
899483166
46420581
1315532028
46420581
1338473818130690052
46420581
1338473818130690052
1315532028
46420581
1315532028
1315532028
1934485416
46420581
1934485416
1934485416
273118166
68087453
61489446
54530632
1315532028
1240005710311759876
998476071292035072
174762419
1224731813685362688
701807069
174762419
591044078
955474624917188608
619475949
474759887
99347701
494403305
99347701
494403305
20582802
1041237779135397888
512447810
1344308387929063432
2767349669
88038338
21689226
418991953
30714133
722147376
35019895
17987852
58445078
946038681781047301
1627917192
37487253
368593003
1543506013
33170830
88192052
10141402
2287362827
1114628888834056192
74677398
17867455
2850181869
619475949
2850181869
619475949
1404840897326505997
930361692936134656
1214695072236810241
1129236186
49674652
49674652
49674652
49674652
2389682486
29659136
1343500261982089216
67724181
1214847421571911681
2820198245
80887146
477647492
603775254
174762419
26207988
615476387
899632334
1352086882943979522
2389682486
32352556
268982264
266671247
1352086882943979522
2889270755
2308216804
2595749813
3175750240
520658632
271094740
47459713
18860780
120183536
520658632
473822717
30439759
603775254
30439759
520658632
2389682486
1039473703975899136
492189880
230649466
921661990225014784
24856441
24153920
167092490
607211007
90831443
2314279943
970671341144870912
268982264
64366720
1263003875927343104
899483166
23934018
899483166
238308510
986930424474632192
245275525
66681098
724976869385342978
245275525
245275525
245275525
66681098
1125479276336308225
1365197512764751872
615476387
236403619
236403619
236403619
236403619
152417367
59065675
102971895
175187994
2317558679
2317558679
900357514902065152
Result_count_tot:761