1432993051
50303955
1432993051
50303955
1432993051
1432993051
1343500261982089216
6706182
50303955
1432993051
456883296
3880284263
37751927
2572733922
2572733922
2572733922
279251607
1471227833255092227
4856852039
1446745414921867266
279251607
279251607
279251607
82670042
1243621045266980866
279251607
973869990
609040861
24938748
284761553
279251607
244983461
279251607
244983461
24938748
279251607
1432993051
279251607
1102862541573767168
1379421013855846418
89433694
1252579980
28823852
47725547
1486810188141281288
804132241
804132241
23809070
23809070
1120744894203609089
970013578769108997
23809070
970013578769108997
465428883
1460865948961943554
1404916620
23925022
23925022
23925022
21689226
1176560948049567744
970013578769108997
23925022
1496149089716690949
279251607
1172011488795643906
279251607
609040861
799273353764892672
279251607
57592947
279251607
1337797928
2532762127
742548835
343555306
992162588233527296
33659846
1471227833255092227
1338866706010140674
1362400037460979713
6706182
4048152814
575398242
4798966816
799273353764892672
986930424474632192
2352358348
941384015906590722
1343500261982089216
873304134
137776972
1471227833255092227
111060431
34922204
47134635
133798612
365656064
1482401123407388675
1469019865138839559
18171257
1487842620
16144050
1241032817527619584
34941106
1343500261982089216
948180824003883008
103097873
397411698
885444640127823873
2532762127
36440078
14311109
46782315
1356365290188234754
427801591
337332303
402377699
26708613
26708613
284761553
260620422
1473970389063716867
575398242
137776972
2583581
47134635
251748694
251748694
30439759
2718334706
46384158
2466596618
1172869273
46384158
375518355
24475435
573547878
575398242
60868457
38395013
29908667
388148354
397411698
30439759
1855203823
17606518
111060431
111060431
65619261
111060431
885444640127823873
251748694
880511699207553027
880511699207553027
124407750
124407750
397411698
27438286
1469403303385706501
1241032817527619584
65619261
103097873
830532037
82670042
820014318
820014318
830532037
1026086402742726656
1278412416
2596048518
143205619
844276121713758210
540160994
2596048518
72798875
2727209505
1071540572916277248
1089051850832338944
1343500261982089216
103097873
1343500261982089216
1216709986237272065
1343500261982089216
103097873
1343500261982089216
103097873
1343500261982089216
103097873
1422853141419147266
6706182
1276320722269491200
6706182
1432993051
1276320722269491200
6706182
1276320722269491200
1432993051
175187994
1068581017831772163
6706182
6706182
21575737
3331270005
35185203
96860933
96860933
873304134
1109941264336719872
3535950075
431083843
96860933
415069505
372212654
372212654
1080106197032804352
38016658
1019946362
3423031833
3592658175
1019946362
1268559555702730758
1026086402742726656
827604968475607042
827604968475607042
382341005
560965705
560965705
21746816
1181321997181169669
1412906407
14311109
36362393
1133781622485135361
518426143
56199360
1026086402742726656
284761553
284761553
23925022
518426143
18171257
284761553
18171257
284761553
284761553
1432993051
531063685
946372453735034880
2532762127
30439759
30439759
32816797
22011813
485052885
485052885
1192930625155686400
1432993051
24475435
22011813
1192930625155686400
1432993051
123504602
1420640326042144768
4819251975
169662017
1343500261982089216
1432993051
54972400
13665432
970013578769108997
14420387
288341428
18443986
18443986
18443986
30439759
1464466166
30439759
30439759
563235947
30439759
18443986
402377699
1241032817527619584
1241032817527619584
1241032817527619584
518426143
382341005
1426924506606620679
1343500261982089216
19334026
1426924506606620679
1276320722269491200
48794268
497972401
1432993051
1241032817527619584
1241032817527619584
497972401
497972401
48794268
48794268
6706182
1241032817527619584
1241032817527619584
734783080888729601
6706182
1241032817527619584
1241032817527619584
6706182
734783080888729601
1241032817527619584
57832321
1208924740179677184
4008584489
48794268
27438286
820014318
19334026
103097873
1338866706010140674
19334026
103097873
802509802173825024
48794268
48794268
103097873
48794268
1208924740179677184
103097873
48794268
3782277197
57832321
1432993051
57832321
1460387901716447235
1228419612645175296
1432993051
57832321
1432993051
1034011336185970689
966251334960902144
885444640127823873
56987723
123504602
2537978100
2537978100
26782987
30439759
16144050
138890465
885444640127823873
19389900
47134635
1424368839639371778
193463414
1278779333486706688
57592947
4048152814
382341005
557278758
24475435
34922204
24475435
34922204
2718593403
22011813
24475435
485052885
485052885
81381193
560965705
1231820270
1231820270
2942170702
47889584
992162588233527296
2820198245
485052885
1059815443781902337
14311109
759787141111177216
1327809378091737089
1453056280617275394
2311998184
4283437995
955474624917188608
4798966816
1120038111738777600
832835974073769984
1133781622485135361
878524436
59599522
992162588233527296
1432993051
899483166
1432993051
397411698
397411698
131217007
30439759
1432993051
1432993051
288341428
103097873
1275457709702348800
524326247
1619767424
4848320060
84634624
4798966816
20611702
4798966816
2337642753
2418099208
123504602
406892131
1382743280
1275457709702348800
1438215533065814021
873304134
361185904
33622624
1518809059
1318284316774903809
289972561
7723532
1279522303454429184
902615081418153989
1279522303454429184
22921649
568362036
160529859
1734755736
560965705
101954874
2458399581
1179132092455759877
380709305
101954874
101954874
1179132092455759877
380709305
1179132092455759877
28322828
254242153
1731797970
1179132092455759877
380709305
315153945
881866381586771969
1436266476835590169
74868526
59599522
103269565
717868133
426047000
1280727781102534656
1406974932958040064
52396755
1281394579414155264
288341428
35185203
2458399581
1179132092455759877
47134635
18061771
84303353
28823852
1406974932958040064
475257743
1362663147836997644
1278412416
568362036
3223897552
338293610
1339219874
3070198413
447315546
122733065
518426143
518426143
1424651180001669122
108886742
221754099
1315532028
946372453735034880
50466100
377615144
18600689
206228865
873304134
1172869273
72277469
528630505
82670042
87179667
1545946591
1545946591
87179667
518426143
806993211692552193
1179132092455759877
77807937
2727209505
885444640127823873
117704942
456883296
2841711645
53876028
18387289
1338473818130690052
932189507687976961
29908667
1338473818130690052
14420387
29908667
53876028
365604680
53876028
478618609
3162364654
365604680
25336045
2850181869
1338866706010140674
103097873
1665900678
19263926
82422376
1083747621485887488
123504602
57592947
251748694
61340005
30439759
30439759
467220989
1412906407
1412906407
57592947
1172869273
1172869273
34941106
30439759
4798966816
1109862542560632838
1343500261982089216
103097873
50604877
1148709864
1420264670
1382814794
1518809059
20425675
4798966816
1072797299154272257
992162588233527296
992162588233527296
133798612
81381193
1432993051
560965705
3395213531
403338386
1208924740179677184
2605255273
1208924740179677184
551730401
250722978
129788686
1353811322253803520
2805627770
16351191
195073490
1310964486199795713
146415928
1277857797611442176
123504602
1352086882943979522
33192221
1630778671
307800081
2305137562
14515583
307800081
2305137562
284521502
307800081
284521502
307800081
284521502
307800081
284521502
284521502
452365232
873304134
1094082169
1316843796953522182
4260193702
307800081
2305137562
284521502
878524436
145959176
15402344
307800081
132290646
732348631
1543506013
27605155
219653856
732348631
27605155
307800081
334537188
59617426
976922158197891074
33606368
3135899863
334537188
59617426
1268113275868381185
307800081
3411639460
828620824294879232
1352086882943979522
356853975
307800081
2874398938
985926334374383616
429985312
24854369
429985312
334537188
123890829
2472156079
1268113275868381185
2180849438
308938225
230649466
34382911
234387750
17283361
732348631
754071383395663872
4798966816
307800081
732348631
308938225
307800081
230649466
38497695
1352086882943979522
1372764241
31378726
365604680
31378726
365604680
351103086
14285164
603775254
189162341
3411639460
2487318846
123890829
2609089709
36774962
728105706
221476163
67070886
30439759
365604680
123504602
828620824294879232
422628082
3082854989
1675086996
1268113275868381185
765837220842508288
2311998184
1170399192424112128
1332779570
851343914653163520
3292285374
765837220842508288
74677398
820014318
953966539094609922
1029729547783229442
976922158197891074
47916570
881866381586771969
6706182
Result_count_tot:695