838753427207380992
46782315
112871323
337332303
1479213013458632713
337332303
1344308387929063432
1343500261982089216
29676425
1343500261982089216
337332303
1446745414921867266
766022949769998336
14286342
41595048
337332303
195073490
204525639
1471227833255092227
204525639
204525639
244516737
195073490
195073490
195073490
338335070
838753427207380992
838753427207380992
380249246
838753427207380992
838753427207380992
1296483445
749584399105130497
2953054853
29676425
195073490
1348706074254303233
1348706074254303233
838753427207380992
820906803630313472
838753427207380992
172473788
820906803630313472
838753427207380992
195073490
195073490
744091015884181504
838753427207380992
838753427207380992
16040065
2305137562
47073928
992688838987436032
838753427207380992
838753427207380992
838753427207380992
1453618569627963393
162672672
838753427207380992
802509802173825024
1329062761482117121
1329062761482117121
31419003
42085323
838753427207380992
122318779
838753427207380992
34382957
34382957
838753427207380992
932927287
1365260076068581378
838753427207380992
195073490
1471227833255092227
327023127
838753427207380992
23176823
395972607
365635604
72277469
1348706074254303233
838753427207380992
1348706074254303233
838753427207380992
838753427207380992
838753427207380992
838753427207380992
838753427207380992
838753427207380992
31195903
838753427207380992
838753427207380992
579295585
838753427207380992
838753427207380992
31195903
838753427207380992
31195903
31195903
838753427207380992
31195903
838753427207380992
31195903
838753427207380992
838753427207380992
454799703
31195903
838753427207380992
38451208
838753427207380992
838753427207380992
579295585
838753427207380992
38451208
838753427207380992
579295585
38451208
838753427207380992
838753427207380992
579295585
38451208
172694845
579295585
838753427207380992
838753427207380992
579295585
38451208
38451208
454799703
172694845
838753427207380992
838753427207380992
838753427207380992
31195903
838753427207380992
838753427207380992
38451208
838753427207380992
454799703
31195903
838753427207380992
838753427207380992
1474157487792263176
1448379760636219399
838753427207380992
2434054144
1343500261982089216
1443520866457956355
797195682075525123
219653856
950364538188296192
797195682075525123
369080489
26798240
369080489
2548072274
950364538188296192
953298979281915904
838753427207380992
838753427207380992
838753427207380992
838753427207380992
838753427207380992
762738981305978880
838753427207380992
838753427207380992
3515220803
838753427207380992
838753427207380992
3515220803
838753427207380992
3515220803
838753427207380992
3515220803
838753427207380992
946038681781047301
1302505775676436480
838753427207380992
1381081941026480129
388148354
838753427207380992
388148354
427535413
1250898934664486918
838753427207380992
427535413
838753427207380992
1731196728
838753427207380992
838753427207380992
838753427207380992
26798240
838753427207380992
26798240
838753427207380992
1302505775676436480
838753427207380992
838753427207380992
838753427207380992
838753427207380992
838753427207380992
1348706074254303233
838753427207380992
838753427207380992
579295585
838753427207380992
122318779
14820456
26798240
122318779
838753427207380992
838753427207380992
838753427207380992
838753427207380992
838753427207380992
838753427207380992
1314529560067792898
752523992058200064
838753427207380992
2154471619
838753427207380992
1374603517466447873
838753427207380992
484888944
1484760983604457473
1222192138240299008
2874398938
1443520866457956355
2644003750
608828776
1443520866457956355
2434054144
1443520866457956355
2434054144
1443520866457956355
31389952
273555252
2434054144
838753427207380992
1302505775676436480
838753427207380992
1248654071281713152
838753427207380992
838753427207380992
2149650316
838753427207380992
1248654071281713152
838753427207380992
15402344
2803213730
233665155
2434054144
238109168
838753427207380992
2434054144
838081680879529986
55487753
838753427207380992
838753427207380992
3515220803
38451208
838753427207380992
838753427207380992
838753427207380992
1185270297043329024
802234193350627328
4851655691
1290914712566337538
124407750
1290914712566337538
124407750
1322275657536229376
498251000
2434054144
62092544
48154045
838753427207380992
838753427207380992
838753427207380992
838753427207380992
313403883
838753427207380992
62092544
838753427207380992
838753427207380992
313403883
62092544
381981162
1346831358170165249
381981162
19388863
381981162
838753427207380992
838753427207380992
838753427207380992
838753427207380992
838753427207380992
838753427207380992
838753427207380992
813329250
838753427207380992
58028047
23418810
838753427207380992
23418810
838753427207380992
23418810
838753427207380992
838753427207380992
838753427207380992
838753427207380992
838753427207380992
1248654071281713152
838753427207380992
838753427207380992
46782315
46782315
263592031
261852783
359532790
248569306
60931843
44174373
838753427207380992
838753427207380992
838753427207380992
1250898934664486918
3423031833
612972910
838753427207380992
838753427207380992
838753427207380992
838753427207380992
838753427207380992
476153918
838753427207380992
476153918
838753427207380992
838753427207380992
476153918
838753427207380992
476153918
476153918
838753427207380992
838753427207380992
838753427207380992
838753427207380992
838753427207380992
476153918
838753427207380992
476153918
838753427207380992
838753427207380992
93486562
838753427207380992
838753427207380992
93486562
838753427207380992
175187994
838753427207380992
38451208
476153918
58028047
58028047
38451208
838753427207380992
58028047
58028047
2600974059
838753427207380992
2600974059
838753427207380992
718349821153832960
838753427207380992
838753427207380992
838753427207380992
2600974059
718349821153832960
838753427207380992
718349821153832960
838753427207380992
838753427207380992
838753427207380992
718349821153832960
838753427207380992
838753427207380992
718349821153832960
718349821153832960
1380636978513911808
718349821153832960
233665155
175187994
838753427207380992
838753427207380992
718349821153832960
838753427207380992
175187994
838753427207380992
838753427207380992
31195903
31195903
838753427207380992
175187994
838753427207380992
31195903
838753427207380992
31195903
31195903
838753427207380992
838753427207380992
31195903
838753427207380992
718349821153832960
838753427207380992
838753427207380992
175187994
838753427207380992
838753427207380992
31195903
2600974059
388148354
838753427207380992
838753427207380992
23418810
388148354
838753427207380992
64017065
175187994
175187994
23418810
195073490
78058188
64017065
195073490
32890148
29676425
1875182502
966251334960902144
55487753
2777892065
838753427207380992
569164580
838753427207380992
246972604
14048665
14048665
2917410415
579295585
838753427207380992
579295585
2917410415
961135976
838753427207380992
2600974059
2600974059
579295585
365379334
2600974059
579295585
1145037903862685698
838753427207380992
838753427207380992
838753427207380992
569164580
569164580
838753427207380992
26798240
26798240
569164580
569164580
26798240
569164580
838753427207380992
23418810
288414511
26798240
951292596
427592195
26798240
569164580
14214281
10107052
26798240
427592195
951292596
26798240
26798240
718349821153832960
18475198
838753427207380992
961135976
838753427207380992
718349821153832960
838753427207380992
838753427207380992
718349821153832960
838753427207380992
718349821153832960
838753427207380992
838753427207380992
306426609
838753427207380992
306426609
838753427207380992
306426609
838753427207380992
476153918
306426609
838753427207380992
838753427207380992
838753427207380992
838753427207380992
838753427207380992
476153918
838753427207380992
476153918
838753427207380992
476153918
838753427207380992
1346831358170165249
1951333489
1951333489
1443520866457956355
998476071292035072
1346831358170165249
486142464
236403619
494942196
53876028
3044288870
1346831358170165249
47073928
416235432
333903537
20989035
15473483
438211624
236827326
20582802
236827326
47073928
47073928
47073928
20582802
1338866706010140674
53876028
2313448980
356034112
4194110981
356034112
4194110981
125928871
884866699
1951333489
4855118374
1208042953404497921
55258706
40025776
18475198
1343500261982089216
197110573
26451758
333903537
4836064754
4836064754
15473483
306426609
28852619
306426609
2305137562
34382957
53876028
15473483
2159263680
18475198
28655487
31067824
3423031833
3423031833
332721031
1338866706010140674
3423031833
850749608
1680901585
332721031
19334026
3044288870
253932197
1721889648
19762987
2532762127
19777480
918735913106239488
1372588717882359810
173413752
400864184
261852783
1283863337961435139
273594119
84368180
2548072274
23176823
1096055512955793408
351655589
2718334706
832910676402266113
28655487
1250898934664486918
84368180
1630778671
1380530613904637957
751559398410125312
84842549
751559398410125312
1330892617903726593
1630778671
1630778671
359532790
1330892617903726593
1330892617903726593
1630778671
359532790
1630778671
359532790
1330892617903726593
359532790
359532790
2548072274
1379694971918372866
1379694971918372866
846940940
1379694971918372866
1379694971918372866
393448735
1279749292543086592
434377207
992162588233527296
118772902
558394615
998476071292035072
1316768702986162177
125928871
584107111
735095665
60046342
946038681781047301
214092807
751559398410125312
60271012
60271012
60271012
1379694971918372866
1430801970122657793
263592031
1680901585
15473483
347173040
3372814023
26121002
1324908951088082949
2863600085
2863600085
332721031
934117252458217472
84842549
84842549
84842549
894881951173267456
1096055512955793408
1630778671
1630778671
3423031833
1324019953926897665
84842549
84842549
878524436
267204162
1353768777972936704
1630778671
993494730636972032
1630778671
1212076766111551489
878524436
84842549
850749608
1285864665466179585
1630778671
1630778671
1630778671
24514743
78058188
84842549
307462679
18697324
850749608
1024978027573338113
1096055512955793408
1561808412
918735913106239488
1024978027573338113
1024978027573338113
918735913106239488
51259343
1411247135698337793
2548072274
237524449
1614998162
1553995795
55164706
55164706
2548072274
277496292
2548072274
1201941409
29676425
23934018
1630778671
19018191
221476163
55164706
2718334706
19018191
19018191
2718334706
55164706
19018191
55164706
1346751896174927873
103356075
332721031
3423031833
1007405492723953664
1007405492723953664
19018191
480660806
620392738
332721031
1161543558052139008
110462639
1339569639614009344
2718334706
124407750
124407750
365635604
124407750
277496292
938093832603865088
351655589
1073486504834592768
1278005603680600065
783642239851433984
70641452
828620824294879232
402377699
30840845
918735913106239488
106769293
30840845
19762987
2245485435
247181605
464645247
918735913106239488
160589463
3423031833
20576681
950364538188296192
3319450421
221476163
15473483
469189813
469189813
19190875
221476163
464645247
284025416
426750416
60046342
846940940
19762987
32104191
Result_count_tot:782