1143974095
299024743
72277469
1144962788554682368
1243621045266980866
14430927
14430927
2773186835
737301170
1243621045266980866
7723532
1376421620
1376421620
1339569639614009344
269940283
193659324
846940940
1348878716634542080
1243621045266980866
1243621045266980866
846940940
881866381586771969
131293004
131293004
1347433861442129920
978023718
509040127
1545946591
3433970278
51578730
778989402366377984
1343500261982089216
69275559
98576755
6706182
497972401
6706182
1243621045266980866
6706182
1243621045266980866
1243621045266980866
6706182
1243621045266980866
1243621045266980866
1243621045266980866
1243621045266980866
1243621045266980866
1243621045266980866
1243621045266980866
84842549
1432993051
1008706767390478336
1243621045266980866
6706182
1243621045266980866
1243621045266980866
2718593403
347513252
21857414
2221592971
30439759
609320987
1243621045266980866
609320987
1491891865586651137
1243621045266980866
1243621045266980866
365656064
51493208
47134635
873304134
1116747379
219989150
929734745302487040
1143974095
1324373490506584068
1237089364569661446
1324373490506584068
970013578769108997
395209972
1243621045266980866
1081650390150594560
1243621045266980866
1324373490506584068
1324285369832058881
1243621045266980866
1243621045266980866
1243621045266980866
295361148
96010420
18387289
18716146
1243621045266980866
703547894
630617448
308161516
308161516
235956428
1133554151592517633
2665163007
601425440
1402213422301954048
1401582176576098305
339532308
1143974095
1143974095
1143974095
1443520866457956355
789540708
1415222749887451136
1415222749887451136
1475904424572772352
1206703150264180737
3178221399
3178221399
2584158192
36760052
18725408
630617448
18725408
18725408
987486896237568000
558820091
3081579815
3081579815
3081579815
1324285369832058881
1243621045266980866
1324285369832058881
1324285369832058881
1336748027042795521
1243621045266980866
1324285369832058881
1243621045266980866
1243621045266980866
1665146988
1324285369832058881
987486896237568000
1231820270
1243621045266980866
1243621045266980866
1324285369832058881
193047385
1144962788554682368
1243621045266980866
1243621045266980866
18364179
987486896237568000
987486896237568000
872843838431399936
1243621045266980866
790861424197246976
1243621045266980866
1243621045266980866
2418099208
2418099208
1143974095
248436358
2590058264
28611543
2590058264
1243621045266980866
1243621045266980866
4896400911
1243621045266980866
3178221399
2584158192
1243621045266980866
1243621045266980866
1443520866457956355
1243621045266980866
1074952118
541006656
1126591081
271045372
1243621045266980866
773371129
76585756
860129059
263592031
773371129
1287439965211721728
263592031
806096173597622272
2580785555
175795518
2874790725
2874790725
1384163554119483399
18475198
1490451551923716096
337332303
18714976
2341253739
2341253739
2341253739
13665432
13665432
2341253739
1419010268
1419010268
238109168
56044169
56044169
95238065
1860429764
717255066
14696846
820800629660676096
153181379
37069899
4850997525
741181965206970368
377551958
321546491
1448379760636219399
946038681781047301
1443520866457956355
20611702
778989402366377984
1443520866457956355
74677398
20611702
74677398
20611702
778989402366377984
20611702
74677398
20611702
74677398
20611702
20611702
20611702
74677398
1443520866457956355
20611702
20611702
1461494634564268043
74677398
20611702
74677398
20611702
74677398
1477947906191724545
1477947906191724545
20611702
37761004
74677398
20611702
20611702
1396889045649797122
20611702
20611702
20611702
20611702
60983
276565825
20611702
20611702
20611702
20611702
37761004
1518809059
20611702
45565440
1518809059
1390785205393367047
37761004
26201886
1343500261982089216
1292390851461685255
21857414
207608019
1469555131389820930
1385321942685728782
1373516409767092226
20611702
20611702
27836738
1324373490506584068
1453618569627963393
29676425
1268113275868381185
340421086
2192914376
434377207
393448735
20854389
1443520866457956355
1343500261982089216
992688838987436032
485041702
20989035
717255066
1443328340
2984639237
2175367101
1330973957583933443
3515220803
29800686
3515220803
1343500261982089216
67268011
992688838987436032
969598022375149568
485041702
2560618001
1172869273
402377699
1443520866457956355
1329062761482117121
2874398938
41785808
2874173163
2874398938
2874398938
761596867625058304
1216146263428751361
1216146263428751361
238109168
34972320
23925022
1435925527907405827
1435925527907405827
1485291793616936962
1225902554548252673
947958460095791104
947958460095791104
1339119791441756161
1339119791441756161
1339119791441756161
1339119791441756161
1339119791441756161
1339119791441756161
1435925527907405827
1435925527907405827
1435925527907405827
1435925527907405827
1435925527907405827
1435925527907405827
1435925527907405827
1435925527907405827
1435925527907405827
1435925527907405827
1435925527907405827
1435925527907405827
1435925527907405827
1435925527907405827
1435925527907405827
1435925527907405827
1435925527907405827
1435925527907405827
1435925527907405827
1435925527907405827
1435925527907405827
1435925527907405827
1435925527907405827
1435925527907405827
1435925527907405827
1435925527907405827
1435925527907405827
1435925527907405827
1435925527907405827
1435925527907405827
1435925527907405827
1435925527907405827
1435925527907405827
1435925527907405827
1435925527907405827
1435925527907405827
1435925527907405827
1435925527907405827
1435925527907405827
1435925527907405827
1435925527907405827
1435925527907405827
1435925527907405827
1435925527907405827
1435925527907405827
1435925527907405827
1435925527907405827
1435925527907405827
1435925527907405827
520658632
1172869273
1518809059
55813241
1172869273
2192914376
1518809059
36789154
1024370707315216384
1143974095
304850593
243578283
1185270297043329024
1024370707315216384
1486193730
1024370707315216384
1391344471422476289
340625008
1024370707315216384
1172869273
4836064754
1475878259975933961
803160911120887809
717255066
717255066
603775254
805153340
14543022
1172869273
1469403303385706501
2180532753
1469403303385706501
4836064754
717255066
4836064754
1273688642179829760
1463815312508440577
1463815312508440577
1463815312508440577
1463815312508440577
1463815312508440577
1463815312508440577
1594365624
717255066
1034168366137790465
1463815312508440577
1463815312508440577
1463815312508440577
1316988731593617410
1463815312508440577
1423306433290932225
1198725424123170816
1443520866457956355
1382460536567304192
1346751896174927873
135033184
1095207857295773696
1172869273
1071784494326263809
800388278662766592
1382460536567304192
1071784494326263809
45901069
3120262060
3120262060
816925178705932289
3152279681
3152279681
3044856195
3044856195
1363896950
615044806
1917569029
1463815312508440577
1468603707600293889
1301924380335800320
233521153
444062216
1410217304772730888
1410217304772730888
1410217304772730888
1166360235692515329
1419489366
1050602297703641094
1422637427198464001
1382460536567304192
1547620584
1092008549344002049
1020025336283779072
408542449
1020025336283779072
335792663
36096153
408542449
1252192266443272196
1092008549344002049
408542449
408542449
1227600652131536902
931372675
1221068359212683270
1382460536567304192
1153544291215695877
2520211812
227472111
2371693648
1272697874699235328
1294676390864879618
1370459586650644489
919156543152517120
2503068042
1485824444
1356890713506652160
1356890713506652160
18180341
99540024
417125075
2712764099
1213444186420039680
1600282494
1454433847395897347
1136721315707199489
1370104530
1244223261220704256
1370104530
1011945168512126976
719690726641164288
1284894168821780481
865589585329475585
798303956653015040
4112421923
48721483
1943895128
258671993
258652501
1104714683561304065
738239809290805248
1465075570979573766
1218284497659158529
47818763
580956087
1170485716993937411
1407255184527536134
1453688803235811331
1422824524723200001
1422824524723200001
800388278662766592
1337624840640081921
534558295
2371693648
463089789
49276498
49276498
1327960374017204225
1238981124778381312
1027884122541314049
1528066657
182502102
706215862089474050
1283403319680004097
1422824524723200001
1422824524723200001
4414464441
1460650678137806852
1339471934837452802
2371693648
580956087
1339471934837452802
1327573038347509762
1339471934837452802
1021102827970662401
1431520526435028999
1027884122541314049
1248460735954345987
992079199447011329
706215862089474050
706215862089474050
773230604133564416
1337842135995969542
1213838223291478016
1207416216933076992
972093435342704647
875364810
1221068359212683270
1221068359212683270
1455448628047253505
1454920581309157377
865692707263574017
62136649
981159275975323648
1299869479690743808
2209472546
2209472546
1411119835245907969
47891723
1431520526435028999
1478614096954150914
1203063586098159617
1203063586098159617
1202008252441145344
1426409821121650689
1426409821121650689
54144903
47573090
755076367558074370
470388164
1246536520837632001
1343508702964436992
1407373197457100800
1236011725696241665
1236011725696241665
1300825323920142339
1175616655529074689
1175616655529074689
1415787774481948684
2853818454
1238981124778381312
1088586629525180421
1067328973405704193
1196883511938101248
1027884122541314049
1425999992674824199
1400266148176969733
1400266148176969733
1426391931077074946
1427085904661950468
950045623444819968
951984424551317504
1196883511938101248
2439711755
1033402867191873536
858308049118822400
1050602297703641094
1304832323544920067
1428676720333316102
969288289437061120
1376861856468496394
1444714839826436096
1353905265641480192
475208227
1416452860712153089
836076930721984512
2427414328
982872801026760704
796380003378327552
442737538
1478147158859788290
960687417022873600
442737538
960687417022873600
1033332597265289216
1403106972443021312
442737538
48168295
810172574344871936
48128562
1401021632408399874
1416488834104184842
60066363
1250534742551756801
977251409094733830
889784379286986752
953623284830146560
1398793501568114689
2397099121
1194065539997585408
1093516272439119872
376800654
1428046268887040001
1196071951292420096
1208130638580084737
774311683456106496
1412754812932825094
1218197333164380160
47884375
1216169326882873344
1310263077062029317
2371693648
24856214
947924373029171200
88447782
48128562
1373151957012070402
2371693648
1074817234864926720
2371693648
570744394
1102862541573767168
1393480998508244992
405098237
615476387
1172869273
1290914712566337538
64797353
1024370707315216384
265581656
243550566
53876028
265581656
265581656
265581656
265581656
265581656
265581656
265581656
265581656
6468612
22767441
55258706
6468612
34972320
16681946
1463616341970243587
38145897
3177011895
28789597
42385102
42385102
236108456
2560618001
1172869273
498251000
14288037
1311254921984053248
1314632635315097600
20989035
2165413610
20989035
2165413610
234849165
2874173163
2874173163
20989035
1515824094
1515824094
20989035
1515824094
1515824094
1515824094
1515824094
1515824094
1159440877712019456
1159440877712019456
2773046307
969598022375149568
1434108737527091203
805153340
1641482785
1172869273
34972320
56044169
992688838987436032
56044169
56044169
369080489
369080489
56044169
992688838987436032
56044169
992688838987436032
56044169
369080489
56044169
992688838987436032
108382182
56044169
369080489
369080489
56044169
56044169
57832321
162672672
274930554
57832321
1360619593
111124472
111124472
111124472
434377207
603775254
1292390851461685255
603775254
14694707
603775254
992688838987436032
56044169
1143974095
108389674
717255066
18520064
2560459421
Result_count_tot:774