1484838662185488384
1064857316577689600
34972320
239833417
2540482822
951292596
34972320
951292596
34972320
34972320
391243055
2669405904
752523992058200064
752523992058200064
752523992058200064
752523992058200064
1466129892911853570
10107052
313276525
429016557
1187062935262236674
2284280579
393370698
752523992058200064
752523992058200064
49294750
271045372
393370698
271045372
393370698
393370698
267204162
267204162
1241316297784340481
915892689085878272
3356543962
2284280579
67403849
24886897
62121469
15473483
365635604
108856784
365635604
1133458959925436419
1053054223
288414511
2917410415
107360105
261852783
261852783
108856784
1403306327586267139
261852783
261852783
2600974059
261852783
1403306327586267139
1133458959925436419
1133458959925436419
1169018354503471104
1053054223
62092544
62092544
261852783
261852783
261852783
41595048
41486755
21846143
467386776
838081680879529986
23925022
504496562
62092544
391243055
752523992058200064
62092544
961135976
838081680879529986
1215914436
61239779
1125479276336308225
1442386216461082631
116289993
63132666
1125479276336308225
3457292777
1125479276336308225
1386656857801076737
1386656857801076737
271902473
1386656857801076737
1386656857801076737
46782315
1386656857801076737
1386656857801076737
1386656857801076737
1386656857801076737
1386656857801076737
1386656857801076737
1386656857801076737
1386656857801076737
1386656857801076737
1386656857801076737
1386656857801076737
1386656857801076737
1386656857801076737
1386656857801076737
1386656857801076737
1386656857801076737
1386656857801076737
1386656857801076737
1386656857801076737
1386656857801076737
1386656857801076737
1386656857801076737
1386656857801076737
1386656857801076737
1386656857801076737
1386656857801076737
1386656857801076737
1386656857801076737
1386656857801076737
1386656857801076737
1386656857801076737
1386656857801076737
1386656857801076737
1386656857801076737
1386656857801076737
1386656857801076737
1386656857801076737
1386656857801076737
1386656857801076737
1386656857801076737
1386656857801076737
1386656857801076737
1386656857801076737
1386656857801076737
1386656857801076737
1386656857801076737
1386656857801076737
1386656857801076737
1386656857801076737
1386656857801076737
1386656857801076737
1386656857801076737
1386656857801076737
21864336
34656014
776171614618681344
127268367
26798240
45565446
393387610
19389900
619475949
74677398
4894248365
619475949
21936101
498251000
1343500261982089216
838081680879529986
972547391105781760
1215914436
1215914436
972547391105781760
752523992058200064
752523992058200064
752523992058200064
752523992058200064
752523992058200064
752523992058200064
752523992058200064
752523992058200064
752523992058200064
2874398938
2874398938
838081680879529986
725925007
501877020
501877020
807629196
4375335328
16032272
205111571
752523992058200064
752523992058200064
560711367
1702830144
2313448980
352306584
352306584
752523992058200064
635311274
752523992058200064
752523992058200064
752523992058200064
752523992058200064
635311274
236162205
1096055512955793408
752523992058200064
752523992058200064
752523992058200064
752523992058200064
22379431
236162205
32360844
838081680879529986
725925007
849207961
838081680879529986
237524449
725925007
60983
752523992058200064
3294306579
30287258
46373481
19190875
1343500261982089216
19190875
725925007
46373481
271094740
211935442
35186651
19389900
211935442
271094740
143205619
271094740
19389900
211935442
57592947
1288762852346560513
1288762852346560513
57592947
401613832
1288762852346560513
752523992058200064
752523992058200064
275145270
81578629
2548614199
752523992058200064
752523992058200064
752523992058200064
752523992058200064
752523992058200064
725925007
725925007
818127906
1179132092455759877
1179132092455759877
90448119
131969061
82325555
49774380
49774380
393387610
1198768523943849985
230324187
24688010
725925007
725925007
18330543
752523992058200064
838081680879529986
43062590
752523992058200064
570744394
47974057
1282787696881160193
752523992058200064
752523992058200064
752523992058200064
752523992058200064
752523992058200064
752523992058200064
752523992058200064
39219035
19233560
2540482822
2720545523
85640142
14360050
752523992058200064
14617551
2855541052
36345076
322531105
39219035
47974057
108728225
47974057
851811500
47974057
818460035663667200
36077820
56676419
39219035
46081160
1641482785
1142220934620811267
3307278897
352306584
838081680879529986
838081680879529986
36345076
227100587
39219035
88236209
838081680879529986
838081680879529986
352306584
1033849844
522268751
522268751
522268751
522268751
522268751
522268751
522268751
522268751
838081680879529986
838081680879529986
838081680879529986
838081680879529986
36345076
522268751
522268751
838081680879529986
838081680879529986
838081680879529986
838081680879529986
838081680879529986
836237007772762112
923781052786671616
82325555
2874398938
271575289
199665432
1932287588
21846143
551730401
838081680879529986
82325555
838081680879529986
52726195
39219035
206597096
2989169968
838081680879529986
838081680879529986
1482525636
838081680879529986
838081680879529986
36882824
752523992058200064
838081680879529986
251523398
743060426
838081680879529986
3307278897
792317303337529344
3307278897
36345076
2589214540
1232742531621892096
82325555
838081680879529986
838081680879529986
2418099208
448754213
838081680879529986
127268367
34032735
1141402014343159808
923781052786671616
1239686576
2821605716
39219035
1141402014343159808
846940940
846940940
36345076
82325555
14574520
2539035872
39219035
82325555
82325555
839443270178598912
29251764
58458828
25763683
24103268
2290612849
18555748
28092347
241435904
880160231149502464
814166023788118016
814166023788118016
814166023788118016
2562405506
58378564
814166023788118016
58378564
814166023788118016
814166023788118016
116466388
1092426318053031937
814166023788118016
814166023788118016
814166023788118016
814166023788118016
376149624
814166023788118016
814166023788118016
190194315
190194315
2532762127
20854389
20854389
20854389
2532762127
2389659202
2949875338
3201290668
148732231
2949875338
2949875338
2176428032
991200932582121472
175187994
175187994
175187994
193463414
193463414
991200932582121472
175187994
2949875338
60271012
2308216804
63746892
991200932582121472
175187994
2949875338
991200932582121472
2174340221
1463310800
2532762127
2389659202
2532762127
2532762127
74217252
175187994
814166023788118016
814166023788118016
332642789
814166023788118016
1046302651393220608
4633850189
1847850114
880160231149502464
32360648
814166023788118016
1006641320
814166023788118016
2554375868
578734691
4018307595
718470095979327490
59542677
942724732562149376
942724732562149376
880160231149502464
942724732562149376
2736841363
190194315
2736841363
190194315
942724732562149376
54217077
942724732562149376
4798923664
814166023788118016
180112438
54217077
306227173
718470095979327490
872181709235769344
163088377
36882824
36882824
99734015
99734015
855472973389721601
408978014
36882824
36882824
36882824
36882824
36882824
36882824
36882824
741990114365198336
962433353164251138
1927007911
798557710321074176
25669359
25669359
25669359
256885486
25669359
902708583304978433
1329274597
256885486
869795347
869795347
256885486
942724732562149376
190194315
29251764
39239833
160867736
57696728
72848197
219653856
896358804975226882
2987097574
814166023788118016
248260003
195073490
1354354296
81578629
81578629
559468838
377354280
21746816
21746816
21746816
4894248365
438626233
438626233
438626233
19233560
19233560
19233560
16342984
559709759
160867736
323103577
1586216377
1586216377
160867736
160867736
160867736
160867736
29251764
160867736
160867736
160867736
160867736
3233931616
1427401710
160867736
271902473
3233931616
160867736
3233931616
3233931616
3233931616
3233931616
271902473
271902473
271902473
271902473
271902473
271902473
410236677
271902473
249635137
271902473
271902473
249635137
43062590
88236209
88236209
271902473
249635137
271902473
22475991
426967239
426967239
426967239
271902473
Result_count_tot:601