1356567284190498822
1356567284190498822
1339454077021904896
2415957962
30941476
2415957962
2415957962
2415957962
122318779
2415957962
1518809059
3065951663
2415957962
1114628888834056192
2415957962
3065951663
2415957962
2415957962
27903991
20238626
2415957962
579065545
2415957962
172694845
273555252
2415957962
20238626
87666695
2310295012
132499217
475172955
1352086882943979522
24693882
32535843
475172955
921659648
2729147326
172694845
1203946340
1285604032325853185
1285604032325853185
1285604032325853185
1285604032325853185
72645772
2415957962
46888173
1105770106414604289
2415957962
46782315
2415957962
1114628888834056192
1061551568
2415957962
20238626
108618409
1250327808657612801
1250327808657612801
1226610320191492097
33099288
1226610320191492097
1226610320191492097
1226610320191492097
232812117
232812117
2656778349
232812117
1226610320191492097
36172874
1266707481348190209
1226610320191492097
1226610320191492097
1226610320191492097
1226610320191492097
1226610320191492097
1226610320191492097
1226610320191492097
1224960974102368257
232812117
1197710401175261184
929299567828496384
232812117
232812117
232812117
1162060909134659584
728619284629467136
36172874
1093940802005422080
Result_count_tot:87