1561359858
31405598
838753427207380992
838753427207380992
365635604
838753427207380992
762738981305978880
838753427207380992
3515220803
838753427207380992
3515220803
838753427207380992
3515220803
838753427207380992
3515220803
838753427207380992
420280593
2165413610
3515220803
932927287
454799703
932927287
838753427207380992
454799703
365635604
359379800
176542303
454799703
261852783
916711711
67403849
631861885
277496292
277496292
454799703
67403849
26719515
877708076
67403849
277496292
2358236409
877708076
2358236409
3515220803
454799703
1343500261982089216
325150281
64677507
1343500261982089216
277496292
2415957962
18970504
454799703
735764197380759552
122318779
1324347995303936000
1274716741
72365254
429985312
1343108783950737408
2644003750
618965660
2855541052
17272124
105901091
49294750
2415957962
49294750
2415957962
139997002
564527554
36362393
330296219
365635604
1308428186842169345
1308428186842169345
2415957962
1308428186842169345
1308428186842169345
1308428186842169345
2415957962
1308428186842169345
2415957962
1308428186842169345
2415957962
2415957962
18610189
2415957962
195073490
454799703
195073490
415701368
19764533
992118645768835074
941980603431505921
1324347995303936000
1241308942145392640
306426609
415701368
941980603431505921
941980603431505921
415701368
941980603431505921
415701368
941980603431505921
415701368
415701368
941980603431505921
415701368
603775254
172694845
26798240
14048665
1324347995303936000
1324347995303936000
876181612790153216
1221539816610914307
62121469
374402229
1245348190234255360
1308428186842169345
122318779
1115568007185616897
365635604
1324347995303936000
365635604
112428297
162672672
1314484336998191105
162672672
1241032817527619584
815188041308446721
2532762127
1073486504834592768
172694845
735764197380759552
248569306
392775746
62092544
2415957962
57064417
57064417
57064417
57064417
57064417
1161501897125191681
65619261
214414516
1206945301203951618
612972910
319072924
3175750240
64385966
319072924
3115258858
1096055512955793408
1148709864
33099288
2548072274
2415957962
1357041681867104258
838753427207380992
896286257453686784
38421714
174762419
725040449384275970
2601201715
2310295012
57064417
2601201715
38751278
27609853
34656014
57064417
38260259
57064417
2415957962
90818945
356740432
365635604
3175750240
110957512
3175750240
110957512
3175750240
110957512
3175750240
110957512
3175750240
110957512
3175750240
110957512
3175750240
1259367101132914688
3402488433
34656014
28073254
1308428186842169345
236403619
236403619
1308428186842169345
236403619
1550294624
2548072274
38451208
356740432
2548072274
915516061444866048
38260259
915516061444866048
38260259
193186935
38260259
63266077
356740432
236403619
1308428186842169345
398606542
1308428186842169345
1308428186842169345
1308428186842169345
222036996
1010128540015255552
2826237829
752523992058200064
752523992058200064
1308428186842169345
1308428186842169345
1308428186842169345
1965420942
1308428186842169345
1965420942
36172874
838111239750447104
293586346
473914976
38260259
34656014
21746816
18387289
1375044577
2290658585
941980603431505921
1158782291272982528
83831809
18387289
34656014
2290658585
992162588233527296
1158782291272982528
57064417
29928571
473914976
57064417
473914976
57064417
2841711645
2548072274
57064417
2548072274
57064417
43062590
365635604
44317501
838753427207380992
365635604
43062590
22067123
1527665370
2379259026
1744721
415701368
1744721
907850283195289602
537513668
1429890756
36307732
3175750240
21393069
1121338898448252929
1965420942
63266077
1174963883896795137
1965420942
1174963883896795137
1174963883896795137
1965420942
1174963883896795137
1965420942
1174963883896795137
454799703
235313649
235313649
454799703
4260193702
1173340108306755589
1109549240676769794
4701637044
365635604
154852059
365635604
365635604
154852059
154852059
365635604
154852059
365635604
2841711645
38260259
365635604
246310002
875262109
931345838131089408
112428297
910856132
454799703
910856132
18530679
454799703
18530679
454799703
910856132
365635604
58164809
38451208
365635604
454799703
1335706644
1375044577
63266077
1710202574
1375044577
211127601
103833985
103833985
306426609
365635604
103280252
103280252
1965420942
1965420942
1965420942
3175750240
1139230201953603584
756881286
756881286
806111645793665024
3048852564
454799703
46155346
454799703
44577324
976922158197891074
976922158197891074
1114628888834056192
72228773
915516061444866048
1368786451
195073490
103833985
38693061
38901264
2180608131
21396405
183356975
2180608131
55496543
34696385
3175750240
3175750240
34696385
47448389
32535843
19386796
32535843
1326123536
112428297
735764197380759552
365635604
66634122
26278467
26278467
3515220803
2437799525
2437799525
2437799525
26278467
3515220803
26278467
26798240
26798240
26278467
26278467
26798240
26278467
26278467
26278467
3515220803
2437799525
2437799525
2437799525
3515220803
219653856
454799703
954646879932952576
34696385
38421714
38260259
954273226699485184
172694845
2873711309
293586346
2548072274
38260259
38260259
30759351
30759351
30759351
30759351
32535843
112871323
112871323
32535843
30759351
112871323
454799703
112428297
454799703
132928477
152417367
3175750240
38901264
454799703
2873711309
520329893
735095665
204276552
2372074475
2372074475
262164620
4482843213
356740432
735095665
520329893
454799703
2418099208
2418099208
415701368
1433395334
1433395334
415701368
1433395334
199670339
2873711309
160480752
752523992058200064
38135837
949895537066696704
38260259
38901264
447271262
21393069
2418099208
717774036877623296
38901264
48154045
38421714
62310014
17704161
112428297
224240042
224240042
132516923
872448151378157568
485041702
415701368
485041702
415701368
415701368
2981103473
132516923
224388807
415701368
224388807
2485294956
596422929
63266077
160480752
2372074475
2372074475
14305137
130597727
14305137
844501405574549504
596422929
844501405574549504
38135837
38260259
596422929
64385966
48154045
735764197380759552
45531571
851705168
1148709864
1148709864
954411663167549440
93395265
454799703
489479693
838081680879529986
3175750240
1195765214
3175750240
3175750240
454799703
223812019
1175383656
1148709864
454799703
2332506214
103833985
285458354
285458354
32535843
188078681
47448389
285458354
400864184
400864184
74539103
47974057
45531571
2332506214
285458354
285458354
52662909
32535843
2332506214
20778180
60084776
20778180
2332506214
285458354
2332506214
285458354
2332506214
23414377
2332506214
2332506214
472851432
285458354
2332506214
2332506214
2332506214
2332506214
2332506214
2332506214
3088315030
2332506214
571841978
2332506214
285458354
285458354
2332506214
32535843
19538793
19538793
1513410282
1190182783
174762419
32535843
86194391
18628277
27845999
27845999
32535843
49073990
285458354
1364055900
32535843
45614100
19827241
571841978
1190182783
20582802
571841978
55496543
34242874
571841978
55496543
55496543
32535843
490191091
47974057
35162704
323250888
285458354
79163086
32535843
253018508
253018508
253018508
14432054
14432054
18901336
34703909
311899610
35162704
31196854
312600292
138160173
109465884
20582802
33008891
34242874
29928571
55541718
33892809
140423271
140423271
145650504
145650504
145650504
30622750
60652493
60652493
60652493
60652493
30622750
30622750
30622750
30622750
30622750
30622750
60652493
60652493
30622750
60652493
19827241
109465884
14432054
23414377
23414377
23414377
34037442
17813010
33008891
Result_count_tot:648