48974071
418200427
26708613
415701368
2290658585
415701368
2290658585
193340913
27695937
306426609
2771607179
78864889
223684700
415701368
2415646176
3103828582
415701368
3103828582
3175750240
3103828582
2317558679
19093203
223812019
57064417
2317558679
2317558679
2317558679
2317558679
2317558679
2317558679
19452766
57064417
26708613
21393069
20967934
26708613
1486094362782191629
992162588233527296
142613436
2415957962
142613436
2415957962
4892320882
4892320882
2362101866
1482799195929341953
1492746672308649985
26708613
122318779
518934246
390687348
365635604
26798240
518934246
122318779
951292596
4260193702
365635604
365635604
2600974059
2816843120
171463267
2472156079
2418099208
365635604
1338866706010140674
1275446147700518916
1185270297043329024
16575626
14694707
19334026
162672672
1469403303385706501
16575626
103097873
20854389
19334026
1443226724548988931
29716556
163145068
103097873
163145068
67403849
24886897
62121469
15473483
365635604
365635604
2970367533
365635604
365635604
62121469
365635604
28142174
1273966125160828928
365635604
197110573
2415957962
2415957962
30941476
2415957962
2415957962
365635604
707668606922915840
1343500261982089216
2196228910
908669832
72256129
72256129
365635604
58028047
38451208
58028047
58028047
114043368
966251334960902144
752523992058200064
1518809059
38451208
2600974059
58028047
38451208
148831635
148831635
2874398938
58028047
1323881456360251392
2644003750
197110573
38451208
197110573
2600974059
2874398938
946038681781047301
2600974059
365635604
38451208
765456692
58028047
68145512
2548072274
2548072274
38451208
2548072274
68145512
992688838987436032
68145512
992688838987436032
288414511
288414511
2600974059
68145512
197110573
68145512
38451208
381108636
992688838987436032
14214281
992688838987436032
992688838987436032
2600974059
38260259
38451208
2600974059
68145512
68145512
72256129
365635604
288414511
16930782
1949497680
365635604
238109168
426750416
238109168
365635604
2415957962
62121469
915516061444866048
2644003750
2644003750
915516061444866048
915516061444866048
62121469
2644003750
2644003750
110462639
915516061444866048
365635604
915516061444866048
1016326604987957248
806096173597622272
62121469
365635604
492428265
365635604
415701368
415701368
303486355
46979706
365635604
735764197380759552
2777949597
62121469
293224201
293224201
14574520
762738981305978880
365635604
49294750
365635604
365635604
906811824720547840
43941371
1156501430179639296
1041936320963203072
1324285369832058881
365635604
798997668
365635604
798997668
49294750
110462639
49294750
859370869
110462639
49294750
49294750
358175397
1258924800006926338
1002972024308994049
358175397
1002972024308994049
1630619161
358175397
49294750
1630619161
365635604
358175397
46782315
1324285369832058881
365635604
1630619161
365635604
49294750
49294750
49294750
1630619161
49294750
49294750
484378340
23582761
23582761
49294750
49294750
49294750
14048665
72256129
14048665
72256129
358175397
890691071570849792
890691071570849792
10126712
365635604
10126712
365635604
72256129
197110573
1048085844
38451208
197110573
365635604
72256129
365635604
2548072274
365635604
2548072274
365635604
10126712
4798966816
365635604
2548072274
365635604
38451208
365635604
2548072274
38451208
2548072274
365635604
365635604
365635604
1196461306712383490
411806483
4798966816
365635604
365635604
365635604
38451208
4798966816
139997002
365635604
365635604
2777949597
2777949597
1465765147
365635604
360533388
197110573
1430801970122657793
365635604
197110573
197110573
365635604
311314390
365635604
365635604
156201907
427801591
123796114
20008618
338335070
338335070
1172869273
62121469
365635604
197110573
365635604
197110573
365635604
1158750866029068293
54854379
365635604
1431223499318874113
60900925
365635604
62121469
365635604
489479693
365635604
827989402441936896
18360037
827989402441936896
18360037
827989402441936896
18360037
827989402441936896
18360037
827989402441936896
18360037
827989402441936896
827989402441936896
18360037
18360037
827989402441936896
18360037
365635604
138890465
248664858
1158750866029068293
62121469
365635604
136999700
781870120234803200
946038681781047301
365635604
365635604
115124092
2418099208
31419003
612972910
612972910
612972910
1208042953404497921
612972910
2771607179
38260259
955474624917188608
612972910
38260259
612972910
365635604
612972910
365635604
612972910
365635604
612972910
365635604
365635604
365635604
365635604
35683848
1427617782682751002
16575626
16575626
34619210
10107052
1037031822
390115172
571656776
16575626
571656776
20008618
108856784
3445004655
1308428186842169345
1308428186842169345
2415957962
1308428186842169345
1308428186842169345
1308428186842169345
2415957962
1308428186842169345
2415957962
1308428186842169345
2415957962
2415957962
2415957962
1068518672577097728
1343500261982089216
419197802
23084212
747870130772795392
360670784
23084212
15473483
360670784
23084212
941980603431505921
1241308942145392640
306426609
415701368
941980603431505921
941980603431505921
415701368
941980603431505921
415701368
941980603431505921
415701368
415701368
941980603431505921
415701368
603775254
1291497120348999683
1291497120348999683
1108345508916092930
1108345508916092930
395859253
1108345508916092930
219653856
839463769189335040
226544064
304331315
925397947340214273
1431016177
60891099
968865395561189376
3602084057
1364523009697013762
917545860203982850
1381702514156974081
1312554841202360322
1381702514156974081
1381702514156974081
887025504208990209
887025504208990209
887025504208990209
887025504208990209
1334574174115917829
887025504208990209
1392921173042810885
1381702514156974081
1381702514156974081
2271932435
1333458537306083328
921450497407619072
281640233
318676343
1128055262449942528
1157561853381423104
1157561853381423104
1128055262449942528
1157561853381423104
475257743
1526932544
632141211
421125838
4375335328
15848266
1417016088563486723
4375335328
860129059
279131939
4902444339
612972910
23084212
1241032817527619584
132290646
31111153
23084212
20701231
1343500261982089216
23084212
713990580
713990580
279131939
103097873
603775254
211129938
1404123031547662336
23084212
1331552161
1371477664691814402
1228439849083924480
211129938
23084212
156873214
23084212
156873214
23084212
156873214
23084212
69275559
30421352
26207988
1158703002259251200
1413817063139852290
2949875338
1413817063139852290
3403077976
3129875193
3403077976
1114628888834056192
3129875193
1413817063139852290
3403077976
3129875193
1379441828534091780
1379441828534091780
1224438623745060864
1433460657911914498
1228439849083924480
42385102
103097873
3308599215
384572225
3308599215
1359437138203451395
941368767006855169
15872682
796805869858148352
4097872618
1114628888834056192
14435466
1109862542560632838
1276242853094621185
1158703002259251200
977552661980512256
1314484336998191105
2718334706
1158703002259251200
1158703002259251200
1284553536928440320
162672672
233665155
4899208306
19334026
19334026
796805869858148352
1158703002259251200
746177006
30421352
16575626
30421352
940191986346266624
16575626
30421352
30421352
30421352
30421352
30421352
30421352
1228434081316311043
31007362
31007362
31007362
31007362
3129875193
273118166
2727239239
273118166
43101130
1302949797553491970
1628668224
1628668224
1628668224
1302949797553491970
1628668224
4482843213
2727239239
103097873
2727239239
212312734
414321157
4008584489
27438286
1628668224
27438286
27438286
1628668224
230910455
1302949797553491970
27438286
103097873
14174007
103097873
27438286
103097873
27438286
1362400037460979713
2881687349
1159432229073895424
1192930625155686400
404128466
404128466
1192930625155686400
1304839997036650496
117064710
176085590
19334026
30421352
977552661980512256
4482843213
274911017
497972401
1417016088563486723
1417016088563486723
1155396785587871744
34624176
30686053
2944320285
584384166
584384166
2180532753
1274598933579382784
13665432
34264811
34264811
497972401
2727239239
497972401
23176823
17997231
30421352
1109862542560632838
34264811
34264811
1239238620613087233
133798612
1165619804671225856
4008584489
1208924740179677184
2727239239
54972400
1343500261982089216
819487748
497972401
497972401
1298737602850435076
16144050
404128466
1413817063139852290
1159432229073895424
1409919653263073280
30421352
30421352
1224438623745060864
30421352
30421352
273333721
3121508429
3121508429
1243621045266980866
880511699207553027
880511699207553027
1417016088563486723
1348753882160181248
880511699207553027
103097873
2437291266
233665155
2437291266
16144050
2874173163
827604968475607042
2874173163
1228439849083924480
1343302026709630986
1192930625155686400
43101130
977552661980512256
103097873
1417016088563486723
1220295370229649409
62490519
18240207
880511699207553027
1207034400233447424
133798612
827604968475607042
185453179
133798612
827604968475607042
199407562
802234193350627328
907214403573035009
66664753
37979301
827604968475607042
1158703002259251200
1241032817527619584
40084122
1432993051
1241032817527619584
52033549
1432993051
1158703002259251200
1158703002259251200
1276320722269491200
14694707
960878850623328256
1235636288893718531
796805869858148352
960878850623328256
185453179
802509802173825024
103097873
307462679
27438286
1737141056
15343781
66664753
1619767424
1228419612645175296
1276320722269491200
1619767424
1343500261982089216
1737141056
72256129
96956524
1241032817527619584
825334635559268352
52033549
148382635
497972401
48794268
1165619804671225856
1276320722269491200
1241032817527619584
18240207
1628668224
1241032817527619584
1241032817527619584
1241032817527619584
1241032817527619584
1241032817527619584
27438286
27438286
27438286
3308599215
274911017
59569015
1380055712609538049
162672672
1379441828534091780
66664753
1379441828534091780
1379441828534091780
941980603431505921
52033549
344031866
1357054433784389636
36026971
27438286
1359437138203451395
828620824294879232
27438286
816993776
23176823
3103828582
1092716150427996160
66664753
797066324233060352
Result_count_tot:793