1007775554484031488
838081680879529986
427801591
1153250008071905280
838081680879529986
908588706
119046422
1172869273
281532180
58458828
469189813
2548072274
299830271
840567625100976129
1277857797611442176
1373724230873927689
238109168
509040127
1277857797611442176
1277857797611442176
1258503291174035458
1343500261982089216
76292859
614161467
292200400
1471227833255092227
1268113275868381185
1263976867
1487532388968243203
1450931506856316933
1487532388968243203
1450931506856316933
117019404
758748714659786752
311885289
1487532388968243203
4758150675
1106248180868567040
1106248180868567040
288341428
973915092
1343500261982089216
973915092
1263976867
1343500261982089216
973915092
1343500261982089216
1343500261982089216
1496162438558978048
1466101027040546816
26798240
62981377
62981377
1048931899324989443
227363686
3290096549
2850181869
1178969455575146503
2850181869
267325014
1362123413901426689
1362123413901426689
1485118037627838465
1243681584605278219
1243681584605278219
1243681584605278219
1243681584605278219
76292859
1443520866457956355
612972910
612972910
490173594
2362101866
2362101866
2362101866
1492746672308649985
1341331989769666561
238109168
1215926666578612230
1215926666578612230
1215926666578612230
1215926666578612230
62981377
62981377
1352086882943979522
142213666
427801591
2590058264
1041237779135397888
340421086
1343500261982089216
838081680879529986
1343500261982089216
838081680879529986
838081680879529986
391243055
356852568
356852568
1352086882943979522
4097872618
512447810
923679078
4097872618
522268751
619475949
512447810
1209777222321614848
4097872618
512447810
1268113275868381185
6512422
48357451
2391406278
2332472992
308956079
76292859
1093055499011059712
1239921716589182978
1352086882943979522
37722071
25669359
948556376116260864
47073928
1352086882943979522
1389272852264849417
1389272852264849417
54458415
1357054433784389636
464645247
35185203
114043368
23937836
163145068
23937836
122072320
23937836
35185203
163145068
18435641
114043368
23937836
23937836
122072320
1343500261982089216
163145068
23937836
33852061
1389272852264849417
70095021
426750416
62981377
45004633
542126969
357560558
1343500261982089216
14048665
337332303
76292859
1379472476703490048
428501896
816993776
21423985
1330109718384271360
985926334374383616
816993776
356852568
356852568
21689226
223812019
1362663147836997644
30941476
1362663147836997644
1362663147836997644
1362663147836997644
3012371014
3012371014
2850181869
801011654
69950027
69950027
333553994
333553994
1443520866457956355
801011654
67724181
2425458465
107360105
14617551
426750416
34972320
34972320
219653856
76292859
76716110
76716110
76716110
76716110
76716110
3130718106
76716110
364377121
76716110
76716110
76716110
76716110
76716110
76716110
76716110
76716110
23937836
19140661
19140661
76716110
76716110
3130718106
364377121
364377121
3130718106
3130718106
422628082
422628082
364377121
422628082
364377121
3130718106
76716110
364377121
364377121
76716110
31689568
913108153079910401
174762419
29928571
76292859
1198768523943849985
2850181869
2850181869
356852568
14287446
558062353
67309300
67309300
284025416
1974343254
776481272
6012852
2850181869
20611702
33667980
67309300
37761004
55450664
55450664
55450664
2850181869
20611702
902279702479560708
21904772
2850181869
2850181869
20611702
2850181869
20611702
20611702
20611702
2850181869
902279702479560708
21904772
20611702
20611702
2850181869
20611702
20611702
20611702
1041237779135397888
2850181869
21904772
462162172
20611702
37416154
34972320
155550336
76292859
292200400
571656776
13665432
95231913
33099288
2317558679
33099288
33099288
30241775
2317558679
224740201
38392595
224740201
163145068
558062353
1268113275868381185
265581656
48794268
1384163554119483399
306426609
20044495
33562987
1234752943083184130
265581656
1352086882943979522
1352086882943979522
196982811
28410803
28410803
28410803
23176823
558062353
1185903171140489216
1327779821770960896
112118916
356328343
752225858270662656
1177511242828849152
157295172
774559867851968512
1431318933605425154
1444012141669978129
157295172
1431318933605425154
28583873
752225858270662656
26207988
227100587
1949497680
551647462
551647462
222607681
293224201
551647462
222607681
551647462
67070886
1154056303301615616
159158744
57623954
159158744
489479693
57623954
1726887331
1154056303301615616
11259122
337332303
131293004
114043368
114043368
434203999
434203999
434203999
434203999
434203999
434203999
2881687349
159158744
3315227825
152213286
114043368
605490628
19762987
337332303
605490628
337332303
1154056303301615616
163145068
605490628
18475198
605490628
605490628
434203999
434203999
434203999
434203999
434203999
18043746
434203999
434203999
434203999
434203999
222607681
76292859
216843434
3587337442
76292859
3515220803
1343500261982089216
838081680879529986
1240005710311759876
19334026
274698441
1268113275868381185
489479693
18864959
1189972145952219136
18330543
76292859
1364604146
238109168
1413419691415121920
1340448982468866051
2313448980
1340448982468866051
20854389
227363686
227363686
20854389
227363686
998476071292035072
1085209501769318400
2313448980
1422725956364640257
1139577989564440576
1139577989564440576
542070097
427801591
2313448980
421125838
2313448980
2313448980
825801844488278016
421125838
2313448980
159584988
421125838
2313448980
2313448980
2313448980
2313448980
3125033591
1172869273
567566898
39217768
14901754
1169018354503471104
2325000927
107168339
6523962
26066874
1215926666578612230
238109168
2313448980
743049814611505153
1215926666578612230
2313448980
53188060
833800521601445890
34034031
102780687
3319450421
3319450421
3319450421
102780687
3319450421
19103
102780687
304041005
26207988
391243055
1334304192949669888
2417351493
23937836
2417351493
2417351493
2417351493
2417351493
2417351493
958780735
169662017
18897215
2417351493
2308216804
27126479
1404640106590375938
1085209501769318400
18864959
384472873
17448915
78335345
46373481
1275446147700518916
64017065
1093248857784418316
122072320
612972910
1343500261982089216
122072320
860129059
1352086882943979522
1037031822
630617448
39721232
5201311
1129978544967376896
984849357106270208
494403305
984849357106270208
4260193702
39239833
168508977
494403305
1343500261982089216
88332163
955474624917188608
337332303
1298737602850435076
88332163
337332303
26207988
26207988
758388160699269120
21689226
138890465
174762419
18330543
174762419
1219343303130468352
21689226
435258157
281589495
281589495
281589495
281589495
3515220803
281589495
281589495
281589495
281589495
388148354
159158744
281589495
281589495
281589495
235309323
219653856
3515220803
571656776
23785168
30941476
23785168
23785168
350954507
265581656
350954507
265581656
265581656
1371560561301983239
67858564
312829113
1373724230873927689
571656776
1001338838
1001338838
46081160
295361148
295361148
295361148
1290338496796917760
1294327353334738944
833800521601445890
46384158
571656776
2850181869
3300287207
1382018952595972100
1371560561301983239
1288762852346560513
944602050
1288762852346560513
944602050
2248451011
1269386606072430593
1288762852346560513
1269386606072430593
2248451011
1269386606072430593
2248451011
1288762852346560513
1269386606072430593
1288762852346560513
2248451011
15872682
1288762852346560513
1269386606072430593
1371560561301983239
15872682
1371560561301983239
1288762852346560513
281589495
1269386606072430593
1288762852346560513
2600974059
1269386606072430593
1288762852346560513
1288762852346560513
14509189
619475949
27836738
619475949
2723308582
265581656
2723308582
365656064
195073490
103097873
14225413
1390785205393367047
1412853249426722818
48794268
2540482822
48794268
2590058264
2248081674
26191871
925538612
2248081674
1625238223
513661118
95238065
123669991
792605850
885444640127823873
339324653
339324653
339324653
571656776
339324653
339324653
339324653
339324653
339324653
339324653
339324653
339324653
865607970121535488
1103185636331347969
542126969
53876028
273118166
1386656857801076737
1386656857801076737
1386656857801076737
1386656857801076737
1386656857801076737
1386656857801076737
1386656857801076737
1357636089733873664
1628668224
1357636089733873664
1357636089733873664
1628668224
1357636089733873664
1628668224
1628668224
1357636089733873664
1357636089733873664
1357636089733873664
1357636089733873664
2723308582
1276320722269491200
2723308582
1357636089733873664
1357636089733873664
2723308582
1357636089733873664
318901745
53876028
2723308582
32816797
32816797
3515220803
32816797
32816797
233665155
3515220803
19334026
32816797
19334026
3515220803
32816797
3515220803
2723308582
2723308582
3515220803
2723308582
1357636089733873664
3331291665
132652886
132652886
268422844
2346937571
1343500261982089216
571656776
1223281241895686145
1357636089733873664
1357636089733873664
1037031822
1276320722269491200
1238802143131426816
1357636089733873664
816993776
1102159628719271937
2723308582
156873214
1357636089733873664
76989641
796805869858148352
796805869858148352
796805869858148352
796805869858148352
796805869858148352
1155396785587871744
1313107308545740800
23292310
1208924740179677184
23292310
1276320722269491200
23292310
1276320722269491200
16144050
1417016088563486723
1313107308545740800
2718334706
2723308582
48794268
132499217
3648353960
3648353960
1274598933579382784
2495748519
2495748519
14296145
976222474923896833
132499217
976222474923896833
976222474923896833
976222474923896833
132499217
1109862542560632838
2723308582
976222474923896833
96956524
2176218917
2176218917
2176218917
3648353960
53876028
2999569138
1324019953926897665
53876028
18475198
46106058
53876028
18475198
53876028
15872682
35733102
1234862083138822146
1234862083138822146
2176218917
358175397
358175397
358175397
358175397
31362764
1234862083138822146
163145068
122072320
235139874
163145068
235139874
163145068
37416154
558062353
163145068
358175397
1234862083138822146
358175397
1234862083138822146
31362764
1234862083138822146
1343500261982089216
95238065
95238065
1234862083138822146
1234862083138822146
35178863
2723308582
14062842
3648353960
1215926666578612230
1215926666578612230
21864137
2718593403
2718593403
825334635559268352
19334026
2718593403
19334026
825334635559268352
802843822271168512
802843822271168512
802843822271168512
802843822271168512
81578629
802843822271168512
21864137
802843822271168512
802843822271168512
81578629
802843822271168512
1362331039
21864137
21864137
103097873
545394515
103097873
103097873
545394515
3587337442
1409284000405917707
1409284000405917707
1409284000405917707
1409284000405917707
1409284000405917707
1409284000405917707
1409284000405917707
1409284000405917707
1409284000405917707
1409284000405917707
1409284000405917707
1409284000405917707
Result_count_tot:837