470288466
1278779333486706688
703547894
6058832
2942170702
765795116212744192
246473420
27718077
1352086882943979522
226750643
76989641
950364538188296192
21936101
1013066277542297604
2250607685
1013066277542297604
2250607685
1013066277542297604
1013066277542297604
918735913106239488
19330445
509958717
918735913106239488
950364538188296192
950364538188296192
2883590932
950364538188296192
210778363
950364538188296192
950364538188296192
120183536
950364538188296192
1343500261982089216
950364538188296192
120183536
120183536
1389838586
3107195583
120183536
868923554
1469403303385706501
3345617697
88332163
88332163
812431372174454786
88332163
762368207097397249
248385045
14285368
816993776
38033026
59569015
38033026
59569015
59569015
59569015
2590058264
1305904232
119158200
192273401
747811723
22767441
239484275
227966733
835028684
2680006424
1290793285708111872
3579740657
40025776
55258706
1352673470220537857
1306877375536398337
155694288
174762419
34571000
1500332888084131842
1324908951088082949
96191122
2772824557
58477132
15518336
2942170702
1175731591307571200
1464668358
1406974932958040064
1061404497501667329
1406974932958040064
1238413946
1630778671
1630778671
332914784
1448598260847980546
26451758
21936101
46782315
1338522338
765456692
34972320
921362574
832531032268222464
1241032817527619584
98434549
1352086882943979522
2284500237
878524436
897609691
1338866706010140674
806096173597622272
174762419
1406974932958040064
3165339778
603775254
3165339778
378746752
4436894855
55258706
131293004
1176560948049567744
131293004
1176560948049567744
131293004
131293004
131293004
239889295
37761004
18844062
16144050
16144050
29676425
4259545109
948869413314416640
37416154
948869413314416640
29676425
3178221399
3178221399
20611702
469189813
3178221399
243192799
3373564096
19762987
20611702
20611702
19762987
19762987
18006431
19762987
4846803291
20611702
2999569138
18006431
18443986
918735913106239488
363102771
363102771
17216268
19762987
1443520866457956355
116872803
3129875193
19939667
1337797928
1089051850832338944
20611702
915905738559623168
5117631
3130718106
1342246146
1342246146
1342246146
1138517740891889671
2870559848
1330892617903726593
381977950
149253205
31382645
2590058264
284025416
273118166
57832321
17997231
19764533
1298737602850435076
31976183
1258636029436858368
1536897896
1258636029436858368
1536897896
1258636029436858368
1258636029436858368
1536897896
1536897896
1536897896
1258636029436858368
27877065
2850181869
20582802
1298737602850435076
34785068
1343500261982089216
31419003
174762419
55258706
1330892617903726593
1258636029436858368
1536897896
1258636029436858368
1536897896
1465311493143076872
1448379760636219399
16575626
29691032
65589288
2794003500
1258636029436858368
42695443
2414075550
322244820
72673185
1319919082431537152
313403883
1269996515654864896
46782315
434203999
26710942
2329033481
267848594
1152314963345772549
966666031166054400
966666031166054400
966666031166054400
159158744
269318103
31976183
66435424
284025416
23925022
20576681
1268113275868381185
14214281
1268113275868381185
610804764
27836738
984849357106270208
765770892
765770892
294000916
30891457
477647492
51578730
120183536
1278779333486706688
1179132092455759877
20611702
784507090551406592
20611702
1389838586
2385410748
2385410748
87551526
3130718106
24158592
110866560
26885200
1263976867
17187058
2991881739
96956524
96956524
96956524
1129978544967376896
96956524
96956524
219653856
1129978544967376896
1129978544967376896
1129978544967376896
426750416
839784386698555393
1406974932958040064
23737789
120183536
1268113275868381185
1120744894203609089
2458399581
2991881739
946038681781047301
3149325845
2287362827
950364538188296192
2991881739
134755464
84530473
4846803291
47646982
227100587
14214281
791538236
1208042953404497921
30686053
159158744
858496435
46782315
42844683
37416154
174762419
434203999
1268113275868381185
37416154
174762419
23925022
112871323
88409063
385881449
23925022
27609853
64383802
429985312
791538236
355348269
3107195583
13241742
28611543
14288037
261852783
261852783
495911241
3214681305
53876028
560132908
427592195
2265060447
322826051
483164646
429016557
3107195583
1394910253
13241742
13241742
15033759
414693833
13241742
414693833
13241742
414693833
13241742
13241742
193463414
16144050
174762419
66435424
414693833
968519761129766912
15033759
968519761129766912
470288466
32349734
19017103
84842549
31976183
878524436
1343500261982089216
858496435
20582802
1464466166
2214354255
13241742
13241742
44591516
13241742
414693833
13241742
19017103
355348269
271094740
19768292
271045372
478072616
271045372
230474279
230474279
230474279
15230565
1343500261982089216
230474279
355348269
1343500261982089216
230474279
19017103
32961236
791538236
19017103
414693833
13241742
55450664
414693833
13241742
414693833
1343500261982089216
414693833
15230565
1343500261982089216
1343500261982089216
15230565
15230565
1343500261982089216
15230565
13241742
1343500261982089216
271094740
159158744
1096055512955793408
1179132092455759877
1338522338
1287439965211721728
1029415540694179841
174762419
784413107624042496
1366830344
192273401
192273401
19501332
2772355264
968519761129766912
138353232
138353232
551730401
3107195583
804132241
804132241
804132241
138353232
138353232
804132241
804132241
116159118
138353232
252194388
1181294276879294465
168713298
340421086
1193231365132697600
804132241
1352673470220537857
138353232
804132241
1372588717882359810
138353232
420551325
284025416
402614613
950364538188296192
1344308387929063432
3107195583
476591541
20989035
3413490065
2708009307
38033026
14894302
4836064754
1352086882943979522
98434549
387842834
387842834
2590058264
2306330290
112188748
329031283
159158744
34571000
17066475
30257547
81488726
252556773
788672160185344000
86439347
307306463
620392738
918735913106239488
481401647
481401647
31985845
2560618001
2446833296
21670880
576587453
125960653
197110573
1298737602850435076
538491906
632335737
62862693
1062665497
1325744204
832879977100095488
5890332
76989641
197464906
267204162
1284122030
1676606604
219653856
85666077
1362331039
271094740
27714681
986599884341080066
986599884341080066
617335636
1344308387929063432
922398576772308992
477061627
197110573
791538236
1268113275868381185
53876028
353224539
878524436
1458890031435862021
116872803
18555748
522268751
2214354255
3082854989
38822086
356743579
59187859
59187859
159158744
1717294334
3082854989
1447040960
159158744
1447040960
3082854989
19764533
55258706
28319144
23934018
355348269
1343500261982089216
159158744
1319919082431537152
388132833
2600974059
62524886
62524886
1343500261982089216
44983912
18669139
44983912
377551958
926595277997465600
59569015
3074396561
227100587
261852783
17187058
398606542
420551325
44983912
1037031822
1037031822
1037031822
2265060447
2265060447
20611702
420551325
20611702
1461494634564268043
374680208
122072320
1271400819364110337
20611702
20611702
1138517740891889671
41585515
1347422678
1744721
37788958
560132908
1099246862220046337
235309323
1447040960
209619890
1268113275868381185
765795116212744192
263727579
1343500261982089216
393448735
3082854989
42844683
42844683
17997231
950364538188296192
138353232
2418099208
340421086
1543506013
1543506013
1448598260847980546
311314390
1152314963345772549
41595048
2504039479
49336316
802974361
1344308387929063432
841058717105868803
120183536
841058717105868803
2176218917
2176218917
950364538188296192
1466126028099796992
20611702
42844683
42844683
14617551
42844683
1466126028099796992
20611702
1443520866457956355
195073490
812431372174454786
812431372174454786
19389900
26451758
55258706
2333828866
522268751
714203095002124289
849303039496392704
2487318846
26451758
484888944
2874398938
20582802
458440748
3130718106
174762419
3130718106
458440748
107360105
718349821153832960
961135976
718349821153832960
961135976
26708613
18897215
18668413
18425625
18668413
18425625
18668413
18425625
120183536
2548072274
26451758
1366830344
111702288
3393427643
30241775
29677294
29677294
29677294
42844683
37523174
86439347
1179132092455759877
1324373490506584068
35124725
542070097
41833480
837377346
469396456
1190574860533190656
755182573
88332163
866957533
1143974095
19018191
785910216915243008
986118914
2208555190
124407750
19018191
311937108
22814965
1311175608
304349283
519885607
249262359
249262359
249262359
1316843796953522182
209619890
319770046
26606590
17606518
484888944
17606518
30686053
1213549322039513088
83673263
17606518
17606518
17606518
30686053
30686053
30686053
30686053
284025416
1338522338
219653856
Result_count_tot:717