895214544313876480
1275446147700518916
2188877355
31379089
2188877355
270462799
1031912178306220033
2394537301
76989641
76989641
2214354255
1275446147700518916
414693833
23573509
1622142230
31379089
414693833
31379089
968955060
968955060
1622142230
31379089
414693833
269318103
31379089
414693833
31379089
1421020934668959746
2958325581
1258026092
1445826008830054403
1037471330
34941106
3048852564
317101757
34013960
1482401123407388675
214809052
1482401123407388675
918901868
1205100582
1362544471
69275559
1351599969615147009
478553827
854289730812297217
24746466
1443520866457956355
365379334
1358879749507006465
33874083
21423985
1171761988697042944
2812776498
1515824094
615476387
780084102280208384
288374984
631861885
3094010496
214809052
1024370707315216384
1515824094
18773541
1294248670993547264
827799606
2580277570
72245600
17958927
18061771
45791579
18061771
908669832
1290914712566337538
908669832
1294248670993547264
918901868
38033026
203470976
38033026
38842425
575398242
826154870021431298
1432993051
1920493537
20767071
37409274
135173461
183225266
1294248670993547264
237260418
1143974095
2313448980
21281142
26798240
2874790725
1172436549318791168
821419
41908037
603775254
201646403
18773541
18520064
123504602
2925842572
398244288
953748657190440961
1074623689700843520
1432993051
1432993051
1432993051
193463414
1432993051
1432993051
1074623689700843520
766034152869224448
953748657190440961
1630778671
1379441828534091780
3103828582
3103828582
41595048
4846136139
4846136139
20366788
422628082
18475198
56689133
1015217707891949568
603046213
193463414
30941476
719239930279538688
23573970
93048819
1513333748
376149624
2313448980
193463414
1432993051
193463414
193463414
1432993051
1432993051
1179132092455759877
719239930279538688
15033759
171211471
171211471
273555252
1330973957583933443
1432993051
1432993051
1432993051
15033759
880511699207553027
273555252
3048852564
1419043035501973509
1432993051
1422853141419147266
1241308942145392640
1134224611015569410
1432993051
237260418
171211471
1432993051
237260418
171211471
1208924740179677184
1432993051
60868457
60868457
2313448980
1432993051
2313448980
1432993051
1169018354503471104
2313448980
1432993051
1241032817527619584
2364874091
960878850623328256
2313448980
2313448980
960878850623328256
72256129
1241032817527619584
1276242853094621185
1409919653263073280
103097873
2873011153
296159942
365604680
1117845517910839296
3131657363
1432993051
3131657363
398530879
1162187634
31399492
475172955
22989809
1129978544967376896
171878068
1133781622485135361
2532762127
34941106
87666695
148686363
304041005
9695912
34941106
41908037
970013578769108997
214809052
148686363
23925022
38901264
742548835
4503520823
742548835
365635604
62121469
376173916
460042429
475172955
343328555
159071409
214809052
47134635
62524886
9695912
31007362
2532762127
273555252
18716146
22475991
95238065
4503520823
95238065
95238065
60868457
20301193
32535843
41908037
1185270297043329024
1162505536488841221
908669832
1024370707315216384
992162588233527296
1024370707315216384
148686363
269777232
18627984
881866381586771969
375518355
3432631919
30739418
30739418
39718750
992162588233527296
38663930
1432993051
992162588233527296
440702018
971076507786469377
846663964406824960
39480304
360533388
440702018
867685740
846663964406824960
1070780009042898945
30941476
227241501
282665540
227241501
106471967
3413490065
30941476
920705575943639048
1350448732043681794
867685740
1275446147700518916
1275446147700518916
1275446147700518916
473822717
1275446147700518916
473822717
1275446147700518916
1125479276336308225
1185270297043329024
1125479276336308225
422628082
217060322
34165887
217060322
217060322
34165887
217060322
295361148
269777232
828927205837246464
198184204
846663964406824960
288414511
915516061444866048
288414511
288414511
288414511
288414511
288414511
915516061444866048
288414511
915516061444866048
288414511
915516061444866048
1125479276336308225
460042429
846663964406824960
39480304
39480304
4848320060
1185270297043329024
4836064754
88678107
2718334706
1252344496819404800
846663964406824960
17778782
2532762127
522268751
243578283
873304134
218884515
1125479276336308225
269777232
846663964406824960
846663964406824960
1324285369832058881
1125479276336308225
74677398
460042429
9695912
227241501
227241501
273555252
2466596618
273555252
273555252
2466596618
273555252
2466596618
273555252
2466596618
273555252
273555252
2466596618
273555252
18716146
41908037
227241501
4836064754
76884233
873304134
2729147326
25336045
14291120
28312207
72645772
941980603431505921
915516061444866048
915516061444866048
941980603431505921
398606542
342890658
915516061444866048
460042429
39227903
1125479276336308225
911666448908607488
2467422757
84341321
136567111
421368016
15895694
411806483
78864889
992162588233527296
21904772
19337187
193186935
2917410415
49774380
2290658585
460042429
269777232
28090915
82825318
873304134
82825318
873304134
846663964406824960
31405598
1164910483398438912
2925842572
1171089481568595968
1185270297043329024
1185270297043329024
27877065
1185270297043329024
27877065
1185270297043329024
27877065
1185270297043329024
27877065
1125479276336308225
1185270297043329024
27877065
1185270297043329024
27877065
1185270297043329024
27877065
1185270297043329024
144601992
992162588233527296
27877065
1125479276336308225
27877065
1125479276336308225
1125479276336308225
1524490177
27877065
271094740
1125479276336308225
992162588233527296
846663964406824960
14285368
840150146440613888
1125479276336308225
1432993051
18387289
240581865
369080489
240581865
4283437995
1028029770427248640
4885135192
474070514
78058188
938093832603865088
139121472
1705451886
966251334960902144
2619183836
1053986654514569219
71283764
836606525850419203
288341428
966251334960902144
140878985
966251334960902144
473822717
935793180171292672
3412083531
897848198882111488
1165402768993132546
1165402768993132546
2726528952
103951353
3412083531
14735135
37578531
28988403
872149525565145089
1287058573391007749
2726528952
802572180328501248
34941106
34996638
2874790725
1148709864
1148709864
1148709864
867685740
603775254
271094740
230649466
1192785575260119040
39718750
2871726720
39718750
947447935
288699652
846663964406824960
1432993051
917545860203982850
1232742531621892096
1263976867
1232742531621892096
1263976867
1232742531621892096
2341869265
873304134
32535843
62524886
867685740
2313448980
1462945333
867685740
217060322
386464156
280183942
1288493332642111490
4885135192
295361148
110696910
35186651
971301140083113985
873304134
2155744680
387118980
1133781622485135361
2803213730
867685740
22475991
39480304
867685740
1143974095
132506283
848824298
846663964406824960
867685740
761541476
14196264
229763503
761541476
229763503
761541476
229763503
761541476
229763503
761541476
54873729
2925842572
867685740
332203488
846663964406824960
867685740
54873729
873304134
846663964406824960
838081680879529986
414320817
414320817
832250449088618498
848824298
846663964406824960
269951402
867685740
269951402
867685740
846663964406824960
390687348
390687348
24475435
390687348
24475435
846663964406824960
867685740
901979438
373272300
2925842572
846663964406824960
397403735
387118980
1317357973
14121971
1317357973
1317357973
239541918
1317357973
18716146
20667905
387118980
387118980
1102862541573767168
470364575
470364575
2925842572
470364575
470364575
20546839
74539103
873304134
470364575
32535843
199059928
752523992058200064
752523992058200064
1024370707315216384
1002972024308994049
1024370707315216384
1024370707315216384
777762356847837184
728247826262667264
57592947
287240039
474070514
474070514
474070514
474070514
575290137
575290137
882967080
2855541052
163425145
3579740657
3579740657
39083148
39083148
1641482785
322810558
30725739
776171614618681344
55450664
329031283
1197164229356400641
55450664
1641482785
1197164229356400641
1162505536488841221
377551958
377551958
377551958
61340005
2316777825
873304134
899010525136388097
485041702
159158744
2767349669
55450664
710011108
776171614618681344
18475198
61340005
1165402768993132546
25669359
18475198
485041702
1174885878
3393385137
863073687855149056
485041702
18475198
873304134
486899089
40873211
1220005317179793409
47448389
1201941409
545394515
36038441
18475198
36038441
18475198
715834782
59580884
167731243
320683924
36038441
470364575
31389952
612972910
304041005
31007362
1185270297043329024
776171614618681344
901921784177586176
34941106
76610050
863073687855149056
863073687855149056
1432993051
570744394
466356335
584107111
825011481976639489
584107111
899010525136388097
136184787
136184787
14368179
136184787
95238065
14420387
14420387
24475435
429985312
873304134
24475435
2619183836
873304134
9695912
16779119
1041276467269709824
18716146
946038681781047301
946038681781047301
18716146
18716146
34231784
54999662
2953299622
2953299622
19184781
387118980
580740355
35186651
47974057
35186651
60868457
47974057
47974057
88656311
31007362
18934005
47974057
545394515
218884515
3664373896
60868457
923859120276541440
923859120276541440
923859120276541440
19263926
188078681
714919777
873304134
714919777
563559770
194248178
1125104054881923072
1125104054881923072
473822717
3579740657
871705960418615296
962295799521607680
35186651
998308778926903303
1231820270
2733434291
897848198882111488
71283764
489479693
224248943
473822717
31007362
31007362
2397637223
900373029376733184
533093400
32535843
822567872450953217
1148709864
3412083531
873304134
935793180171292672
3412083531
24475435
935793180171292672
24475435
4885135192
935793180171292672
40025776
873304134
862908228
752523992058200064
504496562
422746606
Result_count_tot:782