2572733922
2572733922
2572733922
279251607
279251607
279251607
279251607
973869990
279251607
244983461
279251607
244983461
24938748
279251607
279251607
24938748
149806757
226281624
226281624
279251607
876303781
1172011488795643906
250095166
279251607
560965705
279251607
57592947
1382743280
279251607
529713766
1463438170670858247
1658364973
3107195583
283626212
1409868256417128456
4819251975
19285789
314081431
34972320
1311576901518077952
34972320
34972320
560965705
111060431
31976183
40025776
31976183
190766364
1041237779135397888
1120744894203609089
1120744894203609089
1041237779135397888
1120744894203609089
39239833
560965705
36362393
1192479630701289472
1443520866457956355
1443520866457956355
1252937001214644224
55528242
55528242
55528242
55528242
55528242
969372752540037122
314081431
55528242
969372752540037122
314081431
969372752540037122
314081431
55528242
969372752540037122
55528242
55528242
969372752540037122
36124905
55528242
55528242
969372752540037122
314081431
55528242
969372752540037122
55528242
969372752540037122
314081431
314081431
1103185636331347969
2980929738
41805859
333903537
783166735696400384
34972320
560965705
560965705
1545946591
1209885566743040001
1545946591
1148709864
37275216
1410173753590534144
29659136
1294248670993547264
583607156
24158592
440209308
42193543
88332163
333903537
333903537
333903537
20611702
21936101
20611702
333903537
20611702
20611702
710627162
31976183
782848396461834240
1328441146327126022
1328441146327126022
969372752540037122
31398221
2532896571
2532896571
2913912754
2913912754
2913912754
1343500261982089216
31398221
24158592
328445838
328445838
969372752540037122
333903537
262164620
752523992058200064
752523992058200064
19762987
98362144
626030756
1074780757
889992356690362369
19762987
19762987
19762987
19762987
19762987
24158592
889992356690362369
1275446147700518916
3351661713
51103171
2941115770
328445838
42952731
328445838
328445838
45531571
2826065163
969372752540037122
45531571
55528242
328445838
55528242
55528242
314081431
55528242
969372752540037122
969372752540037122
328445838
328445838
55528242
328445838
328445838
328445838
969372752540037122
55528242
969372752540037122
55528242
969372752540037122
969372752540037122
55528242
328445838
55528242
55528242
18628277
45531571
889992356690362369
735764197380759552
98362144
1083833521582546944
889992356690362369
735764197380759552
3178221399
3178221399
1083833521582546944
735764197380759552
28166942
24158592
24158592
24158592
24158592
24158592
1896734448
34305486
24158592
24158592
328445838
328445838
328445838
24158592
179050190
2656778349
2656778349
328445838
1167434089416278018
864391304
55528242
969372752540037122
969372752540037122
1063972498721697795
4127946221
314081431
314081431
4127946221
55528242
55528242
314081431
55528242
314081431
55528242
24158592
24158592
1063972498721697795
2912347067
3297702209
55528242
14426025
34972320
24158592
282777998
864402386680414208
1126198074
187219986
131329180
1126198074
14426025
180777812
2958809229
117859085
117859085
1536856958
30739418
440209308
440209308
40323227
607294673
14426025
328445838
14426025
351918692
14426025
308565504
14426025
4127946221
944067150
4127946221
4127946221
944067150
4127946221
4127946221
55528242
524326247
45531571
24158592
81072853
440209308
440209308
440209308
55528242
55307307
278787680
55528242
55528242
524326247
55528242
55528242
81072853
81072853
81072853
393259671
14426025
81920194
81920194
590229061
1332360120
55528242
131329180
1332360120
1332360120
55528242
261427535
27837029
202358449
440175885
202358449
45531571
45531571
440175885
42100413
554466061
524326247
42100413
55528242
55307307
42100413
261427535
131329180
4127946221
308565504
4127799555
270092321
440175885
440175885
4127390476
308565504
1332360120
308565504
308565504
45531571
45531571
45531571
38885139
38885139
25264938
308565504
25264938
25264938
25264938
2978119762
361852315
24746466
370913131
370913131
370913131
440209308
440209308
50801293
31728646
381064674
39239833
328445838
328445838
39239833
55528242
55307307
3007449694
440175885
440175885
33008891
3007449694
865365792
18016543
18447095
402644147
55528242
55528242
328445838
370913131
440209308
55528242
55528242
55528242
308565504
308565504
31728646
55528242
444541588
612664952
328445838
328445838
103433416
308565504
308565504
308565504
308565504
45531571
263365721
45531571
524326247
263365721
440175885
263365721
55528242
864391304
308565504
524326247
34599188
864391304
1937511163
179050190
216288282
216288282
216288282
308565504
36705949
24158592
1479509736
38265914
1039325798
770132330
1039325798
770132330
402644147
338209422
101759519
45531571
68446493
68446493
24158592
131329180
864391304
1076581284
916703766
402644147
916703766
402644147
402644147
402644147
50801293
93914726
216789562
381064674
131961521
24746466
328445838
328445838
328445838
29928571
55528242
55528242
55528242
38265914
28166942
28166942
55528242
55528242
55528242
55528242
55528242
308565504
308565504
36705949
36705949
36705949
308565504
308565504
36705949
865365792
342954181
29928571
29928571
31186850
31186850
55528242
1198189740
28166942
28166942
24158592
24158592
24158592
24158592
24158592
328445838
50801293
28166942
28166942
38265914
356740432
36705949
38885139
38885139
38885139
308565504
29928571
1103808170
1103808170
55528242
55528242
55528242
24158592
477643223
55528242
216288282
55528242
477643223
308565504
328445838
440175885
56658386
477643223
216288282
216288282
55528242
55528242
131329180
612664952
55528242
612664952
45531571
55528242
55528242
45531571
45531571
55528242
612664952
45531571
45531571
363888343
363888343
131329180
131329180
131329180
59285702
131329180
131329180
131329180
131329180
131329180
131329180
477643223
28166942
131329180
24158592
24158592
131329180
131329180
113624743
113624743
864391304
131329180
864391304
24158592
24158592
789168097
103433416
24512565
477643223
50801293
24158592
24158592
864391304
17251024
27845999
328445838
864391304
243087788
243087788
243087788
50801293
50801293
50801293
50801293
477643223
477643223
55528242
342954181
477643223
463005332
45614100
24158592
864391304
38265914
45614100
45614100
45614100
45614100
45614100
45614100
45614100
864391304
38265914
38265914
328445838
38265914
38265914
103648893
24512565
24158592
67311520
50801293
24158592
243087788
24158592
356202844
414291815
103433416
565508143
24760158
36025548
434612457
209685265
356202844
356202844
369711856
50801293
369711856
369711856
369711856
304926487
24158592
434612457
434612457
597863088
380340761
369711856
597863088
597863088
597863088
597863088
50801293
50801293
24158592
434612457
50801293
50801293
50801293
149683976
50801293
149683976
149683976
149683976
34222173
482294318
482294318
463005332
308565504
50801293
597863088
149683976
149683976
482294318
380340761
434612457
434612457
50801293
103648893
434612457
597863088
597863088
149683976
149683976
50801293
24158592
50801293
50801293
304926487
50801293
50801293
414291815
434612457
24512565
24158592
149683976
24158592
369711856
149683976
50801293
189225906
369711856
369711856
50801293
50801293
50801293
369711856
414291815
50801293
50801293
369711856
50801293
531364908
Result_count_tot:684