1328103759201902593
1258503291174035458
76292859
921362574
822964671305121792
822964671305121792
555402051
6706182
822964671305121792
1403636393570672641
325150281
155027569
1240005710311759876
1060159897550118912
168508977
90848755
27836738
141744721
76292859
822964671305121792
2362101866
2362101866
2362101866
2362101866
1492746672308649985
822964671305121792
238109168
1114628888834056192
103097873
1030361539285577728
612972910
81578629
325150281
34875774
822964671305121792
810439669
6512422
1072055971025948672
76292859
1451558967100968961
1165402768993132546
1518809059
908669832
1024370707315216384
3354083716
95238065
863073687855149056
136939611
38033026
4114844583
412417270
1216061304445849601
56044169
1518809059
1518809059
1445578000037138433
1445578000037138433
55813241
108097143
76292859
2874398938
1518809059
3248864326
1024370707315216384
1165263949471895552
1518809059
243578283
4798966816
1185270297043329024
1024370707315216384
2537978100
2537978100
603775254
268311316
1208042953404497921
17272124
57592947
337332303
122195535
29676425
1486193730
1024370707315216384
1391344471422476289
340625008
1024370707315216384
26207988
1402987712257216530
822964671305121792
2850181869
1343500261982089216
908669832
1518809059
76292859
1235293230377447424
2481844412
1016326604987957248
1024370707315216384
1363934191
908669832
1467605534660571242
46846624
228127994
111974180
863073687855149056
966251334960902144
219653856
76292859
45565440
174762419
915516061444866048
820906803630313472
854289730812297217
76292859
1198768523943849985
81578629
2481844412
2481844412
870482965
820906803630313472
908669832
619475949
820906803630313472
908669832
820906803630313472
908669832
820906803630313472
908669832
820906803630313472
908669832
512447810
1268113275868381185
14214281
2987131576
170023589
76292859
58458828
1038441222862528512
1024370707315216384
908669832
238109168
51103171
1384163554119483399
1496305862
4419702995
998476071292035072
1045977844755681281
19881538
2933655431
33623709
1109941264336719872
908669832
1041276467269709824
58164809
1313107308545740800
603775254
908669832
1357278818
1399069041042542597
908669832
33623709
35019895
4798966816
333903537
2874398938
2980929738
2980929738
3307398131
297040631
749584399105130497
2980929738
749584399105130497
266505086
619475949
619475949
327312980
265581656
2980929738
619475949
998476071292035072
289545362
998476071292035072
397943559
76292859
1177511242828849152
705848240353189888
4798966816
1037031822
1216054041345740800
1216054041345740800
3235594929
1312068492
3587337442
76292859
1362544471
1290914712566337538
96713177
239541918
356853975
1317222319
1343500261982089216
80109709
99347701
2481844412
1114628888834056192
1114628888834056192
489479693
18864959
1184894840087175170
1384163554119483399
18330543
612972910
76292859
1422624319168032776
238109168
81381193
37163781
915175551706464256
258535212
51473040
135173461
371736477
37409274
1362544471
3048852564
192889718
67845970
238109168
369080489
238109168
369080489
238109168
369080489
238109168
369080489
238109168
369080489
29753796
238109168
1056639852748460032
2481844412
26710373
248598024
2180532753
1374598804612202497
1422624319168032776
1362544471
317101757
1630778671
393448735
2481844412
1346751896174927873
400864184
1346751896174927873
400864184
1346751896174927873
400864184
1346751896174927873
400864184
400864184
1360619593
1346751896174927873
1360619593
1346751896174927873
400864184
1346751896174927873
1346751896174927873
1346751896174927873
400864184
1164065309772451840
1360619593
1346751896174927873
1300008530540363777
940191986346266624
1041276467269709824
1041276467269709824
1314484336998191105
1346751896174927873
1360619593
1346751896174927873
1275457709702348800
2333828866
27314433
807629196
1733640986
1343500261982089216
1343500261982089216
135173461
1294248670993547264
64366720
847136392731901952
1362544471
42629776
1314489181553520641
116803942
442711232
35523591
18864959
2481844412
4493731875
2481844412
1470607100
2481844412
838081680879529986
319228928
2428550390
704059680
1313107308545740800
1241032817527619584
229191205
974729722482581505
30183766
54972400
135173461
1362544471
229191205
974729722482581505
2430383642
203470976
2985994372
26207988
319228928
26207988
455781519
455781519
824665322607312896
1294248670993547264
488379631
455781519
1294248670993547264
26710373
1294248670993547264
26710373
317101757
1362544471
135173461
1157551921974132736
1157551921974132736
1157551921974132736
1356910440
1164065309772451840
2481844412
2430383642
2481844412
2481844412
174762419
18330543
174762419
115044695
1219343303130468352
1127622648505274368
435258157
1164065309772451840
151377115
824665322607312896
80887146
2430383642
80887146
26710373
1362544471
986599884341080066
1263003875927343104
4382868867
633093797
64054094
2850181869
38822086
1119195858
3421915379
53876028
317101757
1496305862
216321863
26710373
606448747
606448747
26710373
3048852564
1658424937
1338522338
1363023944
1293958820549529600
327922540
633093797
1496305862
1496305862
38842425
41546044
1011728104862179328
21423985
21423985
21423985
73355170
73355170
239513034
38842425
41546044
38033026
38842425
38842425
998476071292035072
281589495
1277878323373387776
1164065309772451840
1229735220464750593
3403299357
18475198
2481844412
26710373
53876028
3198010973
959158733900218368
1084883473037447171
1205100582
1202275426258829318
1239366985
107025988
2881687349
1241032817527619584
107025988
107025988
107025988
2881687349
107025988
4822315269
1294248670993547264
1294327353334738944
833800521601445890
1362544471
1174955520756633600
151377115
3048852564
2519939785
2519939785
839827525786292224
105897061
63175736
1416517291
3048852564
796822792037629952
1181108894409601024
317101757
2754777701
192889718
3048852564
38822086
1048085844
471084733
571656776
1208924740179677184
26710373
2430383642
45335955
2519939785
1164065309772451840
192889718
3048852564
478924891
2973043509
238308510
2481844412
234387750
1871890350
860129059
248796487
1198189740
18364179
959074220289425408
1294248670993547264
26710373
361855290
433608736
51807708
433608736
838753427207380992
32347467
151564554
386588573
998476071292035072
796822792037629952
4855118374
1858398619
1164065309772451840
2481844412
402377699
26710373
26710373
402377699
1294248670993547264
2761194321
2868785181
26710373
721435315026665472
2761194321
2761194321
2481844412
33667980
820906803630313472
47974057
1263003875927343104
519669314
519669314
216150866
263125368
33843112
86439347
26710373
519669314
3386298503
1362544471
3326797414
271547491
53876028
600968355
1294248670993547264
191121168
701531567114555392
1231908929938038789
806963350643101696
2481844412
1275457709702348800
1196549788029853698
135173461
27204427
47974057
1362544471
51473040
192889718
51473040
14350556
192889718
72245600
776459631178706944
26710373
776459631178706944
115044695
73881145
94210419
1283686332460654593
234078530
2313448980
95165086
1298885811509788673
234078530
747717809598238721
747717809598238721
2313448980
234078530
2313448980
273118166
273118166
2313448980
234078530
747717809598238721
376173916
2430383642
15473483
1357054433784389636
1181108894409601024
234078530
2313448980
2313448980
53876028
1238802143131426816
234078530
2313448980
141124859
234078530
417103411
234078530
417103411
234078530
234078530
417103411
402377699
734783080888729601
41908037
234078530
20974532
2596016185
1934485416
2596016185
317101757
998476071292035072
2430383642
2481844412
1343500261982089216
49935296
433608736
1327914763603636226
33482265
234078530
234078530
2430383642
218063694
33482265
234078530
430180591
2481844412
2430383642
470078454
1362544471
2481844412
2430383642
17898461
45523601
18461311
18461311
1060229102
18461311
1288762852346560513
3515220803
1288762852346560513
1239517116056965120
3515220803
1288762852346560513
3515220803
1288762852346560513
1294248670993547264
16351191
19334026
45523601
45523601
3515220803
18461311
1298885811509788673
45523601
26710373
1288762852346560513
88332163
333903537
524326247
976922158197891074
976922158197891074
940191986346266624
940191986346266624
976922158197891074
976922158197891074
976922158197891074
976922158197891074
940191986346266624
976922158197891074
976922158197891074
976922158197891074
940191986346266624
940191986346266624
976922158197891074
976922158197891074
976922158197891074
940191986346266624
940191986346266624
976922158197891074
976922158197891074
940191986346266624
976922158197891074
976922158197891074
940191986346266624
940191986346266624
48131674
1414954545860562959
2430383642
2430383642
2430383642
873592891
976922158197891074
2430383642
918949987
33482265
510164923
4493731875
510164923
33482265
510164923
53876028
1016472981915291649
76989641
1275457709702348800
2973043509
1294248670993547264
79163086
1386911471616118785
1294248670993547264
66466160
1362544471
3048852564
522268751
1056639852748460032
455781519
22492349
921362574
2481844412
611943517
369080489
2481844412
53890307
2481844412
25867735
2481844412
23937836
89475417
76989641
2481844412
1343500261982089216
23937836
248772914
53876028
2481844412
1164065309772451840
419108126
1016472981915291649
1352878171641806854
159158744
4771777955
1352878171641806854
1275457709702348800
3305639188
450438608
1228768583431467008
1362544471
1375411740
321011964
2560618001
406892131
60983
192889718
38632472
273437662
965620144234954752
838808426033610753
21936101
430180591
36077820
1015190662860427265
75742264
2481844412
18934005
1362544471
1288762852346560513
19762987
941318959642574849
60983
60983
1541727288
828620824294879232
1164065309772451840
1232742531621892096
450438608
2481844412
18002106
51403907
2481844412
72245600
358175397
781548341888974848
1315619183275671552
1315619183275671552
3058510913
3058510913
1380922311629488130
995022474067705858
1164065309772451840
775992415962497024
49907982
995022474067705858
1164065309772451840
74677398
2804795111
1343500261982089216
95238065
95238065
95238065
748627527938281472
1386911471616118785
45791579
135173461
391925931
1386911471616118785
1239126912536137729
1298885811509788673
366270806
2430383642
571123006
1246798707179356161
1298885811509788673
1294248670993547264
2430383642
72245600
38842425
2481844412
Result_count_tot:788