180911960
47317899
82564959
47317899
82564959
82564959
82564959
1891481316
47317899
82564959
47317899
82564959
1891481316
47317899
1965420942
1891481316
82564959
1965420942
1891481316
18366158
1965420942
1891481316
21088529
1891481316
82564959
1891481316
1891481316
1891481316
1891481316
2881191954
2193872901
47317899
127856676
23104499
2548131272
1965420942
2193872901
1965420942
47317899
2193872901
47317899
2193872901
82564959
1891481316
127856676
2881191954
127856676
2881191954
1891481316
82564959
18366158
127856676
2881191954
18366158
1891481316
18366158
127856676
2415957962
127856676
47317899
1891481316
82564959
624650855
82564959
2193872901
82564959
127856676
415701368
2290658585
415701368
2290658585
27695937
372735335
53876028
81311924
32347467
172473788
2881191954
2193872901
2193872901
863073687855149056
1158782291272982528
863073687855149056
47317899
82564959
2193872901
82564959
195073490
195073490
2193872901
2415957962
127856676
2193872901
47317899
2193872901
1459077237077159938
1466485664741007364
873304134
3103828582
415701368
3103828582
3175750240
3103828582
820906803630313472
30834778
38451208
838753427207380992
1891481316
1466485664741007364
2317558679
19093203
1466485664741007364
2881191954
2881191954
1466485664741007364
804132241
2317558679
2317558679
2317558679
2317558679
2317558679
2317558679
57064417
732670138646974465
732670138646974465
90818945
1731196728
1731196728
139100886
838753427207380992
127856676
1891481316
78058188
172473788
2881191954
1965420942
2881191954
2881191954
1965420942
1891481316
948480584833216512
235309323
2931454865
2290658585
1522400510
1522400510
960304249476349952
340547923
340547923
127856676
2881191954
1228419612645175296
127856676
2881191954
18443986
159158744
411806483
1287058573391007749
47317899
1965420942
21088529
1965420942
47317899
2415957962
2881191954
47317899
47317899
2193872901
2415957962
47317899
47317899
2415957962
779221488067022848
779221488067022848
21088529
21088529
2881191954
2881191954
2881191954
47317899
21088529
18366158
1522400510
21088529
21088529
47317899
779221488067022848
47317899
47317899
21088529
47317899
2881191954
2881191954
47317899
2881191954
21088529
21088529
2881191954
946038681781047301
273555252
1456920548
273555252
1456920548
273555252
1456920548
273555252
238109168
1456920548
273555252
1456920548
273555252
1192211184445018113
273555252
873304134
127856676
195073490
460042429
2415957962
195073490
127856676
47317899
2415957962
18366158
1965420942
1965420942
2415957962
18366158
18366158
2415957962
2415957962
18366158
2881191954
2881191954
82564959
2415957962
47317899
2881191954
47317899
2881191954
1965420942
2415957962
82564959
1965420942
1965420942
2415957962
47317899
2415957962
47317899
1965420942
2881191954
47317899
47317899
2881191954
1965420942
2881191954
1965420942
47317899
1965420942
47317899
47317899
2881191954
47317899
47317899
2193872901
47317899
1965420942
127856676
1965420942
127856676
1891481316
127856676
1891481316
127856676
2415957962
82564959
2415957962
1965420942
47317899
3198010973
2415957962
18366158
2415957962
18366158
127856676
47317899
2415957962
18366158
2415957962
1891481316
47317899
1891481316
127856676
1891481316
18366158
18366158
1891481316
382746967
1891481316
1965420942
2415957962
1965420942
1965420942
2415957962
1965420942
127856676
624650855
127856676
47317899
624650855
127856676
21393069
127856676
14279103
47317899
624650855
2193872901
624650855
2193872901
47317899
47317899
2193872901
624650855
624650855
624650855
512547268
2415957962
2415957962
18366158
1965420942
1494377785850269697
2415957962
2881191954
2881191954
1965420942
1965420942
2881191954
2881191954
47317899
18366158
2415957962
2881191954
624650855
2415957962
2881191954
2881191954
1965420942
1965420942
2415957962
2415957962
2415957962
1965420942
2881191954
47317899
2415957962
127856676
2415957962
2193872901
2415957962
47317899
2415957962
1891481316
390219678
1891481316
47317899
47317899
1484838662185488384
624650855
1891481316
47317899
47317899
624650855
1965420942
47317899
1891481316
47317899
624650855
624650855
127856676
47317899
47317899
624650855
1891481316
47317899
2881191954
1891481316
2881191954
2881191954
1891481316
2881191954
1891481316
2881191954
2881191954
127856676
624650855
2193872901
127856676
2193872901
47317899
2881191954
47317899
1891481316
47317899
2881191954
1891481316
2881191954
624650855
1965420942
47317899
1965420942
1891481316
17632830
1891481316
1891481316
47317899
47317899
1965420942
17632830
1891481316
1891481316
1891481316
338557070
1891481316
21088529
127856676
1891481316
1965420942
1891481316
95859948
1965420942
95859948
1891481316
95859948
1891481316
89342023
1891481316
95859948
1965420942
624650855
2881191954
1891481316
2881191954
2881191954
2881191954
127856676
2881191954
2881191954
18366158
2881191954
18366158
21088529
2881191954
2881191954
18366158
18366158
2881191954
18366158
2881191954
2881191954
127856676
1891481316
127856676
791538236
2881191954
1891481316
2881191954
14048665
2881191954
47317899
127856676
2881191954
2881191954
127856676
2881191954
2881191954
47317899
21088529
2881191954
1891481316
2193872901
2881191954
2193872901
127856676
2881191954
1891481316
1622142230
127856676
47317899
127856676
2193872901
127856676
1238413946
1518809059
48154045
4758150675
58164809
873304134
752523992058200064
14048665
26798240
91070309
91070309
297040631
103833985
91070309
159158744
87817283
91070309
78058188
976922158197891074
59617426
20362683
38643660
1287058573391007749
127856676
14378181
47317899
2881191954
18366158
2881191954
2881191954
18366158
18366158
2881191954
2881191954
2881191954
2881191954
1891481316
18366158
2881191954
2881191954
18366158
18366158
2881191954
2193872901
18366158
2881191954
365635604
365635604
612972910
26798240
612972910
127856676
1965420942
2881191954
1965420942
2881191954
1965420942
2881191954
38451208
624650855
1965420942
127856676
1965420942
47317899
382746967
1965420942
1965420942
47317899
1965420942
47317899
1891481316
18366158
1891481316
1965420942
10058212
1891481316
127856676
2193872901
47317899
1071368653298376711
1965420942
2881191954
1965420942
1965420942
382746967
1965420942
2415957962
1965420942
47317899
1965420942
1891481316
1891481316
1965420942
127856676
1965420942
47317899
1891481316
47317899
47317899
1891481316
1891481316
1965420942
1891481316
47317899
2881191954
344767027
932927287
340411851
718349821153832960
90818945
1342246146
1342246146
1965420942
1342246146
2193872901
1342246146
219653856
1342246146
724680111065313280
2881191954
429985312
382746967
1891481316
1891481316
47317899
127856676
47317899
2881191954
82564959
2193872901
127856676
2193872901
2881191954
429985312
127856676
1965420942
1965420942
1891481316
47317899
1891481316
1965420942
1891481316
47317899
1965420942
1965420942
47317899
2881191954
1965420942
47317899
1965420942
1891481316
47317899
1965420942
1965420942
1168191237368799234
1358879749507006465
873304134
838753427207380992
946038681781047301
271045372
1185270297043329024
122318779
518934246
390687348
365635604
26798240
518934246
122318779
823893014
951292596
4260193702
365635604
504496562
2881191954
706851062
752523992058200064
752523992058200064
752523992058200064
752523992058200064
752523992058200064
752523992058200064
1430930500990930944
1430930500990930944
238109168
2193872901
47317899
1891481316
47317899
47317899
1891481316
82564959
46782315
979335577530261505
47317899
127856676
82564959
1891481316
64630577
47317899
74677398
796072774754246656
2193872901
2193872901
1891481316
46782315
76449407
1053054223
465802151
979335577530261505
823945003399520257
823945003399520257
823945003399520257
159158744
34941106
823945003399520257
823945003399520257
46782315
34941106
2881191954
18366158
2616879948
2881191954
838753427207380992
172694845
1731196728
277496292
172694845
388148354
172694845
277496292
62092544
388148354
277496292
2193872901
127856676
172694845
2193872901
127856676
2193872901
127856676
2193872901
1891481316
382746967
2193872901
2193872901
127856676
18366158
1891481316
47317899
2193872901
1891481316
2193872901
1891481316
2193872901
2193872901
2193872901
1891481316
1965420942
82564959
1965420942
2193872901
1965420942
2193872901
2193872901
1965420942
2193872901
47317899
1965420942
47317899
1965420942
1965420942
2193872901
2193872901
127856676
2193872901
127856676
127856676
1965420942
2193872901
47317899
624650855
1965420942
1891481316
1965420942
1891481316
2193872901
1965420942
2193872901
1965420942
1965420942
624650855
1891481316
1891481316
47317899
127856676
47317899
47317899
135294661
127856676
127856676
1891481316
2193872901
2193872901
624650855
1891481316
Result_count_tot:795