2317558679
57064417
2317558679
2317558679
2317558679
2317558679
57064417
2317558679
1203946340
20425675
41595048
74677398
2415957962
21393069
2415957962
107475104
2415957962
3248077611
1486094362782191629
3374114717
62121469
3374114717
3374114717
62121469
1362663147836997644
62121469
3374114717
3374114717
62121469
62121469
1362663147836997644
62121469
1362663147836997644
142613436
62121469
2415957962
1541727288
1362663147836997644
398606542
142613436
1392528190321668100
398606542
2415957962
2415957962
238109168
271045372
14405428
271045372
2415957962
271045372
2415957962
2415957962
2415957962
62121469
2472156079
2472156079
2472156079
53876028
2785305854
387029305
195073490
277496292
17066475
14617551
17066475
1343500261982089216
1362666280818532354
14617551
14617551
18475198
17066475
14214281
30241775
17066475
398606542
398606542
1324908951088082949
1362663147836997644
1362331039
784582
67845970
784582
1299671238
53876028
18697324
2850181869
718349821153832960
62121469
3296731137
2415957962
1343500261982089216
398606542
3296731137
2415957962
80668551
80668551
277496292
1439606119140315137
469189813
398606542
67845970
67845970
80668551
2415957962
177911444
218711361
2415957962
33099288
2415957962
1323881456360251392
2415957962
2415957962
2415957962
2511331975
2415957962
2415957962
872886026590711808
2415957962
2415957962
872886026590711808
1252283281221070849
36172874
2415957962
398606542
2415957962
429985312
1343108783950737408
2644003750
618965660
17272124
49294750
2415957962
49294750
2415957962
2415957962
3065951663
1342246146
236403619
2415957962
2415957962
2415957962
2415957962
33099288
2415957962
2415957962
2415957962
398606542
2415957962
2415957962
1129112765912834049
357011498
52765131
398606542
20238626
32539537
26798240
365635604
26798240
365635604
26798240
277496292
34696385
579295585
34696385
2165413610
971883633698066432
454799703
954273226699485184
454799703
979213423
23418810
979213423
23418810
979213423
48980951
433608736
1181561850
454799703
454799703
524326247
524326247
328445838
26278467
711094341
152591353
338209422
84361246
26798240
454799703
328445838
293113971
55496543
55496543
43531203
29928571
1319973726
45531571
131329180
45531571
524326247
421368016
14277722
38643436
14277722
34599188
45531571
316155035
64441266
359573726
219268128
26979187
17650380
55496543
45531571
34599188
269937776
269937776
952592922
160676165
26798240
125673953
14340875
224240042
398606542
277496292
32467248
20707143
20707143
1209685867
42920657
42920657
42920657
42920657
42920657
42920657
58631768
725925007
902149578
17187058
93914726
93914726
64148350
145196059
34922204
93914726
17187058
152591353
612664952
23104499
23104499
18293645
23104499
863349294
387118980
196569190
23104499
42920657
968440621
86064340
291565814
19827241
398606542
278787680
29928571
269937776
1329508717
269937776
140392065
31087291
490191091
338209422
55496543
188670053
96861734
74539103
80668551
64385966
115441879
115441879
58631768
38265914
277496292
277496292
277496292
64385966
198549401
186351796
55496543
454799703
308565504
463005332
72840952
172571624
507541495
32467248
38265914
19764533
47895003
44983912
49072458
55496543
236403619
236403619
55496543
23418810
29908667
373474672
152591353
749444851
421368016
454799703
55496543
93914726
93914726
14502885
55496543
55496543
463005332
14502885
93914726
55496543
55496543
115441879
45531571
55496543
373474672
454799703
18907026
143582713
277496292
951333086
27113674
63262403
64818133
175357776
277496292
277496292
64818133
21864336
277496292
23418810
26798240
612664952
951333086
152591353
951333086
61735082
271045372
277496292
271045372
61735082
277496292
39091525
277496292
223812019
612664952
454799703
454799703
38260259
454799703
454799703
38260259
454799703
19766389
47282349
612664952
47242276
91470721
340393077
27837029
340393077
55528242
39505274
308565504
61735082
328445838
32530822
56093589
454799703
454799703
42843759
14509530
23104499
614621262
39091525
614621262
398606542
38260259
74474647
26798240
39091525
39091525
26798240
14509530
39091525
148112377
28073254
34580764
18360037
18360037
18360037
26798240
19899477
19899477
26798240
19899477
26798240
27113674
612664952
452470861
452470861
338209422
26798240
612664952
277496292
80848887
619883626
454799703
271045372
224240042
563046788
267403905
74539103
19261863
183225266
14296042
19078925
454799703
59548897
26798240
59548897
26798240
59548897
59548897
313874457
26798240
26798240
39091525
26798240
59548897
38901264
452470861
352306584
271045372
476991447
19764533
110333
26798240
26798240
49732426
38260259
39091525
38260259
39091525
271045372
38260259
39091525
38260259
19899477
39091525
39091525
39091525
21864336
21864336
19899477
39091525
19899477
19899477
19899477
39091525
39091525
39091525
19899477
17187058
19899477
17187058
19899477
19899477
271045372
26798240
47073928
277496292
454799703
27113674
38901264
83583364
413194368
195827347
398606542
82957635
18387289
269777232
277496292
269777232
38901264
277496292
38901264
22379431
271045372
452470861
277496292
398606542
34580764
17209005
27877065
398606542
34580764
338209422
67557660
19899477
398606542
19899477
27877065
398606542
38260259
454799703
31381810
82957635
75224818
398606542
511735749
82957635
454799703
18293645
338209422
49738893
73943459
388185710
49738893
33292473
248436358
248436358
58631768
27465411
157616270
157661373
18374326
58631768
58631768
18374326
33292473
18609590
157616270
111013267
33292473
33292473
303453059
195827347
18374326
19337187
359573726
58631768
157616270
33292473
33292473
21864337
19337187
248436358
58631768
21864336
96861734
23418810
38260259
19899477
28361716
19899477
15473483
38646590
74474647
21695947
38901264
138473959
145650504
145650504
277496292
34696385
398606542
96861734
138473959
253643463
19899477
19899477
31091894
19899477
74802451
38260259
19899477
145196059
34580764
74539103
96861734
67903239
31195903
247251231
66196878
74539103
93914726
38402978
Result_count_tot:598