1352086882943979522
1352086882943979522
1352086882943979522
1427373786412863493
1352086882943979522
1352086882943979522
1352086882943979522
1352086882943979522
1352086882943979522
139343540
818127906
818127906
328445838
328445838
818127906
328445838
818127906
125928871
496461333
60983
32535843
1352086882943979522
1352086882943979522
761541476
13665432
95231913
33099288
2317558679
33099288
33099288
30241775
2317558679
197110573
1196483602869080064
1002095225752387584
340421086
1352086882943979522
1691130469
1221539816610914307
20672548
917998913495490562
917998913495490562
1363414604483862528
1362663147836997644
19764533
1362663147836997644
19764533
1352086882943979522
21689226
138890465
21689226
1352086882943979522
1352086882943979522
1352086882943979522
1352086882943979522
41579993
24418500
41579993
445038169
1123435380836118528
177911444
1352086882943979522
1352086882943979522
1352086882943979522
1352086882943979522
1352086882943979522
1352086882943979522
44174373
1352086882943979522
629155400
619475949
1373724230873927689
3336480731
1352086882943979522
1352086882943979522
3336480731
1352086882943979522
1352086882943979522
1352086882943979522
2818756895
2818756895
2818756895
1352086882943979522
1352086882943979522
998476071292035072
27204427
136184787
561510048
2818756895
236403619
31397933
46081160
1711044306
2418099208
82325555
35186651
1155474771804643329
1255112469191811072
31397933
800997802100817920
1352086882943979522
1352086882943979522
1352086882943979522
1352086882943979522
1352086882943979522
1352086882943979522
1352086882943979522
17632830
74539103
30759351
2188877355
2180532753
16362310
1007425836
2980929738
305455284
2590058264
430180591
2590058264
305455284
430180591
2590058264
512547268
768185351764443136
1418412102
17867748
31397933
2818756895
1007425836
1313775971296849921
31397933
830472951942303744
1234039680502550529
2180608131
1234039680502550529
46106058
74539103
2180608131
42495946
17813010
42495946
120183536
42495946
17813010
4023822982
3066849217
701541930111520772
761596867625058304
1221539816610914307
2841711645
26451758
29659136
29659136
29659136
29659136
29659136
29659136
29659136
29659136
29659136
29659136
20672548
192273401
29659136
29659136
29659136
30222074
29659136
192273401
30222074
29659136
192273401
29659136
29659136
192273401
29659136
29659136
192273401
29659136
192273401
29659136
30222074
192273401
29659136
29659136
45565446
735764197380759552
1259013042773336065
1920493537
2796595917
2818756895
2784760795
156201907
362608898
223812019
61439068
306426609
223812019
1541727288
369668082
20238626
1169393400992456704
8146492
1452560275
858496435
1452560275
1239195600241004544
1452560275
1452560275
1452560275
1452560275
1452560275
263592031
41908037
31397933
619475949
2818756895
2818756895
2818756895
2180608131
41908037
31397933
27314433
46106058
201653163
155976053
195073490
632165452
632165452
632165452
632165452
2818756895
2818756895
438211624
31662242
303831995
1536268622
1536268622
429487514
2818756895
2818756895
2818756895
2818756895
67724181
24564251
2818756895
956695542972715009
72103204
306426609
1413765162
2425458465
2425458465
2577701079
18364179
46106058
2771996921
1129236186
1198189740
472851432
472851432
952204564521979906
160164355
44169539
807325612587253762
807325612587253762
807325612587253762
87237306
39490510
382598137
184722739
447271262
382598137
14286342
634504383
216666956
634504383
216666956
634504383
634504383
105185748
32986912
216666956
184722739
634504383
32986912
184722739
474759887
3145039719
498251000
3145039719
498251000
3145039719
498251000
2425458465
1705451886
287726972
2976837525
3145039719
3145039719
3145039719
498251000
30957613
1705451886
1031123971
349966660
1705451886
58191433
1031123971
1705451886
130602413
218624038
908578368
489479693
2548614199
489479693
489479693
2548614199
1627917192
489479693
87675783
58191433
58191433
3135899863
2733084339
3145039719
2733084339
818127906
818127906
447271262
157245256
485041702
797757687299801088
493255302
1031123971
218624038
19603174
35306702
1464466166
26213387
1705451886
349966660
49049310
818127906
20843718
959074220289425408
1031123971
122072320
493255302
218624038
902279702479560708
2167126963
842005465
2167126963
208282174
355356104
116872803
1622142230
1198189740
332914784
1198189740
1198189740
1622142230
1050549486173466624
179227646
1705451886
498251000
92379123
44327488
780445820843921410
9328002
1198189740
3145039719
1198189740
498251000
717610795
570744394
3145039719
489479693
419093441
1198189740
965620144234954752
19190875
81381193
1198189740
1544075892
1198189740
878524436
47974057
80109709
498251000
307045519
191986580
1622142230
28548860
30957613
1198189740
58191433
1855530428
212312734
579715745
2228333039
309029605
470340965
535661060
130602413
27605155
195073490
67724181
365024368
27605155
58191433
28312988
2235175809
42844683
85299520
42844683
161819494
817917765768114177
704552935
587241476
587241476
624011689
2830033544
193625565
624011689
1342036850
31976183
62862693
333034181
587241476
938826247454511104
988888081817317376
255138168
927997538430603265
498130171
863073687855149056
1360619593
76716110
53876028
21645552
18006431
18006431
542801995
741479168
569172553
60983
724466125
67724181
17113249
18611983
53876028
53876028
17113249
17113249
342596950
489479693
18611983
704059680
2235175809
208282174
212312734
837997572
752799903340978176
53876028
25492392
212312734
429487514
196409507
4737692735
271094740
724466125
212312734
1075349590851883009
77995359
70641452
18611983
88236209
837997572
2729147326
2165413610
2415957962
21864336
34696385
37665779
34696385
2415957962
135173461
135173461
1057691466347225088
133683225
2818756895
2818756895
1450680715
2219254012
971883633698066432
2219254012
1052636082649620482
1450680715
2219254012
1450680715
1052636082649620482
1052636082649620482
26837025
1052636082649620482
7786872
1450680715
26837025
1057691466347225088
7786872
26837025
1061015962735001600
34580077
14694707
804597968
60271012
130602413
1057705054763925504
1041237779135397888
1450680715
874227272802238466
20868447
1450680715
28885223
174762419
29928571
1653771666
306227173
2825747327
809933009856110593
67724181
2415957962
1712098974
455979665
26837025
1057674759201271809
26837025
49060343
1496579581
53876028
103833985
236403619
1052636082649620482
1052675430359040000
2415957962
2873711309
964832690410270722
1059790455527890946
1059790455527890946
1059790455527890946
1450680715
1450680715
7786872
1450680715
1450680715
1060437354010296320
1060437354010296320
1053688758950862849
1057733333571002368
1060745412431302657
1057733333571002368
1060745412431302657
1060745412431302657
26837025
26837025
1057733333571002368
26837025
1057733333571002368
1060745412431302657
1060745412431302657
1057733333571002368
26837025
26837025
26837025
26837025
1060745412431302657
1060745412431302657
1052636082649620482
1059790455527890946
7786872
1057733333571002368
26837025
26837025
1057705054763925504
7786872
26837025
23176823
1057705054763925504
901922924168441860
37665779
901922924168441860
901922924168441860
1130846624
481401647
470615552
2235175809
434203999
817369621
263727579
238945097
434203999
1464466166
238945097
17813010
1057705054763925504
120183536
34972320
845288517454499841
15425617
121261165
63107218
28885223
72303891
306227173
63107218
317101757
2415957962
2415957962
36334731
2292621291
3044288870
3044288870
45565446
1058337260490424320
3048019479
570744394
998308778926903303
873304134
2790206333
25669359
1057646800394469376
4904752558
2560618001
1342246146
2616746847
20868447
2314148656
2235175809
41579993
1060286671604850688
1057691466347225088
784507090551406592
1047539394876461062
1458015931
83311999
83311999
2696441863
528745510
3044288870
471709113
1054895740114354176
3044288870
3044288870
809933009856110593
14246923
1060287878427762691
2980929738
1057680961587027968
584107111
2980929738
1053688526087315457
34972320
34972320
297511756
1054895740114354176
301397420
1060745412431302657
964832690410270722
1059790455527890946
1057665371447156736
1052636082649620482
584107111
584107111
2980929738
1057674759201271809
1057674759201271809
14285368
94410739
28583816
625945770
49060343
454799703
579221819
63107218
921659648
3549331
3549331
444029502
106077757
1052637765324673025
1057705054763925504
1057705054763925504
204276552
418991953
1354354296
383465640
21749969
3116109856
19923066
142213666
1053006745
14368179
584107111
584107111
149253205
481401647
584107111
584107111
635677085
1031912178306220033
817917765768114177
3246079155
481401647
713055550037221376
271902473
845034279319015424
20868447
14113386
1688754812
946038681781047301
915299336115847171
49060343
874227272802238466
901922924168441860
2616746847
3082854989
20868447
819168234
2548072274
34859489
2548072274
356740432
68391443
427801591
3445004655
3445004655
427801591
567684174
2180608131
35186651
838081680879529986
35186651
982908663387041792
1138355514
133683225
3515220803
971883633698066432
3515220803
971883633698066432
3515220803
971883633698066432
Result_count_tot:750