338335070
311885289
41595048
74677398
2415957962
2415957962
107475104
2415957962
130597727
18435641
1044130392318636032
18435641
1044130392318636032
543302473
64017065
64017065
233942985
18475198
93486562
3308599215
1338866706010140674
18435641
18475198
1486094362782191629
142613436
2415957962
142613436
2415957962
2415957962
1324347995303936000
23104499
2415957962
2415957962
1324347995303936000
918901868
3248077611
3296731137
2415957962
3296731137
2415957962
2415957962
410076913
2415957962
33099288
1323881456360251392
2415957962
2415957962
2415957962
2511331975
2415957962
2415957962
872886026590711808
2415957962
2415957962
872886026590711808
1252283281221070849
36172874
2415957962
2415957962
81824632
429985312
1343108783950737408
2644003750
618965660
17272124
49294750
2415957962
49294750
2415957962
2415957962
1342246146
236403619
2415957962
2415957962
2415957962
2415957962
33099288
2415957962
2415957962
2415957962
2415957962
2415957962
3065951663
332746072
615476387
22158664
29407280
896542432933924865
978928958484951040
823664138475999232
402377699
56044169
223812019
957539562062073856
2860581538
398244288
953748657190440961
1074623689700843520
1432993051
1432993051
1432993051
193463414
1432993051
1432993051
1074623689700843520
766034152869224448
953748657190440961
1630778671
1379441828534091780
3103828582
3103828582
41595048
4846136139
4846136139
20366788
422628082
18475198
56689133
1015217707891949568
603046213
193463414
30941476
719239930279538688
23573970
93048819
1513333748
376149624
2313448980
193463414
1432993051
193463414
193463414
1432993051
1432993051
1179132092455759877
719239930279538688
15033759
171211471
171211471
273555252
1330973957583933443
1432993051
1432993051
1432993051
15033759
880511699207553027
273555252
422571853
2554375868
1362544471
2727283714
82825318
1241032817527619584
1241032817527619584
2389682486
274911017
359532790
1342246146
1342246146
277496292
1342246146
18475198
2548072274
2548072274
277496292
277496292
277496292
172694845
172694845
2548072274
18475198
277496292
18475198
277496292
1418819766
1418819766
1418819766
1418819766
2425458465
955474624917188608
2425458465
1096055512955793408
488741396
2548072274
44983912
2548072274
2548072274
44983912
2548072274
44983912
2548072274
2548072274
44983912
44983912
44983912
2548072274
2548072274
44983912
2548072274
44983912
2548072274
87666695
1183043488994209792
1183043488994209792
29676425
838081680879529986
29676425
18475198
236399908
18475198
236399908
18475198
236399908
838081680879529986
18475198
238109168
1518809059
1125479276336308225
1316289968164286464
1048924999678083079
98474827
57592947
195073490
4149471980
828620824294879232
1096055512955793408
174762419
19201740
1096055512955793408
1096055512955793408
2323252143
2389682486
851705168
1183043488994209792
450613916
29676425
1096055512955793408
1125479276336308225
1096055512955793408
1125479276336308225
29182651
1290914712566337538
3870549323
421125838
80668551
421125838
2290658585
421125838
2290658585
421125838
2290658585
421125838
570744394
2290658585
1125479276336308225
80668551
1125479276336308225
3324657449
1125479276336308225
421125838
55551293
340433847
427535413
475024685
172329064
1041936320963203072
29182651
205111571
966251334960902144
205111571
82325555
2548072274
2548072274
29676425
82825318
38451208
226647880
82825318
1096055512955793408
1899937987
863073687855149056
22356192
39480304
177917586
82825318
62121469
82825318
62121469
612972910
82825318
21689226
21689226
28148610
21689226
28148610
21689226
28148610
21689226
34715201
57592947
28148610
57592947
28148610
2999569138
28148610
33192221
2999569138
24694916
28148610
53923140
54530632
631861885
82825318
908635753
14435466
60896067
838081680879529986
60896067
14435466
631861885
775084458743562240
3393427643
82825318
60896067
60896067
838081680879529986
82825318
775084458743562240
60896067
82825318
962358579310231557
82825318
734783080888729601
962358579310231557
31111153
775084458743562240
60896067
775084458743562240
838081680879529986
791776796
60896067
221119581
47974057
344767027
34696385
221476163
2548072274
277496292
2548072274
277496292
277496292
2548072274
277496292
365635604
2548072274
390687348
2548072274
277496292
277496292
2548072274
277496292
2548072274
319072924
277496292
188670053
172694845
1204838809
3175750240
374417128
344767027
26837025
3175750240
18475198
18475198
18475198
18475198
18475198
18475198
18475198
18475198
18475198
752799903340978176
18475198
2389682486
567684174
784507090551406592
1705451886
16557956
427801591
838081680879529986
724976869385342978
495004140
776171614618681344
3338424909
3338424909
3338424909
3338424909
3338424909
30941476
174139819
30941476
174139819
174139819
174139819
30941476
174139819
174139819
3338424909
1366830344
3338424909
30941476
30941476
734783080888729601
174139819
34013960
85666077
1496305862
1496305862
1496305862
30941476
34013960
427535413
30941476
34013960
30941476
504496562
1355510527
30941476
34013960
38033026
30941476
498130171
30941476
85666077
34013960
18934005
30941476
197110573
34013960
30941476
85666077
197110573
30941476
30941476
30941476
567684174
34013960
3294171827
30941476
2815604118
85666077
3331291665
34013960
30941476
30941476
197110573
3331291665
705848240353189888
34013960
197110573
85666077
551730401
30941476
171211471
1355510527
3338424909
14735135
1039725918
193186935
217530764
171211471
776171614618681344
1355510527
171211471
1355510527
30941476
30941476
1355510527
217530764
1004187764
3338424909
30941476
2825747327
3354083716
896286257453686784
63771768
356853975
338557070
338557070
2560618001
14694707
51396153
1120433043439796225
429985312
19184781
18982509
95238065
1130093694210781184
31662242
31662242
1134349519712337920
4179613355
2205904754
18443986
18443986
18443986
18443986
596422929
223812019
3175750240
25144335
28822089
21423985
25144335
21423985
25144335
25144335
21423985
25144335
21423985
21423985
21423985
25144335
28822089
25144335
21423985
21423985
22356192
1570799510
26979187
22356192
2389682486
2563205782
64818133
219268128
2563205782
873304134
2563205782
2563205782
4179613355
2389682486
1382215398
1382215398
22356192
64385966
280590244
403973682
1382215398
1382215398
1382215398
1382215398
1382215398
1382215398
1382215398
1382215398
2340978621
1382215398
1382215398
1382215398
1382215398
52457173
359532790
990877672011063298
990877672011063298
31662242
103833985
33642442
2422614736
2389682486
90116669
31662242
347853730
29928571
31662242
29928571
31662242
2340978621
954411663167549440
37448176
1391542884
319072924
596422929
2843339889
596422929
596422929
917811243620163590
917811243620163590
21393069
4179613355
14473462
33502071
897067825
993417457
550114487
42920657
81578629
45565446
81578629
384882362
45565446
81578629
307456888
59580884
2822367942
1178437964
846940940
39581053
72516829
27207896
22975747
28765398
1904120100
403320517
26719548
28304157
28304157
475172955
14115464
116732090
165119205
116732090
118164085
422871079
35888541
351650159
351650159
22971087
116732090
116732090
361434073
116732090
248348027
502841774
248348027
502841774
502841774
248348027
248348027
116732090
480605327
116732090
116732090
351650159
351650159
116732090
57932072
351650159
122195535
122195535
Result_count_tot:649