752523992058200064
2540482822
1353800907855695873
2540482822
48107149
2540482822
1497844595778068480
551619686
2184864113
2184864113
551619686
2540482822
2540482822
2744534205
506317379
1239520430
41579993
870379862892171266
998476071292035072
998476071292035072
1085209501769318400
62524886
34268915
612972910
66664753
612972910
2942170702
1324908951088082949
53876028
796805869858148352
382341005
796805869858148352
382341005
46106058
46106058
1353800907855695873
1306593394974625801
1239238620613087233
1306593394974625801
1239238620613087233
1306593394974625801
1239238620613087233
1306593394974625801
1239238620613087233
1306593394974625801
1239238620613087233
1306593394974625801
1239238620613087233
1306593394974625801
1239238620613087233
1306593394974625801
168602524
369080489
1353800907855695873
53876028
1353800907855695873
27738856
2435688609
1267724298179018752
1397552180962463747
1443520866457956355
992688838987436032
1443520866457956355
992688838987436032
17987852
1374754211498430467
1443520866457956355
420464033
1343500261982089216
17987852
612972910
53876028
27772425
1353800907855695873
1160450316103487488
1353800907855695873
3336480731
1353800907855695873
1353800907855695873
1453749809781878792
427271586
1085209501769318400
34231784
1333653392007237632
515684979
1333653392007237632
515684979
1333653392007237632
26454341
1078633865294635008
67565293
1252282656395575297
1085209501769318400
34571000
1085209501769318400
34231784
1419043035501973509
46106058
1267724298179018752
147722223
147722223
1416726500167061509
501816919
1001747756195688448
30421352
131293004
17096233
466356335
1313107308545740800
2453031828
18520064
131293004
1034117679962116097
131293004
1034117679962116097
131293004
131293004
1034117679962116097
131293004
1034117679962116097
131293004
1034117679962116097
131293004
131293004
714621956
1034117679962116097
1315532028
131293004
1034117679962116097
1315532028
131293004
252602823
252602823
1315532028
1034117679962116097
1034117679962116097
131293004
1034117679962116097
1034117679962116097
131293004
131293004
1034117679962116097
131293004
1034117679962116097
1034117679962116097
131293004
465717810
131293004
131293004
1034117679962116097
1034117679962116097
176085590
252602823
131293004
1034117679962116097
1315532028
202820581
1414954545860562959
1235636288893718531
1479062028
131293004
131293004
50018835
1139800867203362821
20523971
28142766
15887958
833800521601445890
23937836
1034117679962116097
131293004
1034117679962116097
1349854495593918465
2942170702
131293004
62822451
1034117679962116097
4848320060
4848320060
24854369
44834364
24854369
2472156079
1354756698674761730
2472156079
465717810
2426987894
2426987894
131293004
1034117679962116097
131293004
1034117679962116097
376420025
174139819
131293004
1034117679962116097
1034117679962116097
42952731
131293004
131293004
1034117679962116097
1034117679962116097
401253347
4771777955
1346751896174927873
1346751896174927873
1346751896174927873
401253347
1353768777972936704
108097143
14291331
58298350
1630778671
1630778671
32274453
1355510527
879484856002072576
1355510527
879484856002072576
342652101
1355510527
879484856002072576
1355510527
879484856002072576
176085590
252602823
176085590
176085590
252602823
34034031
2960199508
1355510527
28823852
162672672
1257886051584167940
4098982643
858674768
1408829611400744960
239541918
858674768
2373619978
14186179
13241742
37788958
2333828866
131293004
790478098596757504
1034436012620107778
2858828716
477122511
18425625
1034117679962116097
1017500286712188928
351655589
1382609588646727682
131293004
1034117679962116097
1175731591307571200
477061627
401253347
1268113275868381185
1103351080732295168
3393427643
112674261
271575289
112674261
131293004
131293004
271575289
29659136
18006431
1037031822
35019895
1085209501769318400
1215926666578612230
1355510527
932814211
33606368
599483398
599483398
14291331
2540482822
908588706
29659136
406623745
1055457363883409408
19201740
2874173163
4765409482
2784517072
851311176
851311176
851311176
3336480731
1630778671
3336480731
172694845
19123323
1101985276929421314
307045519
575290137
307462679
2786896594
365656064
1198768523943849985
18156456
4850997525
2313448980
193463414
2521120402
429985312
998476071292035072
1101985276929421314
273555252
273555252
849303039496392704
197110573
40322305
2196571246
55258706
2858828716
1371093246986874880
985597341590786048
20362683
577301266
1172869273
1172869273
68801651
18897215
1543506013
1241032817527619584
38260259
1383714175721955337
21698549
2496120775
472851432
1393608742600589318
1020184652743684098
96956524
462751333
472851432
18156456
18156456
18156456
18156456
67851742
113349770
1289751925
806096173597622272
1419043035501973509
18156456
1015025218186866689
1068074388380164096
1356365290188234754
409616220
1434945035498397702
3029756273
1277401753
1061630048
1061630048
1362663147836997644
1362663147836997644
1158782291272982528
1362663147836997644
1158782291272982528
306426609
188078681
188078681
188078681
1362663147836997644
188078681
941980603431505921
1362663147836997644
473914976
1362663147836997644
806096173597622272
1586216377
436592526
1271107844662857728
207417492
29659136
38392006
559709759
559709759
21393069
47459713
53876028
941699814
941699814
612972910
941699814
612972910
941699814
1352086882943979522
612972910
14246923
612972910
612972910
2590058264
37788958
612972910
36760052
19018191
612972910
19018191
612972910
37788958
62121469
612972910
40209152
429985312
56676419
612972910
612972910
429985312
414321157
195073490
1232742531621892096
75757818
75757818
1319919082431537152
612972910
75757818
29659136
878731328988082176
2746346535
29659136
1339569639614009344
704056943195906052
29659136
62784184
1255851308491460608
1342057881240276992
1095004833751486470
840686479307333633
766222487910752257
1058507642677673989
1680465068
2800304123
29659136
18006431
53876028
2874173163
1355510527
268982264
1353800907855695873
2818756895
2818756895
1353800907855695873
2818756895
523546970
2818756895
2818756895
998476071292035072
998476071292035072
32347985
2818756895
388127101
1353800907855695873
998476071292035072
1353800907855695873
634648863
1355510527
29659136
976091486759653376
1353800907855695873
1353800907855695873
7647822
1179840969157627905
1179840969157627905
14291877
34619210
18697324
168539771
1212131290415128576
1371901726853373954
53876028
53876028
2468224068
1051545534
3374114717
18697324
18697324
2590110689
828620824294879232
49379178
995582952
828620824294879232
2343557479
1876386188
1355510527
1355510527
1355510527
1324019953926897665
37578531
1355510527
1641482785
1355510527
1355510527
2818756895
2818756895
226929592
1353800907855695873
1328497409253642240
1332308698241392640
1031662642396577792
1031662642396577792
1290914712566337538
15473483
612972910
1143974095
1143974095
1143974095
28413649
175091333
53876028
1353800907855695873
1353800907855695873
828620824294879232
2999569138
1353800907855695873
998476071292035072
998476071292035072
998476071292035072
998476071292035072
998476071292035072
1354354296
28870473
998476071292035072
1354354296
1353800907855695873
2818756895
998476071292035072
414321157
19918603
453906285
19201740
18988667
703547894
29659136
414321157
19190875
1353800907855695873
1353800907855695873
453906285
453906285
800997802100817920
453906285
453906285
2955454822
849207961
1464466166
925445971
1464466166
925445971
1464466166
925445971
953966539094609922
1464466166
29659136
414321157
703547894
29659136
341830815
477061627
29659136
477061627
49406048
341830815
14449628
29659136
732348631
414321157
1041276467269709824
298017368
1041276467269709824
1315532028
1143974095
138890465
1231820270
363108943
1362331039
19918603
453906285
2818756895
1315532028
46106058
2818756895
2818756895
1464466166
3135899863
1221539816610914307
953966539094609922
1123003528660885506
59617426
804986945453649920
1464466166
1191025383157710853
1464466166
703547894
2891202711
1464466166
703547894
1464466166
453906285
2746346535
612972910
1214695072236810241
47656908
46106058
14285368
950364538188296192
1064849534503800832
1214695072236810241
1464466166
992162588233527296
992162588233527296
612972910
1464466166
1362331039
1464466166
992162588233527296
1464466166
377551958
37788958
448468314
32344564
734783080888729601
734783080888729601
448468314
32344564
569172553
734783080888729601
448468314
569172553
734783080888729601
1213613991794077696
1213613991794077696
1103529468738658304
32344564
50336259
32344564
734783080888729601
32344564
50336259
32344564
27605155
734783080888729601
14291331
37788958
37788958
2250819431
1464466166
1464466166
1464466166
301997052
1464466166
955474624917188608
1271400819364110337
1288153374161018880
239484275
14285368
2858828716
23072668
828265269030244352
828265269030244352
395511100
1106248180868567040
1464466166
227114257
897848198882111488
1868332466
1106248180868567040
1034436012620107778
2858828716
1464466166
4765409482
3951083212
954646879932952576
974729722482581505
1464466166
47134193
1464466166
953966539094609922
1464466166
953966539094609922
476591541
1464466166
2192058508
382341005
703547894
1868332466
749584399105130497
375888089
1718204779
749584399105130497
29659136
59617426
38033026
464645247
1073262134140772352
23748315
1464466166
375888089
1464466166
1315532028
1315532028
251308116
103833985
1314484336998191105
29659136
940191986346266624
2746346535
365604680
29659136
1389838586
370013002
29659136
453906285
703547894
29659136
167092490
341830815
477061627
1275446147700518916
740059423
1464466166
719779574
14285368
737301170
838457496054476800
14942898
1344308387929063432
977552661980512256
977552661980512256
713319078157488128
1271107844662857728
804986945453649920
955474624917188608
42938159
1206217038533971969
4765409482
703547894
117081052
4836064754
992162588233527296
1315532028
1464466166
794581405476995073
1162505536488841221
15528287
37509974
1545946591
1040514960
1198768523943849985
1040514960
18935911
1162505536488841221
108089749
14449628
1362331039
1294939669768044545
1343500261982089216
1231820270
353029255
784507090551406592
30421352
1362331039
1348753882160181248
741545599598796800
992162588233527296
1116747379
1143974095
Result_count_tot:773