155027569
317101757
34013960
1292585906
214809052
918901868
72245600
23925022
23925022
214809052
1422582040122339336
1037031822
112871323
112871323
45791579
918901868
918901868
2414145584
862908228
27314433
136600742
764012545
2754777701
606448747
1011728104862179328
1011728104862179328
1011728104862179328
1011728104862179328
1011728104862179328
1005550367243948038
1148966229933273089
1422624319168032776
3086692949
2818756895
87666695
2818756895
1103750268255170560
2317558679
41595048
2818756895
1123019412963860480
918901868
4179613355
2818756895
19201740
4179613355
4179613355
2818756895
42630696
361855290
2818756895
156201907
918901868
58444237
72245600
106428909
2537978100
2537978100
1096055512955793408
606448747
4179613355
1096055512955793408
860129059
53367893
4179613355
35733102
31403999
4179613355
4179613355
281707965
2414145584
752523992058200064
752523992058200064
752523992058200064
1033374143461425152
269762451
72245600
25144335
34285054
1287435525394243584
1148709864
1314522266005315586
614626131
1287435525394243584
388444663
269762451
269762451
1088736761285656576
1314522266005315586
1062474152890810369
1314522461346705409
237767215
1181108894409601024
235367304
38412145
41866303
441732688
1173476156147818498
63107218
1287435525394243584
38412145
1909542120
2957224377
766241448572362752
320766476
2818756895
2818756895
27314433
47974057
2818756895
2818756895
273437662
606448747
1120038111738777600
2818756895
2818756895
192689889
1223657684597125122
3368224792
1148966229933273089
4179613355
918901868
27314433
2818756895
2649896319
2818756895
2883782007
2818756895
2818756895
2818756895
704313316110409728
704313316110409728
156201907
398545777
2414145584
156201907
2754777701
2754777701
30941476
34285054
1148709864
34285054
4179613355
4179613355
3058510913
1032610445226590208
275588991
998540670569713665
998540670569713665
998540670569713665
4179613355
63107218
30941476
63107218
535777996
31662242
4179613355
1134349519712337920
1134349519712337920
2818756895
45791579
4179613355
4179613355
2414145584
13712
35997388
535777996
918901868
845129984
4179613355
845129984
4179613355
1362544471
421125838
25144335
14296042
606448747
4179613355
1541746825
1541746825
45627369
606448747
4179613355
3048852564
606448747
4179613355
28232768
2818756895
2818756895
1027107671500115968
1541746825
780289382
1541746825
780289382
1541746825
2180532753
2180532753
47974057
32890694
1541746825
7574042
713990580
56380373
36307732
535661060
14214281
237524449
4179613355
4179613355
838081680879529986
217530764
72245600
4179613355
2818756895
33497800
56125230
2818756895
2818756895
3058510913
4179613355
4179613355
72245600
135173461
43084246
170023589
68352264
68352264
2414145584
862908228
2414145584
2414145584
3421915379
982908663387041792
34026387
606448747
148642486
4179613355
4179613355
4179613355
4179613355
192889718
483190825
483190825
862908228
38412145
4179613355
4179613355
711921323681959937
3421915379
72245600
15425617
72245600
2298151468
3421915379
135173461
4179613355
4179613355
4179613355
4179613355
4179613355
474236675
707637952361472001
2414145584
2818756895
3973601080
4179613355
312882833
2412604330
20969268
18330543
20969268
14214281
2412604330
2412604330
135173461
954411663167549440
2818756895
2818756895
31097949
22415635
485041702
22415635
68352264
68352264
2414145584
483190825
2414145584
2414145584
2414145584
2414145584
2414145584
703182858786045953
2414145584
968034812
1669736581
535777996
902708583304978433
708945808629092354
68352264
2414145584
68352264
68352264
82670042
215993689
33538992
58733138
68352264
1091642166
2818756895
14340875
708945808629092354
68352264
68352264
68352264
2414145584
2414145584
68352264
1091642166
2414145584
2818756895
513584555
2818756895
68352264
137776972
2818756895
2818756895
535777996
2414145584
14340875
535777996
636535064
535777996
56199360
68352264
68352264
56199360
2818756895
2818756895
137255314
2414145584
68352264
2414145584
286422646
39456398
4008584489
23925022
2818756895
22914421
58733138
68352264
2414145584
299601204
299601204
2414145584
2414145584
2485125878
19764533
39456398
68352264
2414145584
68352264
2414145584
18948340
19598883
26837025
56199360
31511564
906510229
433635563
39456398
39456398
433635563
433635563
408011272
275013845
68352264
32467248
28094274
2818756895
238125536
238125536
2414145584
39063674
24886897
42042554
24886897
2414145584
2414145584
1448367385
96015722
764124031
24169740
764124031
24169740
96015722
96015722
2414145584
96015722
39456398
2414145584
86577305
2432677045
86577305
361434073
479457379
27716729
53115344
1091642166
2414145584
72814742
2348975609
452896048
407869459
26837025
26761938
56199360
1091642166
26837025
35192377
545394515
545394515
545394515
33165939
52103766
113593247
574533714
34575407
213267399
275461876
18016691
122195535
18319804
31097949
47974057
217217458
47974057
23320712
116732090
17813010
271547491
37443725
35888541
481527852
247488242
361434073
220430420
33236436
27603445
327839316
33538992
246177161
238282279
88485732
88485732
20671431
20671431
88485732
88485732
Result_count_tot:458