4179613355
918901868
1187062935262236674
2284280579
918901868
214809052
1670932801
1670932801
27314433
136600742
464645247
321552012
469801917
1972948940
47974057
14303569
64941990
30322601
47974057
47974057
14303569
725925007
47974057
30322601
725925007
85640142
202820581
202820581
202820581
202820581
202820581
202820581
202820581
202820581
2470611336
2470611336
2180532753
2464733534
105925524
3258412097
522040889
3258412097
2180532753
67577128
423911998
459244326
Result_count_tot:46