1590699720
2415957962
2415957962
48974071
1406872690074558466
418200427
3347508124
822964671305121792
36160400
14118604
21805544
1269386606072430593
1345491320807288833
822964671305121792
47646982
36160400
180911960
1473494130386866180
1473494130386866180
1356850528815300610
1281665017981657089
1590699720
1590699720
305612850
305612850
741181965206970368
199694718
741181965206970368
741181965206970368
741181965206970368
2174340221
3336480731
305612850
396635716
1461432905130033156
305612850
305612850
305612850
305612850
741181965206970368
1499370842995802113
741181965206970368
741181965206970368
741181965206970368
741181965206970368
741181965206970368
741181965206970368
390687348
1324908951088082949
1069611737891119104
1269386606072430593
1085209501769318400
65460298
1149755782436663296
481401647
131293004
131293004
1451544251649732608
193217423
18530679
88678107
2613797256
2613797256
2613797256
612972910
612972910
65460298
65460298
2613797256
2613797256
305612850
65460298
305612850
305612850
38033026
15033759
65460298
65460298
15033759
612972910
65460298
2855541052
65460298
2855541052
65460298
612972910
612972910
65460298
65460298
612972910
612972910
2855541052
65460298
15033759
65460298
103103338
4850997525
2736841363
741181965206970368
741181965206970368
3081579815
99261103
1500332888084131842
1380530613904637957
1109941264336719872
1109941264336719872
1109941264336719872
22898597
2437565401
2437565401
24514743
21904772
292804949
1373985018
174590567
1735670340
1735670340
305612850
1179805558565724160
2767349669
1226480023277834241
234132789
949873892
1222192138240299008
1467426511506620420
58315587
1467426511506620420
1358879749507006465
612986499
41595048
1125414934131687425
1226480023277834241
4850997525
234132789
555402051
14549150
14549150
1498554455956066308
419197802
1461432905130033156
1461432905130033156
22433771
1226480023277834241
475239362
419197802
1071360858
14543022
1499374486491123713
1281394579414155264
81911676
897848198882111488
1442422622948528132
1442422622948528132
2769492718
2769492718
1497892850872328198
1497892850872328198
1442422622948528132
1497892850872328198
1442422622948528132
3433970278
342862254
17685876
3393385137
1232742531621892096
16812392
49294750
49294750
551619686
140163552
44453306
1308745007881482240
17685876
1232742531621892096
49294750
1453618569627963393
131293004
373272300
1292390851461685255
113454353
373272300
1308745007881482240
1292390851461685255
373272300
1232742531621892096
822964671305121792
2537113873
1017664635502252032
1472236012428431361
1553793912
19762987
46846624
1442422622948528132
234132789
781870120234803200
863073687855149056
781870120234803200
863073687855149056
781870120234803200
917838407602237440
863073687855149056
2290658585
156365984
1135898608509825024
1135898608509825024
1135898608509825024
1135898608509825024
1338866706010140674
38033026
1338866706010140674
38033026
781870120234803200
1359154549911670790
19762987
37416154
172473788
1061732105800085506
479026352
1328016180750282752
1368098688984248323
1368098688984248323
1306050626883694593
1361633388440948738
305612850
1497960784055488519
1497960784055488519
923775486127493120
741181965206970368
741181965206970368
741181965206970368
1339569639614009344
1275446147700518916
58902412
1275446147700518916
13665432
1232742531621892096
58902412
3373564096
1439606119140315137
20611702
195073490
31389952
998476071292035072
789360788838424576
238109168
615476387
983400180
1342246146
3373564096
1120744894203609089
740917569142566913
1496801392513716224
453906285
771009100624912385
1461432905130033156
1461432905130033156
3212898292
3212898292
332391057
1288738130867232769
783409468054839296
305612850
1310964486199795713
131293004
2872969988
281532180
1015217707891949568
1015217707891949568
741181965206970368
270462799
1274716741
15717745
258745896
593692245
305612850
226929592
341932463
741181965206970368
741181965206970368
2942170702
55487753
940191986346266624
230910455
957358517903613954
957358517903613954
700957291
1498406320088748032
15717745
907214403573035009
1000720889649000448
43150882
2850181869
929764442421780485
1300006304895860736
25516100
1155033498119524354
1443520866457956355
38033026
19334026
1324285369832058881
1356350908200857611
899010525136388097
258745896
1385321942685728782
1290914712566337538
1292390851461685255
20427104
2305137562
14405428
1315532028
1315532028
940191986346266624
356843304
946038681781047301
19397291
284025416
1497206086235000836
902686243166793728
101538889
55487753
322244820
6058832
1467111963163602947
889208044671946752
889208044671946752
955474624917188608
857981635
1338866706010140674
2974973199
15872682
17685876
3373564096
1258021184899350531
21474608
1497881307573010435
1460642443
305612850
1453056280617275394
2329033481
476591541
219653856
506317379
226929592
305612850
226929592
2590058264
3393385137
529261960
226929592
476591541
3103828582
305612850
1281394579414155264
384825486
1281394579414155264
269940283
226929592
1443520866457956355
305612850
226929592
305612850
959158733900218368
226929592
305612850
226929592
869159192506097665
1109941264336719872
1453260560133459989
305612850
1487833192275001348
305612850
1460642443
506317379
1339569639614009344
959158733900218368
584107111
1497892850872328198
869159192506097665
1112353834230255616
1112353834230255616
226929592
775084458743562240
32896539
1339569639614009344
30701945
1099947915664113664
1172869273
1109941264336719872
17685876
15473483
24514743
992688838987436032
320765184
775084458743562240
1024970244580892675
18867498
998476071292035072
15473483
15473483
1325798836602875905
394129541
1427220275620421633
998476071292035072
584107111
1120744894203609089
1161543558052139008
258745896
1460642443
18240207
13405512
23934018
24119198
822964671305121792
402377699
1048691916
940191986346266624
1949497680
940191986346266624
55487753
22476225
78058188
1156271613312212997
949873892
13665432
1476707598
13665432
1622142230
1160450316103487488
1497892850872328198
984849357106270208
20611702
20611702
1497892850872328198
2404997381
818127906
1497892850872328198
1442422622948528132
1442422622948528132
771797576366645248
771797576366645248
25884686
1491891865586651137
34785068
20611702
13712
58244415
58244415
2264961053
1460842088
1293084146126946305
306688987
2418099208
818127906
1497637338830327814
1497637338830327814
116154338
31492792
471536446
790879650482364416
1417914529
20427104
19764533
1417914529
1179132092455759877
61250638
66735643
66735643
953748657190440961
2488626824
419197802
419197802
20611702
1019935481969115136
1019935481969115136
419197802
20611702
20611702
20611702
419197802
419197802
743897090007404544
20611702
1019935481969115136
20611702
20611702
61250638
419197802
19762987
20611702
61250638
20611702
20611702
419197802
61250638
20611702
20611702
1343500261982089216
419197802
24514743
20611702
61250638
77744986
20611702
419197802
187485845
20611702
1125414934131687425
61250638
28825205
20611702
419197802
20611702
19764533
239889295
20611702
1443520866457956355
1343500261982089216
40879848
55487753
1468637718691610624
61250638
351805254
1029415540694179841
284025416
1358462435104071684
19764533
257573995
1241032817527619584
1342246146
1385132093064220672
944275192058138624
84928688
340486628
47900772
891099056998670337
25516100
84928688
2946239062
2769492718
340486628
1015217707891949568
741181965206970368
1215926666578612230
1215926666578612230
294000916
1197202351553236993
294000916
294000916
1442422622948528132
756871347037495296
4822315269
3044288870
3044288870
1350222990630391816
1350222990630391816
21760898
1120744894203609089
1350222990630391816
21760898
1350222990630391816
1350222990630391816
1350222990630391816
51578730
396618124
17963196
355063017
567684174
20611702
20611702
20611702
1120744894203609089
1483731527674601473
16362310
234387750
3121508429
17963196
1278779333486706688
551730401
168709423
20611702
24862059
784507090551406592
1706546827
364377121
333903537
725925007
20611702
20611702
20611702
20611702
333903537
929764442421780485
4097872618
20611702
725925007
20611702
2850181869
4384251
20611702
725925007
20611702
4097872618
20611702
2850181869
20611702
4384251
4384251
20611702
20611702
4384251
1181321997181169669
725925007
4384251
419197802
20611702
4384251
419197802
20611702
20611702
20611702
419197802
20611702
20611702
3121508429
4384251
4384251
20611702
725925007
725925007
13368602
1322921083490701320
2850181869
20611702
20611702
20611702
19762987
2850181869
4085782455
591044078
19762987
907214403573035009
20611702
551730401
20611702
20611702
87776317
3347508124
3347508124
1119971336485507074
55487753
19762987
818127906
1442422622948528132
950044783870988289
818127906
818127906
949873892
2418099208
818127906
55487753
788283419822321664
1254767458310746118
1254767458310746118
1493006913243697152
3347508124
180911960
3347508124
35545238
414321157
1283347058318028801
1372219604915908608
819461438
1445578000037138433
1208042953404497921
487494915
359532790
36307113
988756793496100864
97734859
238109168
26798240
637229549
1201786712227233792
724618367290757120
949873892
1420786783336472579
1015217707891949568
1061404497501667329
2434054144
1364234424452284416
180911960
1442422622948528132
1359924687892013062
1272848158805102592
527753456
327023127
3103828582
1322921083490701320
741181965206970368
1236005922
42695443
1234785430144520192
949873892
1495884883905990657
31111153
1495884883905990657
26798240
185728884
2325000927
1446745414921867266
26798240
1430930500990930944
341590784
26798240
341590784
23573509
26798240
26798240
23809070
591044078
946038681781047301
1492915215285030915
949873892
1115385841
39239833
1034011336185970689
17685876
355063017
342447223
29676425
329031283
615476387
615476387
24514743
168709423
26708613
1496733487033995264
1496733487033995264
1417553441434619908
1083724849011441664
1119971336485507074
1490657267502432256
1217504156509986817
180911960
180911960
1217504156509986817
200806723
180911960
179227646
14405428
1217504156509986817
180911960
180911960
180911960
180911960
1083034873793835009
59506992
3347508124
2188877355
1381175671343448066
1442422622948528132
1442422622948528132
28312988
1442422622948528132
1385132093064220672
31994651
2794003500
59506992
1343500261982089216
32362052
18601762
18601762
1213675987793137670
62524886
192205385
3012371014
1090208064098258945
66622797
1229318317141381120
192205385
1324409059659964425
949873892
234387750
1051181380732968960
949873892
949873892
707668606922915840
1119971336485507074
1357012807955460098
882196736
3103828582
162672672
1051181380732968960
1357012807955460098
1357012807955460098
1435184064865177600
1492890242268942340
1051181380732968960
584107111
117065895
14405428
14405428
752523992058200064
1015217707891949568
414321157
66622797
943236537478778885
827604968475607042
44316900
14405428
827604968475607042
827604968475607042
14405428
1115279742834499584
943236537478778885
261409790
427535413
1253008021531353088
471253152
2325000927
1160450316103487488
1439528852569665536
3012371014
2418099208
14405428
342862254
180911960
1357012807955460098
180911960
180911960
180911960
180911960
180911960
327990475
1067527900763697152
1083034873793835009
14405428
776171614618681344
1357012807955460098
950044783870988289
116872803
1083724849011441664
131293004
1443520866457956355
2472156079
1268113275868381185
131293004
Result_count_tot:847