895214544313876480
1065640603
488352093
76292859
10141402
478553827
78888818
135173461
214809052
136600742
36006119
47974057
47974057
2874173163
47974057
329999041
21393770
21393770
21393770
512447810
2379405302
2379405302
136029854
382872212
2379405302
512447810
21393770
21393770
512447810
36006119
1196581969
486785562
36006119
15101278
15101278
98873754
21393770
21393770
887106534
136029854
401585184
21393770
21866798
25768221
21866798
21866798
21866798
21866798
136029854
21866798
401585184
401585184
21866798
21866798
21866798
977260369
977260369
21866798
46106058
18443986
46106058
18443986
46106058
18443986
18443986
1196581969
21866798
512447810
512447810
361483018
1196581969
977260369
270347262
270347262
270347262
18443986
18443986
18443986
977260369
1097794657
211527030
1097794657
211527030
136029854
325136526
21866798
21866798
21866798
27716729
58737118
58737118
58737118
21866798
21866798
19179740
19179740
19179740
156760472
401585184
401585184
16745097
16745097
16745097
31700411
98873754
58737118
136029854
512447810
58737118
98873754
400864184
400864184
386794203
386794203
136029854
512447810
21393770
140394260
58737118
512447810
401585184
386794203
21393770
401585184
512447810
58737118
63838500
14220665
16745097
512447810
512447810
73197360
27716729
Result_count_tot:133