471152965
155027569
2358236409
2358236409
24564251
1342808372077326336
1342808372077326336
14340875
175187994
165940771
165940771
175187994
169662017
165940771
26979187
24564251
17632830
434203999
24564251
24564251
360533388
915516061444866048
18360037
45320986
1264933723360935939
838081680879529986
838081680879529986
1201941409
545394515
34231784
19283952
2898411076
296159942
303666305
26974962
303666305
25380681
26974962
72830645
3088821058
234387750
13712
13712
47974057
38635103
346023707
1382743280
47974057
151564554
838081680879529986
66634122
24564251
2154630176
971883633698066432
26344613
48980951
192689889
30249703
45531571
920183218057474048
2729147326
2729147326
20238626
26344613
26344613
26344613
306426609
131329180
24564251
306426609
24564251
24564251
24564251
24564251
24564251
24564251
177911444
177911444
24564251
24564251
3433099685
24564251
195073490
916703766
18360037
195073490
195073490
19256979
195073490
1323375732
195073490
3212300878
1323375732
358676812
195073490
1363948086
402644147
1708897405
402644147
1708897405
1708897405
402644147
1708897405
1708897405
402644147
1708897405
402644147
402644147
402644147
1708897405
402644147
1708897405
2178642265
195073490
19145951
93914726
358676812
326165164
24564251
1488840763
39239833
986502582
986502582
986502582
1488840763
986502582
427537521
18360037
1488840763
1488840763
145970009
18475198
195073490
305455284
767089555
274452288
2501224960
402644147
2501224960
72840952
986502582
2389682486
2389682486
873304134
18560876
113147061
29676425
29676425
55496543
72840952
1324175449
1729801471
145970009
19337187
17650380
224970921
422571853
394247646
72840952
72840952
73483943
71283764
44098080
19583956
1190182783
402644147
19583956
1190182783
415866479
235145810
315450755
72840952
72840952
72840952
2452262002
1452515058
18360037
145970009
19145951
19145951
72840952
29928571
1190182783
72840952
72840952
73483943
2478155442
72840952
1190182783
72840952
72840952
72840952
72840952
72840952
72840952
72840952
72840952
72840952
72840952
72840952
19145951
195073490
355348269
34580764
42625724
1076581284
72840952
72840952
72840952
72840952
195073490
72840952
18475198
19145380
174762419
72840952
72840952
72840952
23573509
2247091258
19145380
21846143
19769863
23573509
19145380
23573509
376463027
274452288
72840952
72840952
72840952
72840952
21846143
2512403330
305455284
72840952
274452288
24177970
72840952
72840952
274452288
72840952
274452288
72840952
543355336
83839799
19145380
33481021
19145380
19145380
19145380
23573509
19145380
23573509
19145380
23573509
23573509
23573509
19145380
19145380
19145380
23573509
136029854
456469245
18475198
18475198
18475198
18475198
18475198
18475198
18475198
18475198
18475198
23573509
394247646
18443986
986502582
986502582
72840952
1432603364
72840952
402644147
2501224960
986502582
72840952
72840952
72840952
72840952
18475198
18475198
2501224960
79274609
18560876
74539103
18560876
18560876
74539103
18560876
79274609
18560876
79274609
18560876
18560876
195073490
477874427
986502582
1563342272
216789562
1338522338
274452288
72840952
18475198
1551481968
1705451886
394247646
394247646
986502582
394247646
70423313
23573509
916703766
618965660
986502582
86577305
31963968
31963968
75224818
378729002
422571853
630327466
18475198
74539103
74539103
33008891
74539103
74539103
74539103
74539103
1369031936
74539103
45531571
72840952
32095865
58737118
14385713
356740432
19386796
18475198
26213387
26213387
39581053
360838847
195073490
195073490
908582106
360838847
72840952
24250540
34941106
24250540
34941106
18475198
24250540
24250540
18475198
394247646
394247646
394247646
394247646
195073490
394247646
171196182
195073490
195073490
195073490
195073490
195073490
72840952
19297030
72840952
986502582
42625724
19337187
32095865
19337187
394247646
1150972124
1150972124
19145951
986502582
2466163986
25389682
381064674
24250540
24250540
24250540
421368016
24250540
1486998115
53115344
53115344
63838500
72840952
53115344
72840952
53115344
1705451886
1705451886
1705451886
72840952
72840952
72840952
72840952
18443986
394247646
72840952
358676812
2428096221
18443986
368221828
368221828
326165164
368221828
368221828
326165164
986502582
368221828
2501224960
72840952
326165164
326165164
72840952
2501224960
195073490
1705451886
24441893
1705451886
1705451886
1705451886
394247646
72840952
338209422
72840952
72840952
72840952
72840952
72840952
72840952
24080915
19145951
358676812
326165164
72840952
347853730
1047769484
986502582
72840952
72840952
72840952
72840952
72840952
1190182783
316155035
986502582
1264327099
145970009
145970009
358676812
402644147
44098080
349645412
1017083635
1017083635
349645412
73483943
308394496
113147061
18560876
93914726
1488840763
1488840763
1488840763
1342246146
18560876
72840952
1488840763
47154016
1043373894
195073490
72840952
864391304
72840952
72840952
18360037
2310295012
24694916
196569190
18475198
195073490
305455284
195073490
1002809912
18560876
216789562
1002809912
2310295012
218807759
145970009
358676812
195073490
18475198
1043373894
305455284
1043373894
1043373894
305455284
1043373894
1043373894
34696385
72840952
1708897405
1708897405
36307732
1043373894
36307732
1043373894
421368016
36307732
421368016
305455284
36307732
421368016
421368016
36307732
305455284
36307732
36307732
36307732
36307732
72840952
19764533
145970009
195073490
1178437964
195073490
23531137
41785808
41785808
41785808
41785808
1551481968
402644147
402644147
402644147
216789562
1240047962
216789562
45531571
38451208
358676812
2178642265
1488840763
72840952
402644147
113147061
250849265
349672556
18360037
236403619
24441893
29676425
113147061
72840952
183691232
18360037
90831443
72840952
72840952
196306582
72840952
72840952
18360037
72840952
72840952
58301239
224970921
72840952
20707143
195073490
394247646
72840952
394247646
72840952
113147061
72840952
72840952
72840952
72840952
145970009
44098080
325150281
235145810
113147061
1488840763
767089555
325150281
325150281
325150281
325150281
325150281
325150281
325150281
325150281
325150281
325150281
325150281
145970009
224970921
72840952
107354968
1705451886
1705451886
145970009
44098080
235145810
873304134
41785808
1920493537
394247646
422571853
113147061
394247646
478935066
386588573
30249703
203532066
38451208
72840952
72840952
72840952
72840952
1543506013
86577305
2178642265
2178642265
2178642265
2178642265
305455284
72840952
195073490
767089555
103555738
382598137
986502582
72840952
986502582
64441266
394247646
41785808
29676425
29676425
29676425
2191844206
402644147
1190182783
1488840763
18475198
1488840763
422571853
1509713220
402644147
225341716
300346250
300346250
300346250
300346250
18360037
300346250
394247646
18475198
83839799
29676425
38031287
38451208
394247646
394247646
38031287
29676425
29676425
38031287
38031287
29676425
38031287
38031287
18475198
29676425
29676425
29676425
29676425
18475198
18475198
475024685
899800400
18475198
18475198
18475198
305455284
300346250
1509713220
1509713220
1509713220
225341716
1509713220
225341716
113147061
634775461
873304134
358676812
305455284
305455284
72840952
986502582
174762419
1509847292
172694845
172694845
394247646
72840952
49370357
14940714
49370357
14940714
172694845
414693833
18360037
39239833
386423789
305455284
478935066
305455284
305455284
72840952
25389682
305455284
305455284
45531571
326165164
308565504
305455284
305455284
305455284
235145810
235145810
72840952
45531571
145970009
358676812
34034031
613510447
873304134
613510447
38451208
72840952
1488840763
1876471668
22365643
271452758
904566048
483764720
72840952
12330562
145970009
613510447
613510447
195073490
1138000304
1043373894
305455284
86577305
145970009
145970009
86577305
24441893
196569190
24441893
172694845
33888220
Result_count_tot:787