296159942
1084237094
273333721
816993776
1484287162141061122
1422256004306292739
18475198
545394515
1274598933579382784
276565825
992688838987436032
276565825
233665155
945674562406113280
18029265
33609198
48131674
1343500261982089216
1363906246563287047
1484605667621097474
1484605667621097474
3308599215
1377226490597806080
212312734
816993776
816993776
18475198
1330892617903726593
66681098
14048665
273333721
192273401
1029415540694179841
192273401
1029415540694179841
192273401
3413490065
192273401
1125479276336308225
30686053
2855541052
764169924
1675636452
1475617549723254788
992688838987436032
238109168
1381081941026480129
1453618569627963393
940191986346266624
1342246146
219653856
26451758
81236032
1512614928
887025504208990209
887025504208990209
1362400037460979713
6706182
320766476
1103943839763623937
334014421
18669139
18669139
26798240
1029415540694179841
320766476
789463176576430081
2886686421
1029415540694179841
18669139
271866986
863649079200493568
1565780678
996362321780932610
966666031166054400
1313107308545740800
54972400
24514743
21423985
1343500261982089216
1241032817527619584
33038034
497972401
1343500261982089216
497972401
1343500261982089216
497972401
1343500261982089216
497972401
1469403303385706501
1241032817527619584
1343500261982089216
70509722
497972401
1161216785393360903
14738143
24458702
1241032817527619584
1241032817527619584
1241032817527619584
1241032817527619584
23176823
1343500261982089216
1343500261982089216
1343500261982089216
1343500261982089216
1422256004306292739
1298737602850435076
497972401
1298737602850435076
497972401
1298737602850435076
1155396785587871744
1298737602850435076
1298737602850435076
497972401
1298737602850435076
497972401
497972401
1343500261982089216
497972401
1241032817527619584
1208924740179677184
1343500261982089216
1343500261982089216
497972401
23937836
16144050
1016326604987957248
1192930625155686400
497972401
796805869858148352
103097873
19334026
1241032817527619584
1241032817527619584
497972401
23937836
1343500261982089216
497972401
1343500261982089216
1298737602850435076
497972401
1426924506606620679
1343500261982089216
1241032817527619584
1343500261982089216
2391406278
16144050
2391406278
497972401
103097873
1241032817527619584
1343500261982089216
497972401
1343500261982089216
497972401
1343500261982089216
497972401
1275446147700518916
3515220803
1275446147700518916
1426924506606620679
4008584489
740807653
1337797928
575398242
1204838809
1029415540694179841
1343500261982089216
572121670
1451508853888196614
3178221399
2869032623
14694707
175187994
3515220803
2192058508
927216752
262876171
6706182
1192930625155686400
117064710
2723308582
340976159
701807069
1029415540694179841
84364750
423343032
274911017
176085590
70373458
15571097
16681117
1004882796
33667679
23934018
1239238620613087233
139461217
1208924740179677184
1161216785393360903
273333721
28170408
3515220803
1239238620613087233
1239238620613087233
1239238620613087233
3515220803
1239238620613087233
1426924506606620679
1420399174496006153
139997002
312853329
3515220803
19334026
1426924506606620679
1412853249426722818
1337797928
1337797928
2180532753
3125033591
1161216785393360903
1161216785393360903
273333721
199604190
2723308582
3515220803
3515220803
337332303
337332303
2313448980
2723308582
1161216785393360903
2723308582
14712588
3515220803
2723308582
3515220803
281589495
503245246
46888173
238109168
238109168
1393480998508244992
42938159
116872803
235309323
84364750
24514743
262491156
262491156
262491156
262491156
1239238620613087233
14288037
14214281
1326690018
1268113275868381185
1343500261982089216
350954507
802234193350627328
361852315
1179132092455759877
1417553441434619908
2723308582
1181321997181169669
31389952
230649466
64017065
28980822
28142174
307462679
44714439
2723308582
459969785
717036122837266432
816993776
2723308582
76989641
1338866706010140674
18475198
1354354296
2415534528
1409919653263073280
1484287162141061122
43721224
489479693
14574520
1221539816610914307
320766476
1171761988697042944
1071540572916277248
1387392309445136391
570744394
1465651589927116800
207417492
4798966816
2428550390
2727239239
230910455
1452062606018154506
3164860497
14310788
1241032817527619584
48131674
1029415540694179841
960878850623328256
72256129
361758488
3103828582
404128466
317643480
932785156284350465
992688838987436032
271866986
4789896694
804132241
825801844488278016
796805869858148352
796805869858148352
171211471
171211471
898661918960963585
1201151752927662080
796805869858148352
3308599215
27718077
482996378
1029415540694179841
1357636089733873664
48794268
1355617817438121986
66664753
1355617817438121986
33830969
19334026
19334026
28998776
19334026
1389272852264849417
1311175608
1057475636
797066324233060352
18364179
1479288002
1268559555702730758
19334026
271866986
1343500261982089216
14694707
16362310
33609198
153546516
3103828582
232964109
459969785
816993776
1150664826
48794268
2613797256
830532037
2613797256
19334026
1241032817527619584
103097873
103097873
1029415540694179841
2326177498
1412853249426722818
271866986
1385321942685728782
46888173
701807069
1343500261982089216
124407750
1298737602850435076
1029415540694179841
19334026
1338866706010140674
1016326604987957248
14303569
1389272852264849417
1338866706010140674
304732906
1276320722269491200
1241032817527619584
24605727
2560459421
24605727
898661918960963585
24605727
1459225465735069703
19813523
1241032817527619584
342890658
1060229102
401653137
1478489472161484808
1478489472161484808
1478489472161484808
1478489472161484808
1201941409
797066324233060352
54972400
401653137
1011145461556793345
2418099208
797066324233060352
43101130
48131674
401653137
4008584489
4008584489
1408358790303453189
1408358790303453189
1253348557626753025
960878850623328256
960878850623328256
401653137
175187994
1338866706010140674
1478489472161484808
1338866706010140674
401653137
1201941409
1276320722269491200
796805869858148352
1060229102
1338866706010140674
796805869858148352
274911017
103097873
1276320722269491200
401653137
2718334706
796805869858148352
796805869858148352
401653137
796805869858148352
16362310
14694707
796805869858148352
796805869858148352
1276320722269491200
796805869858148352
54972400
1276320722269491200
48794268
1339251046510714888
6706182
1338866706010140674
1201941409
115124092
1338866706010140674
14174007
14174007
33659846
1338866706010140674
1482401123407388675
1422256004306292739
1482401123407388675
1483534596163751940
274911017
1159432229073895424
1172869273
976904551809847301
1216709986237272065
117064710
159584988
2428550390
121361369
1338866706010140674
1338866706010140674
404455416
117064710
124407750
414899044
1338866706010140674
1276320722269491200
1338866706010140674
1241032817527619584
14694707
1338866706010140674
233665155
2326177498
14694707
14694707
14694707
124407750
1418607027660673029
14694707
176085590
14694707
14694707
124407750
240581865
728743549
214809052
214809052
557603994
30861154
1029415540694179841
2727239239
50303955
1482302475176665093
1482302475176665093
50303955
103097873
32816797
747445478
2391406278
796715545
2727239239
1313107308545740800
54530632
1313107308545740800
3588322701
991956258
991956258
14218692
32816797
21805544
67323889
944602050
944602050
944602050
1276320722269491200
1349083804623917056
1426924506606620679
1167098711450824704
90055330
16144050
497972401
6706182
1276320722269491200
33852061
2727239239
1338866706010140674
54972400
1370413813439287301
1063990107269722113
1462976336
1214695072236810241
777936503506894850
796805869858148352
2727239239
1343500261982089216
103097873
1343500261982089216
238109168
103097873
33852061
1343500261982089216
1315608195776352263
54972400
19334026
6706182
271866986
404128466
4008584489
124407750
124407750
1462976336
50303955
1343500261982089216
175187994
1343500261982089216
1343500261982089216
1343500261982089216
1306877375536398337
1343500261982089216
1315532028
24044383
95097499
233665155
175187994
192273401
1343500261982089216
17216268
17216268
2391406278
825334635559268352
976904551809847301
1426924506606620679
1276320722269491200
124407750
991956258
4008584489
1512614928
6706182
4008584489
1512614928
1276320722269491200
1310533649385820161
1443520866457956355
802509802173825024
4008584489
2496120775
802509802173825024
1512614928
960304249476349952
57832321
986599884341080066
10126712
1343500261982089216
57832321
939818513472114688
1029415540694179841
57832321
1029415540694179841
16362310
1029415540694179841
1029415540694179841
1426924506606620679
1343500261982089216
4008584489
1241032817527619584
825334635559268352
907165328907653120
284521502
3380841065
308185850
2313448980
26710942
31394950
1109941264336719872
1426924506606620679
945674562406113280
18463575
23937836
941699814
729044071856144385
31257455
2737622765
1373035064578162688
940191986346266624
28823852
2987131576
1435250739912364044
1029415540694179841
1512614928
1029415540694179841
1127478952132476930
1100692017099739136
584384166
980001963088797696
980001963088797696
980001963088797696
980001963088797696
1269386606072430593
584384166
832250449088618498
980001963088797696
1185270297043329024
584384166
1391344471422476289
5117631
980001963088797696
980001963088797696
66735643
1342246146
1127478952132476930
14310788
1100692017099739136
1029415540694179841
782848396461834240
944602050
1286288189603418112
944602050
944602050
449170257
1100692017099739136
1029415540694179841
838033909
2590058264
944602050
1100692017099739136
288374984
1100692017099739136
72830645
1029415540694179841
838033909
944602050
28771356
944602050
1375403823573954562
2600974059
17474394
944602050
17474394
944602050
167344031
Result_count_tot:692