415701368
46953366
1308115690335932422
1188948789714927618
72228773
168508977
822964671305121792
415701368
2290658585
415701368
2290658585
27695937
78864889
1258924800006926338
1314484336998191105
1258924800006926338
236403619
1487842620
1258924800006926338
413569328
414321157
2317558679
140747355
1343500261982089216
47889584
51578730
21393069
1491973719589154820
1443520866457956355
1541727288
1362331039
2999569138
943392399295942656
1096055512955793408
1255729262868357120
1485118037627838465
992162588233527296
2188290457
1354354296
22896375
17425802
17425802
17425802
22896375
22896375
14048665
1491780534481076231
1288773914
306426609
2188290457
95097499
38496097
612972910
1343500261982089216
153181379
37069899
4850997525
377551958
321546491
1448379760636219399
946038681781047301
1443520866457956355
20611702
778989402366377984
1443520866457956355
74677398
20611702
74677398
20611702
778989402366377984
20611702
74677398
20611702
74677398
20611702
20611702
20611702
74677398
1443520866457956355
20611702
74677398
20611702
74677398
20611702
74677398
1477947906191724545
1477947906191724545
20611702
37761004
74677398
30759351
20611702
30759351
20611702
30759351
20611702
30759351
60983
30759351
276565825
30759351
20611702
30759351
20611702
20611702
30759351
20611702
37761004
20611702
37761004
26201886
1343500261982089216
21857414
207608019
1469555131389820930
1373516409767092226
20611702
30759351
20611702
2805883474
887759644021706756
5890332
221476163
1096055512955793408
1343500261982089216
485041702
1343500261982089216
30759351
752523992058200064
1472887313885769730
1485583140110450688
1316809534401384455
1316809534401384455
20667905
2188290457
190229245
752523992058200064
1472887313885769730
340411851
1339569639614009344
288188665
746610873767202816
3092829436
2600974059
1336606945927712769
1354354296
1158782291272982528
398606542
2188290457
1308115690335932422
822964671305121792
306426609
1434884488325128193
717036122837266432
1223581513830281218
28142174
1273966125160828928
197110573
2415957962
1276320722269491200
236403619
2415957962
30941476
433174840
2415957962
2415957962
1448314788665253891
433174840
1448314788665253891
433174840
1448314788665253891
433174840
783426007650930689
783426007650930689
1344308387929063432
44174373
946038681781047301
1273727739519029249
1231820270
398606542
340411851
992688838987436032
2855541052
1362331039
1162505536488841221
19762987
19923066
1256977556596760577
1198189740
19762987
19923066
306426609
1376421620
1061732105800085506
27877065
804132241
398606542
1376421620
1061732105800085506
1376421620
1061732105800085506
1376421620
1061732105800085506
1518809059
1376421620
1061732105800085506
1376421620
1258924800006926338
33170830
763176248
573547878
40322305
80668551
19923066
612972910
22379431
612972910
22379431
1258924800006926338
1263093251772383232
752523992058200064
1920493537
1920493537
1263093251772383232
1263093251772383232
2953054853
1920493537
1096055512955793408
1472887313885769730
1258924800006926338
1263093251772383232
967886505619357698
2842490573
938093832603865088
282706513
282706513
3012371014
1419767446781693956
438211624
2981103473
1311175608
2870573055
707668606922915840
1422624319168032776
358175397
75935391
188669755
1920493537
19762987
1007606018
2360479607
236403619
193659324
193659324
1514087286
400882913
193659324
1514087286
400882913
193659324
1514087286
193659324
4715462775
2881239162
243578283
72798875
72798875
188669755
411806483
1514087286
72798875
2741152709
946038681781047301
3121508429
1431610292958633984
411806483
62862693
18670810
19762987
62121469
72798875
594654118
358175397
139997002
7685212
1403636393570672641
19762987
1037079135607250950
34922204
34922204
14267101
1037031822
4635071
724323373078200320
19762987
946038681781047301
28801640
2981103473
1340055325261651968
3290633087
2923520194
1518809059
238109168
1518809059
2953054853
812994493242810368
236403619
1258924800006926338
427801591
427801591
233942985
958712200230834182
838081680879529986
49294750
49294750
49294750
897831632241127424
838081680879529986
49294750
958712200230834182
415701368
1224782674922999814
23937700
1273766098316464131
1258924800006926338
65884359
946038681781047301
1273766098316464131
826488650
2953054853
13712
1258924800006926338
2981103473
707668606922915840
310519153
17650380
49294750
365635604
306426609
156201907
245275525
1258924800006926338
1456212992882839553
4023888975
404128466
1456212992882839553
63483732
2313448980
1358515777134034946
955474624917188608
20767071
2496120775
955474624917188608
20767071
1459077237077159938
3290313046
955474624917188608
39106787
793629150582104064
2543696549
1168374439
365635604
955474624917188608
17650380
822964671305121792
1109941264336719872
608828776
1016326604987957248
1434884488325128193
1460387901716447235
1460387901716447235
2767349669
404128466
61828285
61828285
1220295370229649409
23937700
50303955
23937700
1220295370229649409
386588573
1109862542560632838
50303955
700957291
608828776
404128466
238315982
1197202351553236993
3088821058
1312008191811739651
2313448980
1357051817180487682
1041237779135397888
19762987
50303955
611145201
55928080
96191122
2613797256
19762987
1343500261982089216
551730401
1268113275868381185
404165469
3088821058
33099288
40322305
33099288
1258924800006926338
340577078
22379431
752523992058200064
2313448980
70350949
271045372
1258924800006926338
1258924800006926338
1258924800006926338
306426609
718349821153832960
2805883474
718349821153832960
2805883474
718349821153832960
4887513467
48974071
1258924800006926338
846940940
1342246146
195073490
415701368
19764533
306426609
236403619
236403619
61735082
1284927960710078464
193217423
136063897
441732029
858674768
85146182
125960653
125960653
85146182
19762987
125960653
932785156284350465
382746967
932785156284350465
19762987
382746967
932785156284350465
125960653
608828776
987486896237568000
700957291
86726920
258686567
2855541052
358175397
1129236186
358175397
1129236186
608828776
365635604
306426609
955080509935292416
2313448980
2874173163
2504039479
2874173163
221476163
1455479341
2483931236
770342449994694656
1437719812738850819
1233016983031046150
2466661360
1920493537
23481859
1428425996655542285
798095178
1323890682067587073
29958529
247181605
1437658545307144192
2313448980
2313448980
608828776
415701368
2981103473
2418099208
1342246146
2418099208
2418099208
5201311
1288762852346560513
23176823
1342246146
1483179049
1342246146
16362310
1183043488994209792
1483179049
14420387
1342246146
221476163
846940940
277496292
23176823
270799718
270799718
3419927662
21393069
1183043488994209792
1250898934664486918
3319450421
74677398
415701368
1085173118619078660
23573509
277496292
2874173163
365635604
941980603431505921
277496292
80668551
14797716
103280252
2971811784
1163547338071334914
1250898934664486918
846940940
469189813
1342246146
1250898934664486918
414321157
948480584833216512
18520064
43062590
2825747327
138890465
365635604
28072620
75742264
32338951
21689226
14286342
1518809059
414321157
1288762852346560513
1314484336998191105
3129875193
22379431
1314484336998191105
3129875193
3129875193
3129875193
1314484336998191105
2583581
3129875193
1183043488994209792
1625238223
174762419
306426609
1670932801
338557070
70996053
338557070
338557070
70996053
70996053
106769293
846940940
174762419
70996053
1543506013
106769293
306426609
174762419
174762419
174762419
846940940
174762419
846940940
174762419
2310295012
174762419
306426609
174762419
306426609
174762419
3297623842
31398221
306426609
1037031822
2310295012
306426609
2310295012
2310295012
306426609
2310295012
2310295012
2310295012
2310295012
2310295012
2310295012
2310295012
2310295012
2310295012
1169018354503471104
306426609
828620824294879232
828620824294879232
828620824294879232
1169018354503471104
1169018354503471104
828620824294879232
1169018354503471104
174762419
828620824294879232
828620824294879232
1169018354503471104
306426609
130597727
174762419
414320817
1346193060
1346193060
306426609
174762419
306426609
306426609
174762419
306426609
18657392
174762419
306426609
174762419
306426609
174762419
174762419
306426609
174762419
14291331
784582
306426609
2812776498
14907863
26859563
422628082
18006431
19762987
28969873
828620824294879232
14907863
422628082
828620824294879232
1201941409
346380267
828620824294879232
422628082
422628082
131293004
828620824294879232
2812776498
828620824294879232
33659846
828620824294879232
267204162
14291498
2836113274
828620824294879232
828620824294879232
828620824294879232
827259086563479552
130597727
275593657
707520381507211264
14291331
130597727
1201941409
1328270230494146560
415701368
2557302770
274483058
491412229
1343500261982089216
2364874091
1343500261982089216
30097577
415701368
14606990
492189880
612972910
1288762852346560513
612972910
65619261
415701368
415701368
603775254
2173021144
846940940
306426609
306426609
415701368
38260259
480660806
415701368
502930299
828620824294879232
2415646176
175187994
2415646176
175187994
175187994
175187994
1399941906
31380527
219653856
175187994
175187994
19018191
1342246146
19018191
19018191
1342246146
19018191
19018191
1342246146
1541727288
19018191
1541727288
19018191
1541727288
19018191
19018191
612972910
1541727288
1342246146
65619261
19018191
19018191
612972910
1399941906
1342246146
1073486504834592768
47459713
17216268
1290914712566337538
175187994
818127906
612972910
1290914712566337538
19018191
1399941906
1290914712566337538
1290914712566337538
19018191
1342246146
1290914712566337538
1342246146
19018191
612972910
612972910
1342246146
871701848444555264
1342246146
1391344471422476289
612972910
1342246146
871701848444555264
19018191
1290914712566337538
1342246146
19018191
1342246146
612972910
871701848444555264
1290914712566337538
19018191
1342246146
1342246146
612972910
871701848444555264
Result_count_tot:786