844876405649391616
26229790
69008563
289253819
803694179079458816
1349149096909668363
30354991
939091
4791778277
159845559
37685197
25152546
385881449
315450755
113002313
28406270
937499232
18387289
30927768
135820177
291277159
1175053362
33585774
31153092
430180591
1395635348
52785255
27704856
82593401
831494114
30241775
46207429
125960653
2925842572
120048506
19389900
2738545575
3972584608
421242809
3609098973
60896067
133683225
127268367
141744721
28099901
912566684
36006119
260132760
36050996
730745780
44196397
804678572870930432
818053116
1855109353
18332222
636833537
2404437771
3445004655
191088146
18016543
135462216
340549419
292885014
49399604
154673517
22282690
211525422
136939611
28148610
619017291
501131775
1346784234
1114174489
1037351
294073504
2470136607
2744754948
778901126
214049275
1178437964
279131939
17756100
34243437
157907219
19705628
24010664
373890791
29437847
39052549
60891099
23185890
156944270
29928571
20679622
18293645
461040065
369442305
482948382
402983524
744579124241498114
70627064
23438083
2801247624
3402615569
2391609793
67661938
333903537
47895003
243206115
225341716
25144335
21905404
81844094
45845636
25313658
32416211
529334746
74217252
2504754928
1477116528
732912102713765889
191066432
54849739
223442298
1167061771
72807739
3411639460
82584761
19764533
39484150
3089853769
461941436
895354873
469780703
2413425671
258798860
789341341
66335860
250831586
156132825
30047168
284693066
2477802067
34972320
400214754
307456888
216883346
161264651
95410045
28963630
270779278
1962188612
25289729
123528160
873304134
70423313
3165982823
461105934
17650380
23211282
531531833
356398393
3414509159
2363028609
19107588
2232228754
33609198
1328154901
1415385462
494384645
363282607
193597488
28535253
75214773
1653771666
18850035
184714771
36074497
1198189740
407186117
105265572
3120199225
19099958
54917900
924331344
263036648
25611502
62523083
14790385
926245368
374473407
62574827
20927352
209022228
756895303
39599815
471709113
66998183
151856844
136392057
89233219
1482525636
2964888532
26798240
611664146
47606328
623560628
554611213
243791786
58911829
142613436
21746816
1692348139
2885391159
91955956
219465351
17308389
208442526
45786456
40209152
227835747
2379616434
404722368
2742671437
1534655556
21391879
66985635
376747336
34696385
33497800
22988843
1076088475
59548897
246816735
19962340
38265914
23849809
212679277
891754482
33480259
217351039
265938709
193186935
29273536
19343254
2256102213
33623709
36039059
478553827
38769939
26214264
815284470
113307238
20053610
238308510
404308550
513584555
110115791
126256491
2701183771
1682925277
198625434
31709542
28079832
961256174
72302297
2645220702
527526077
67851742
14118604
2347049341
83199512
19119226
35426997
29967293
749444851
84538257
40443425
68741204
2489138732
1344951
14199378
50003640
217217458
19224733
133887945
2228363243
52798884
1330457336
1339835893
410731663
32352209
462893360
1068300744
28806730
550085442
51243315
369395471
14292335
14395000
1706528556
318977179
25171315
212191011
328116701
112813136
47305738
51403907
1157965518
90534982
1382743280
33467543
74143933
27062533
951333086
1923047580
2180608131
199670339
1009813400
1582853809
66975878
114216901
40215521
235145810
144514524
64742113
45514644
237524449
1903996194
22604909
42042554
1959103621
40727926
25129391
22677425
193311364
14340875
1886301368
112871323
1023096199
310807988
161616513
215993689
14906581
1567569330
1898190944
9695912
235941182
965762185
200097586
18435641
214845100
187974361
1920214520
470160047
336116660
28088939
792605850
14584834
730334082
331559433
347849896
1070829493
340417401
42407938
31499866
19297030
95200150
63080961
45919516
37387091
413041610
17066475
21423985
45791579
65533777
14336209
1664666539
252468595
401613697
40104646
36918193
743060426
29697649
32859695
1652575946
1100427314
20918717
274854112
30505656
29692369
20667991
471425301
177707921
811694552
1612500732
1607793836
31267211
775314242
198906820
32351643
1565897178
28109832
57039876
46391393
30306330
715834782
377578254
487970420
21936101
1326569053
33033900
14549178
274160193
467397015
198809288
94397645
1108637306
492847492
201641845
740057864
1397661872
57696728
44317501
61756804
66980792
17187058
471084733
1281077874
105925524
1032862448
33667980
21384899
20432556
613270385
38638278
201182471
33830895
275686656
1500371
169201702
316563842
21759024
473914976
1313453989
770989208
497816113
30207101
201690715
15745368
758960563
33152235
116715920
93847093
1234521500
492095025
63516514
1070857573
1173685621
244655353
1182776450
29942355
466342611
66664753
24250540
126903510
472830379
419788091
14287446
485686519
37876601
1073140170
19536763
401585184
6209492
332746072
883921728
33610158
242491033
14304692
21786831
38260090
612664952
33482265
60084776
297295848
25300420
976018034
36434474
572871250
36029584
36356073
151869341
18721327
36775945
31084859
359273326
7027112
24156016
241109716
482971150
319228928
36188296
559258664
82836701
501744819
14474607
77737885
108077269
66433571
44959207
38828305
292289486
407952439
887106534
17509243
318034985
59447358
156580448
30931766
66456903
869606803
483305140
22857787
34556256
320829399
42843759
278664682
73618377
14502885
877944056
236829256
296750001
863188267
31822122
28087996
165785868
204525639
31206435
19157451
18338159
233511339
847413757
314745850
43062590
849900457
71885961
237260418
554537549
171438889
242861232
775777237
232936540
818777893
733751245
819168234
130754088
85557412
24575979
714997362
717610795
196749708
454191471
140118545
714812948
282976656
607016620
276172272
18029265
249633429
29704091
14190996
25416669
134221985
241490028
57093175
230457924
34456552
30876968
64004084
25493771
231793478
481096876
607586872
31689568
351432408
109518865
151768781
20974905
398003082
111248351
409350939
337744167
343273213
499776536
86154361
386391360
27692462
228694077
352534464
28304157
45810524
555950824
39488289
236108456
363191946
485554651
21868875
20667949
122065283
317101757
41090452
17471820
189333019
130267435
390856590
195848365
216357534
419553326
310458941
322531105
50055701
22920732
31109465
255628022
55175377
367201390
26588415
53213766
29082795
481539254
483923486
22261860
210792232
49627168
85403705
48974071
223194178
243627457
20170408
71294756
30043495
19442053
69835350
14104027
20611702
62522258
112666537
36913499
247488242
42741077
96861734
18760790
14431416
61250638
16303106
18549724
378930091
351650159
78099370
37391937
127074628
390719961
16904159
373454693
88454623
122334031
389973334
416615634
33160558
421072118
28087473
266508642
34342963
30656470
30837735
33505076
20374992
381502681
61450363
193254081
158351997
18018674
220369110
354516475
80807542
391936127
42826539
260308246
39965455
194681102
295876501
35422745
370817135
34357825
19659689
106769293
384786873
5496932
38432365
14599677
124882197
103792291
22172506
51200901
354997364
12471892
114042360
20974015
1601731
311626781
123614426
16017859
338969947
28997082
193259220
304352900
361483018
355643629
191165723
42508097
17873227
322497260
190340244
235102132
18769714
16698195
84639315
72228773
345842262
69977251
23436442
35739895
87655238
36624824
106367656
236860765
180511678
40196836
77211534
58477132
20221782
267403905
20868447
241959982
48327947
14282840
338049872
69056665
14402173
154839038
14894580
89175422
17776634
326212673
21086162
55243537
87391434
89425072
59614343
17113249
65907870
44987423
18377085
206452431
339055436
340238809
21689226
44863256
45573406
44203664
26601441
39478117
141709158
202971486
292904816
30941476
37921321
276493304
313973008
293438817
31687026
317240118
248618915
107762215
38646590
24119198
325136526
24169740
32350318
330544213
324790583
58458828
34573527
266111353
333527792
131186123
16945575
256562308
278305898
14284968
14287018
156194729
49959486
309262809
115441879
32916686
135006655
77041321
21235620
117336289
31397933
183756884
58557419
72942203
61562843
151593788
151442975
28064296
18561093
31690214
140423271
21525504
43784864
102321893
94434788
31100009
33874710
80886954
19766036
26213840
43091419
40463751
52840031
42703204
22370217
112204442
92230224
20142758
25861301
115497676
26228369
99585460
69538062
41597644
56980786
21588799
83107004
16913083
115731079
32550110
124173600
29659136
122195535
98873754
113882578
23928722
140780297
21393770
25803631
19386796
129085358
36969004
31471161
14367930
86524615
18955891
65874337
55991727
185343614
181851406
14418912
141862259
73332223
186860597
146417549
102424235
110413817
217906148
90929317
217530764
219590870
182081797
141521060
133805084
223854321
222492561
77795018
31090806
209171485
218482249
21390272
28194566
138134771
20762417
204478853
226896708
76882148
44207761
70987513
19708539
33505044
58224806
179932936
21809633
33852061
221822662
6592852
132255549
25365007
18633093
33892809
30923509
125145781
38260259
37174426
20642087
30662875
38624201
90848755
14998206
29028155
20195297
20555875
28323152
70977551
20183521
55496543
34402309
18716146
24686706
17425802
26719548
55541718
53876028
38870922
82353528
14287326
20425675
25063945
22363451
144101019
19125743
75033041
181881421
14210357
30845274
14396623
177177776
124567772
193554972
20126204
55267267
65897241
128383412
141915752
6307402
204441330
76450358
106055709
38199075
201653163
210526095
56205431
21002140
50270386
19775860
185563793
212226645
40049680
174980378
18948340
108417952
22049212
163411702
48702842
14287712
142282484
36059230
92043674
42698033
33832676
16542861
45565440
40935476
27105229
36028993
92489022
18146481
92962860
19414413
15895694
14276602
12044602
14159148
5988062
18791763
65493023
19394188
818927131883356161
113420831
33542102
17987852
41337693
63442375
41119959
38493594
25996040
14125317
16557956
25262480
101758086
25966747
14830189
43525582
55047054
136029854
20279163
30759351
24950478
116697719
4384251
18714976
14340921
14763346
28101138
40482226
14237373
17673981
38282491
21695947
19256979
20853361
6012852
45594856
34672923
24426957
22014140
41554173
37904694
62266883
34898791
138376196
18213346
19236875
49073990
28110788
15057943
19067283
67561158
37630783
16813552
28303450
20145056
23937836
42844817
19067312
35246361
26069778
25813743
73088385
31700411
19769863
30873513
21952889
29294824
18970504
39966546
21022281
19901366
81578629
44865727
83917825
34941106
74128420
28092347
37193436
48713549
47298919
46644261
15100833
33841934
66796168
36510958
29679993
34050300
75060420
63262403
37665779
14997025
45342108
30323439
22415635
48302295
22194908
30735923
19708641
103539282
21846143
19177652
69396214
39219035
34910028
18797522
19646280
18897831
19450673
14419378
19226961
24509661
20008618
29908667
19188289
78596503
14912551
34229862
20796069
27848098
14419039
18864959
47974057
17187505
32535843
18934005
31386412
61724625
63129578
18639301
34246864
45315024
20210193
42625724
18669139
38643660
27317182
33236436
45565446
39014421
37231899
32873744
46081160
13486222
20663500
82325555
84164033
34228196
61429870
90448119
14687587
64697682
16718406
76292859
32542763
23480387
36307732
14224622
14332159
17813010
17482669
18609590
16432083
14617551
20662498
