1414494862204936196
1416113786
48302295
65804220
39505623
19084896
250492272
136392057
226222147
822215673812119553
844876405649391616
3200615903
28323152
30352096
2766336177
473914976
1255234986887860224
75224818
30739418
333903537
32352209
770296968
1173622041112719362
17425802
59569015
15644592
408444085
516671992
55516088
385978534
1205226529455632385
1367531
52544275
39219035
123327472
180107694
31499866
188021130
18554686
1330457336
1339835893
409486555
69273072
14340875
18716146
16557956
24913773
26344613
191066432
340549419
818053116
18293645
41554173
44459158
821110070
1047599642
1482525636
428333
2157651508
44196397
807095
32344564
1006419421244678144
759251
138203134
37904694
5988062
394639497
6523962
27068569
22415635
34672923
82325555
136029854
531531833
22172506
317101757
20008618
869606803
217530764
15895694
471084733
138376196
24119198
309262809
36345076
819487748
241959982
51473040
563028675
3314946041
2623925110
18609590
66985635
20889472
730745780
21846143
32360844
19062719
103065157
87551769
2924816561
217217458
3387267375
31898483
186538947
315450755
30354991
210807672
14332159
93247303
14294610
62060746
4023469463
385881449
2712091824
313845197
21022281
74143933
291277159
17113249
20868447
258026952
19972884
1174588538563768320
413804411
99708447
34896383
101727020
66433571
36039059
45565446
6012852
32535843
204525639
2738545575
728743549
358969925
14224622
37921321
242861232
47606328
49370357
138134771
136184787
81578629
127268367
169201702
840198864665772032
23937836
24010664
40049680
28726577
34229862
31386412
39599815
49073990
352534464
45919516
90848755
68741204
66664753
17873227
45565440
54917900
237524449
151932372
29178136
1315998574161924096
2326177498
21423985
60896067
3414509159
58458828
193554972
78385212
260132760
120048506
31689568
701725963
966113328
34696385
34941106
37771931
196749708
4384251
19389900
33609198
34656014
36307732
277496292
339055436
1198189740
227013679
22261860
36028993
141744721
22014140
64366720
715834782
1076088475
58469412
356398393
1664732028
33152235
1083987980
2158527733
472369008
14502885
2285715729
44837562
1691130469
216420012
216276681
35890178
518784931
47974057
2401292528
27844742
2477906185
29447307
31700411
586875377
607586872
2731182199
2788007362
41183038
2494228566
478553827
2980971256
188707980
925544952
3121742226
3182648393
3175807619
1023984716
31153092
62574827
3432628019
294073504
21864336
18970504
4001122401
158710489
37416154
3874990817
3092676707
90448119
920180085440868352
20974015
58477132
25803631
261852783
319143595
227100587
38265914
1211449063691845632
156194729
1455189506
26229790
193186935
250435513
319228928
34910028
30203462
509040127
1120350168
707603839084589056
65459758
993417457
1056639852748460032
310626575
49774380
939091
1374416472
813286
249394887
2942092073
36074497
70423313
880054501583060992
18087674
19584064
361454790
469372662
365665679
474722448
439950143
36334731
24687109
423911998
47476554
192348075
23176823
38402978
453236818
601775338
19975445
68668134
17482669
32816797
48713549
138035990
18387289
14998206
27692462
33885551
34893859
112428297
2219254012
30287258
180834935
18669139
26214264
37665779
44317501
14617551
30873513
3131144855
63129578
46081160
19764533
14407392
916215618612973568
27317182
14349636
221822662
14114267
33236436
83795099
51997943
30941476
25262480
61250638
24950478
14350556
17813010
14402173
280019924
14340921
20796069
76292859
45594856
16432083
14997025
230457924
21695947
33467543
103555738
