330262748
334023867
2889501040
102390704
66333825
395305090
971742065922015232
818159135527227393
265653022
32352209
56334116
21999008
3073779378
461105934
381502681
29178136
479442225
382593384
1421361812
41554173
19234278
20868447
795483055
7087422
462287332
28875240
459252405
16542861
19068089
22956419
455709392
216357534
32113690
577472022
1175238181
567256152
21078664
92962860
20142758
112813136
20425675
46688502
28313338
40536914
78099370
238661608
32482854
39456398
588296539
234291108
63479839
1706937212
2218371797
2264840661
66987835
242491033
10451602
210463171
307013870
25683251
14237373
339055436
1941723968
707927607
20223894
2988033940
2925842572
19646280
397482962
792605850
816904548
60855002
1324175449
19827241
63266077
19975445
31499866
20195297
180281123
373890791
76292859
26719548
14118604
240620349
45919516
431549520
33236436
21695947
2467169979
17685876
48702842
2541055680
21391879
25313658
19188289
59548897
48713549
36307732
66985635
977260369
52011246
310438027
21645552
32355569
34228196
20176628
35720552
90353646
138708265
126407170
28386940
100664095
35246361
64441266
18988667
18609590
35224918
126903510
61558524
107354968
82318026
54494589
28533825
72942203
348944750
87430628
33467543
82299404
33885551
135447842
43296812
221321285
109508481
97411039
32368305
47557462
48712470
18610189
541850985
140955673
1298984162
1248561210
28303450
25657836
83557193
46081160
2195398155
23937836
19901366
74217252
43525582
91826105
46979706
18016823
273638217
28101138
230457924
20301193
17813010
27021630
632165452
16813552
27207896
63262403
221822662
279131939
39219035
45594856
14340921
1178437964
61450363
14419378
159988282
390856590
49073990
27716729
32866277
22014140
25805619
84709356
20776064
543659936
19256979
2256541959
20426971
18714976
44344421
838545979
23185890
33497800
33008891
214049275
19529605
26719515
764124031
100971308
517953828
253206052
267403905
146390348
18716146
14997025
189051125
55496543
16557956
21022281
42844817
68942913
14114267
36028993
39966546
18213346
14340875
18955891
67582395
35722768
453338587
47453114
347853730
516671992
26229790
454191471
352534464
61724625
74143933
45845636
1184166451
537055853
24354683
542938537
486553233
510931885
36015085
28103763
41636619
26588415
1669736581
55516088
931740456
1415313182
16432083
20976857
341062077
404981052
258471477
14332159
93247303
380855698
329046585
277162590
899364038
403636945
1975003459
72840952
55357588
986519377
36041901
14998206
34672923
41337693
416127698
43607135
34941106
473914976
29908667
22415635
63129578
31361207
20796069
1121157247
180505807
6475512
20001633
193273408
116432095
30923509
14196264
27845999
14330757
22006636
21664894
