3331133176
38260259
21746816
20611702
603775254
1302150288132968448
612972910
756881286
410038024
31499866
279131939
20796069
19233252
406892131
1192479630701289472
26229790
2097571
23084212
1414494862204936196
381502681
807095
742143
14340875
17650380
19450673
10451602
74143933
76292859
210807672
55516088
36028993
16432083
74217252
22415635
20868447
14340921
5402612
20001209
16557956
138203134
14114267
14224622
3308954619
14118604
15492359
61724625
28092347
82325555
64366720
221822662
48713549
34672923
28303450
63129578
86154361
