960891360453656576
1409798257
18863815
335141638
84709356
79992803
38265914
430180591
462315226
55496543
14125317
20301193
14407392
1107372186
17509243
32129282
813286
401613697
21423985
4155492063
190741481
26604036
164370740
799324
52785255
60896067
21477387
19389900
3128650517
17066475
873304134
251523398
867685740
214809052
846663964406824960
475172955
136184787
217223573
20279163
70423313
479025116
38869092
263842791
27271114
42984003
25968803
72863760
511747608
25171315
14283877
17957492
67043953
74709029
49073990
22147792
192160002
31101381
32115103
18630272
53949942
39574837
330267303
351559847
46869791
88508809
45709328
22014140
33467543
28110788
103555738
34941106
21695947
39966546
14114267
19762987
2895819202
603775254
20868447
482540247
32535843
2865683608
338701667
16331010
34972320
37904694
36307732
18554686
14332159
25365536
20611702
30354991
939091
138203134
34656014
63262403
28092347
74143933
45594856
24426957
7087422
16363682
16510479
36015085
55204617
50435228
48302295
86154361
14698968
279131939
41554173
129816301
14224622
34050300
27845999
113002313
28303450
62156156
19067283
26249582
31499866
409486555
516671992
27317182
260308246
792605850
66664753
29908667
27844479
10451602
63132954
15027331
70372722
352534464
22415635
63129578
14230524
45919516
14340875
