192273401
488352093
263036648
428333
5402612
742143
759251
807095
3108351
5988062
245109774
4898091
18949452
112871323
225341716
859518872
28818351
31109465
229191205
19119226
907517876973834241
193186935
64385966
21393069
22920732
112428297
19337187
20238626
38260259
80668551
20679622
42042554
2240680102
393387610
27845999
18897831
373890791
436538933
406892131
183225266
361855290
31097949
36330373
21649090
74703373
315450755
333903537
319228928
142613436
15056825
83795099
167092490
50604877
218884515
918901868
102976177
20796069
1652541
150788340
180777812
87551769
24153920
1005826836
19388863
2996731568
40505648
1029415540694179841
23937836
19764533
2181866944
331184960
62060746
3165982823
3414509159
4284718455
608276724
2519939785
365333975
196116347
17898461
18714976
210807672
430180591
273437662
23798120
63262403
2326177498
88001109
24913773
818053116
61724625
19067283
241959982
103555738
230457924
14487318
48713549
19077517
37174426
2264840661
14125317
14304692
25295208
31085474
1329038221
227611752
89172908
32352556
37876601
110994325
45396043
39368560
14341247
96724910
18387289
41554173
20853361
21022281
42827637
28303450
14118604
14277722
40049680
45565440
60896067
74143933
352534464
413804411
45919516
15644592
31499866
14224622
21846143
599541873
38842425
34605396
56331217
19977718
14237373
20008618
82325555
53367893
14407392
21423985
48815812
14332159
31368630
14114267
29908667
915124547996839936
18293645
27317182
51473040
10451602
72245600
14340875
30941476
1878721232
45565446
21695947
260132760
16557956
16432083
36307732
14340921
26719548
14997025
76292859
18609590
294073504
18669139
141744721
63175736
221822662
459316218
142282484
64697682
41325780
1119076135
30183766
115044695
151377115
1215299442749952000
97201069
33885551
17867748
33667980
26710373
34972320
180704610
14402173
32535843
72054152
26214264
37416154
169201702
22356192
46081160
81578629
66664753
217530764
20868447
1382743280
99708447
357112241
1410173753590534144
38632472
135173461
2481844412
51403907
3769956562
1362544471
1356910440
266698643
895214544313876480
565418442
317101757
