921209380917383168
21976616
2371458720
371972173
1359532099
1462548977367359490
262219168
1442810000070647814
106730403
4493731875
24044383
869503348759724032
969218711273000966
821784477076750338
30354991
742143
2569743630
3429865683
1330143443419586560
19389900
145278571
1329740797659504641
2801247624
289253819
1268956203159339011
3414509159
57327563
1391776140
1976143068
17487476
1261763658415300610
376817568
266582331
1146329871418843136
185328662
17223417
4430502617
41520155
324159545
209057872
710865956
370916807
594719820
1135160811847061504
169963553
2592084284
908984217694064641
970749338
1109452214
460966881
1145042425
1070979968551784448
337332303
2818756895
460163041
206717989
196994616
157981564
36329597
329815445
593708630
860761097338589189
30739418
3372016275
120048506
407634764
464621111
66204249
32657414
27716729
32991016
382593384
30110233
624913111
148642486
22488324
358665016
17343568
81824632
258273723
319228928
223442298
244972054
858512550
211808263
30287258
138134771
26761938
1362544471
26710373
33281373
824939181864517632
476591541
23531137
2310295012
804678572870930432
73092915
1061701147
16017475
294073504
1032094602
2264840661
151456066
64247948
4791778277
45335955
1653771666
464620194
2612248771
405775140
258026952
2479883252
2880958761
89484734
40209152
22606723
136600742
1111799130
2966397556
214064340
91478624
5120691
25390350
15035484
36761621
2327422303
2389351552
27860681
17137628
20596281
84114313
191849753
291339156
22430117
174469171
324780470
82825318
96010420
88008789
621906591
1866997843
2846419371
2321334363
30901310
20099416
2405757539
3431120265
73979041
31689419
260285931
3394614142
2855343141
24890121
20914074
34243979
34456552
960775387
529334746
27844742
14930764
14772687
1625325007
2879542366
1330040112
1243374858
444148387
2999558050
40873211
2852364838
234126305
2280909989
29676058
44581469
46359538
34656014
43071761
48753132
260377391
21296047
831494114
775777237
274099629
39239833
14407392
167092490
138356914
193186935
30647855
28099901
114216901
253643463
29440550
2391609793
155177727
149045919
36048614
946767667
15903076
90534982
2645220702
52662899
606448747
84538257
910856132
819381774
248328200
2380602246
2311775230
367861811
2736724776
487486212
1168615579
54148622
2751642542
2152875307
2748928883
2295557067
2752792680
155909001
947592014
913185948
2225569199
2647896079
2350403662
224394651
34571510
342631869
284523750
452471868
18421050
38154652
29204394
24955372
34359055
951333086
1706528556
861170130
106217861
560669277
324844301
29932999
191831082
23574285
26719515
50341187
414693833
1092441986
252800692
564006368
21325120
239767060
1339835893
188736341
42508097
2538761032
18948340
1093090866
818876014390603776
2462288885
531201617
2485125878
819168234
28968990
1382743280
27611351
101579484
33175300
38822086
1943634127
1497823063
284457768
51243315
2458573561
1264014362
277918687
947652200
271367322
19282301
373239963
30331139
124800656
237303495
499211936
233253956
20625292
63425851
58228836
44344421
2223803439
2363028609
37685197
69059420
404165469
107821135
365976605
21854221
390115409
37090321
320766476
359859361
270597710
14866140
124225244
71771702
54190096
2278444866
116730454
403776810
557789748
2225740593
929184416
1403546179
1157965518
2206073614
398616191
256066415
1053006745
2264944739
2279073571
2265252255
127929003
808423141
921659648
2188730991
274110345
62528862
2265544407
2161540944
2265597801
226656465
2265653433
47581702
2279386694
14273294
485085785
2265869248
561440402
54786894
234039618
2266439555
621368517
2215602034
1372940052
364157227
315852296
212586529
1187679788
2201942391
44375030
32364434
2267009175
104476133
787659541
340419014
928572739
528601086
2281461979
2268279988
2154945996
2268370025
1509713220
42880536
282020818
41419218
1020313496
404708229
392655894
1310050579
2269308555
235898350
2270131931
2270312236
21670880
2264924434
32919844
39929527
2257166357
53711579
2271088565
415755125
2271290759
349613509
2175031989
2271609436
2268457749
35183264
1947421538
30841751
2284189554
2227375779
2176313686
577215936
1211220996
477923742
2272497791
273907892
2269409853
2270802232
1487026321
2272755321
2254686178
32857917
719720476
40830935
1308648169
390636656
2257589192
33252478
552912020
2257234851
1546504298
417977566
2273693669
2227414037
2273806725
2269996342
1886443183
391864557
2274965069
2275285917
2184873465
2275685303
2275686424
2275829548
56882902
71307944
2275672415
2276930291
231192060
137113453
2187082387
1236942236
2277512577
234028127
2277585629
12885572
2251800711
1673125279
1317895728
45011548
47920342
2258255697
226733280
788798802
2279645163
2279686755
2233101413
2279928820
333284638
850826532
1545168294
112813136
1342803236
1379236308
184714771
465641646
1178965280
28097104
86910437
144980713
365936685
837346093
2292328993
1534655556
2290897448
2292471620
272507554
2283723683
2283969646
526723478
400264656
1011067921
14234241
2293211514
1355586348
315243185
2293940977
2181763230
2285478100
47308652
2285669639
2285698701
1022974620
109267797
270868759
2286015747
2294568224
2286272260
44972628
2286402033
484859147
19042668
2286547899
390128746
802275187
2295045793
499608723
2287007891
38467230
2295724044
380624645
155993565
54892181
2288440233
2288702135
31106606
2289165189
89446736
2244492405
2289393610
23226027
55829145
2289706684
577393516
2289841521
1732453142
570748495
2290061236
201425717
287606173
341026127
2214640768
2289896506
1887331411
108304760
260698455
855445597
25828859
422932464
48149997
320755487
2291349862
2291438578
15511580
2291657705
1966831992
2297918520
86959945
464876463
858213284
31464442
2282098443
2290529627
14295830
1119195858
156555563
2293301380
2293421999
2293074621
2207665960
232576774
2263829890
68435973
1653930386
2295123820
1506566960
2286753023
2269627305
56180052
60021295
190264449
1111076294
2295666009
787493827
2295874103
2303508366
2291587379
2303456112
2295995841
28963057
15945016
2288617054
1068145530
2271186381
2296420810
2296419141
2304107688
365909969
1131798397
49431255
2297000393
48281175
2259606845
2297343904
2294264691
2304957517
26706685
109128484
31152536
2298070989
14703980
28773656
2254053591
2298577954
1958961174
2276513165
2306224248
2208974598
2299185525
2299064295
1328711144
30904896
2297754898
39505623
2306921150
35890178
74803481
2306998927
2299775517
2299913380
1266440360
208680772
414667562
2307368617
1666050488
576929659
2295950791
210588795
38649536
1198387454
1263976867
2240673542
2273607085
340639804
1928467674
915427688
1352747258
2302107472
2294077265
391425683
149613866
45516522
248269335
2272901921
433635563
163956616
2303254348
28862850
478610370
61188639
2289456094
2310078770
1452633253
262860449
2304272763
2304304637
1647953935
270319269
2302149365
2292127185
1095178218
133775521
2305316573
2230858473
34698544
886158409
1262245315
1427940258
1896698028
30195527
2306409322
82318289
86289477
71240937
1713546774
33250655
219576050
124741065
2307671907
586501148
42250981
2308013777
2233218287
170715334
881835518
2188585010
568326069
92401180
1341975354
18240207
294330498
2309442231
42370683
47182449
892168951
833985265
372182708
2299804313
159489817
745034532
2310740657
198795340
2316284888
1965625789
523576590
497359722
47569796
50263033
252218999
780421208
2312553142
2312623744
493410847
30468565
290446845
1273339802
28455605
478503840
429357529
47864081
2276768091
2265084573
366058034
2315608954
2299160241
14479221
208086968
1651028173
2293442938
2315879421
158564390
16024966
29328836
138328485
263349888
7683452
2316505773
2299241033
133015617
2316914135
19088393
473666703
2317096167
20896957
2317927996
78326026
1964519948
2302969766
2317248525
2318798500
2319020865
2306023329
80104545
1346428878
2319710854
1932273151
1867831694
2239842459
2273311168
92519685
2281688307
2320794581
2320739733
157767133
1625765864
2189874749
341360721
120158234
34239311
17155203
2321804655
2321892820
24938748
67004467
2322167115
420300854
2190705152
318300957
161989505
2322851213
2326407277
2322272361
18228539
27598896
2321602569
2323669931
356773065
2301957318
2322777286
2324733352
550085442
1868740302
57769669
41349459
136385566
2325171214
510599899
116056882
107762363
246236866
17535811
2211263926
1617133458
43550537
2322058733
2321710426
34868359
45708556
77198358
38499838
123854393
93395265
475672181
19361910
474510123
492435501
453891063
2297823017
234497387
1927431913
2189174134
2328100222
60825473
1664551440
2328468611
817001300
491139612
39819846
555182247
24403618
252107176
2329005995
1115438886
1922517062
340500924
42593274
304914479
27870316
1959103621
2330611036
2330653761
253441566
499101906
1286620639
1415409306
602982560
2332287063
71319220
2330326985
2332782346
82331103
66536898
265669729
2333490267
2328726195
1349451373
329826938
2333865407
2334121739
34085582
214842694
2196858082
2334344529
2331752057
2334415864
87398107
2335246876
348394844
540634099
2335623407
2335726665
341940799
2335915763
2335932706
28065216
238308510
418827505
414045993
992759557
2336438769
2337319986
2336968649
2337132016
59837568
39569606
2337642753
2337861676
2338123061
2337238521
2338308593
94083115
2330948525
2338912902
603755409
33578709
76581829
1175462706
2339623484
34559946
2337771695
2233822203
2340144481
2258936788
255231769
775734762
2340547896
1405700502
484522606
703759256
2339941985
2340005776
106815070
2290003335
2340133660
2258052904
376728335
2337635249
2197968172
30651039
38667363
44098080
38260259
1076088475
54577364
843962900
1166829439
78546741
524477060
216267863
274873581
216448026
88459833
63266077
1775312905
123669991
19343254
1519675345
19090188
2198303991
395570784
44940849
33497800
127768081
17121771
423671363
1077009612
411893849
2204248502
765914173
112188748
41302772
46753257
2200505757
2200554563
1215174870
2182286423
191754155
2188769658
80925506
414049212
372765977
248251399
2161547591
364758589
1177072740
470308773
1894038870
613659223
37489318
467447023
228820203
31106996
2188448497
146959357
14305137
501638020
2179752081
31985912
183956212
1842716472
95623227
130418123
1907071117
34285054
2190027876
472018262
573921725
2180749407
2180887623
838894921
130122451
1549083132
2180608131
2195832642
1280281652
1157303348
2182027857
29698774
1937477828
308077372
628444499
2178744065
2182462101
2168251759
2182561378
560306477
84247172
1867266781
960687613
740662584
23060367
85893450
348666386
311341843
884029844
346496086
2185676680
344586620
71829450
213399498
2148672214
30505656
2185138828
2188507433
1951843351
384888165
2188754487
214404852
390162270
535455245
2176272754
545354309
201298728
50584505
1421511534
1187260868
1486092744
2189508642
120873575
2189664885
2190117178
1114806528
1729239554
250178063
94744311
516391385
21933998
2207205091
2190932608
2191078481
2190424589
2181078675
2191147900
210804965
484948912
31645804
209542164
464218394
2192431025
28064462
1658424937
353214211
1680406940
26054812
21210390
30336229
405089814
1009813400
936259550
1872919598
811828346
47290076
1898190944
2194622800
2187614787
2195208371
934289227
470232379
1965420942
42379815
369106878
214592102
527977211
2181072441
27615121
1860396421
2196108341
2196228910
2189263893
564527554
1686675889
27062533
59314525
2196695253
19667728
470427959
429782031
1320098425
393694048
2185843018
222240360
2196837880
539416720
31682689
2197227243
2197238392
133191813
2216568703
18608709
2216711245
491724659
220396127
483223775
326436533
516576138
235909800
1046171090
14238762
2198044552
2198149457
1071586614
1365310400
456095306
607016620
463203921
2198846723
2189409442
502813192
146623231
629435978
568050688
384897365
182736749
22177064
2199877119
1722027258
22907632
2200659365
2219445404
1054109184
1277168946
342442526
352377614
1376857772
1881827820
374682243
2202231127
1382143249
832481611
2212640136
237074822
1096740540
2188672645
1091565582
1683115626
475172955
365527509
237774729
2162655417
95539230
2183297729
139147258
40089769
2181133065
2189562612
211680661
455724495
14284837
206640289
1637943235
89398445
359344797
1732003532
1586676090
25344941
2185228324
436542266
2185686741
2185691992
182786778
568373954
2185777269
2185780023
583499383
1257581168
1358675460
55806879
66793968
2185183690
2186326493
870481256
502413016
873875658
2186646519
28530130
620933513
96365758
14700316
14159148
479442225
993865069
23521653
27947882
386454099
72634552
493894411
42583200
1131744114
703050231
1548554520
125926075
31512120
40825785
10085612
209535155
859352623
1691130469
1907187048
84545934
14490887
931977224
319523152
205682338
1731524731
1927714784
392659887
194980168
25858725
435111213
452501261
64522546
1267089397
419821939
704613628
387717260
176381436
1398509882
858564421
1712825958
319488442
1625208224
376411192
1623321458
62780559
28873356
116545016
1939415568
1137187483
1681403467
1924423880
53425446
1911154590
288684815
482850890
270309146
1409688163
17577273
284488013
1875994940
275485342
481071962
1198762482
1896738200
732647653
35575961
1949959003
468360878
49395187
14235212
1471647054
391263317
39097270
49632079
384518699
414269672
856320451
429031246
1531696153
1715015504
96720880
141886097
523104735
441732688
34434539
502049978
710712106
1415252066
1875958310
1715349924
33347174
245489557
1957221372
950406918
554605858
106733287
842436547
64261666
460618656
809410412
40948892
176346149
199670339
1917252210
248451626
1904973606
1121839369
221674336
240299341
34564770
703887658
1324091593
403665147
995585450
392176734
1246550773
82081844
1949202570
180005239
31088274
28068543
859407446
1556456677
32860039
1962107828
312346323
1920214520
50086151
44710809
700657152
18672070
54304405
609899251
15285829
82049633
487728007
763866816
1951359806
43567825
156455133
28411719
716807506
1601082145
214928666
1860614166
406959840
20919242
32251713
965762185
1964497460
377427650
460558204
286142446
1864361095
260615238
315929420
419197802
1964996526
45310446
115353022
1885657213
717985461
33855118
339363062
722398609
365578610
346815284
402644147
23618146
30840671
26466731
1119507482
373310046
945996066
383424154
719306183
34058174
29251764
403431644
387058786
31403641
408085855
155943687
34402824
598454303
52468494
50235745
714758284
205227780
913125264
1731469838
459090010
356209989
100219645
390360616
277948221
60829092
176227913
1683393913
420229699
136237260
401407743
29679005
776186960
66341916
1068300744
714364818
112981132
221812405
399292661
447000732
60517852
1162942236
1281349465
709505764
721255775
1004857459
91311817
25169762
1968690229
1421022792
315455134
28097417
27466555
30846969
23014634
193656535
287756112
766373077
1972697688
24157592
1974039596
776023184
55179551
18804783
1974471498
1875907352
1027828580
202258997
1696602421
401680926
34212908
1277062994
1695215143
118196461
13204252
19896500
535597640
351644129
37627364
157359197
932078730
435743340
541268343
1270720680
57432420
71749896
87537998
14331378
16882592
64979211
58469476
308502637
1306881997
44381117
24055869
2147641493
632148084
134460664
38639779
15279000
399601474
23783314
1420264670
289255267
22795152
502182535
1910459881
32034371
527861480
73961195
43657365
709154446
14737494
409149287
1914380486
28412845
634775461
14281143
2150226679
218624038
90466644
124409822
459237590
1888299390
1182390182
22475991
340769119
457856295
136390433
22915264
1487623928
6285782
1696976791
1333673466
2149865183
1968841261
2149481836
445054020
489721641
767390906
469676994
137281100
64368725
2151814934
21871709
54856778
21906057
166088255
82339461
383910226
340914156
134518121
281492251
211942732
488613941
38835169
721004427
2149635312
1857980460
1233319578
272108905
65035680
1477511694
2150711862
19972893
747846332
321906362
828553009
585904641
2152669657
29526360
27474775
49372941
534975036
130098748
1813398990
1333424804
370889258
2150577407
247262532
2158928604
1109951539
48709777
347857203
1899600956
472396363
600094555
39472159
273075583
61016766
278440680
22633906
417880273
44126610
56260164
36423046
1322169571
287240039
2162652572
1948935385
1398041738
2147839471
2155012591
1454572050
1924727286
1710881666
28370132
15596428
19063184
177497106
193597488
2164435664
484762191
1219266314
26707697
2162642744
2165682235
1020126108
1968297576
409085336
48793117
299517976
1668818786
38668019
6765612
522235546
843500186
2156016999
1575866821
1966343502
2162381140
65639760
877321142
33647999
2166489055
620029145
223763019
1583969078
2169937680
483754907
232623507
425290183
107984128
455965755
2158020915
391658642
203046071
2171800718
713275366
93814996
345921116
2160786970
19899563
273827621
356879195
949086494
622601242
20876088
2149532687
2168276860
1934416759
636437542
47457497
1417795308
1527839496
1844410172
423510239
414964081
187974361
14419874
23344553
275890328
2168094285
18916605
318977179
2168158159
2158991814
33476973
533297882
14129019
28852619
2176309548
92505154
23451797
125753084
371117240
1564700617
276979097
762542952
1971170186
34252926
198111290
304887658
38045117
2172278651
2172517161
2179628575
26548370
194785872
968955060
14283057
60540946
52662909
127501126
35856054
2181938203
110405810
2175548190
2180217830
107837803
407274934
2173269383
2173523309
2182550862
31372873
461861532
2170781212
62764268
1489670442
94053280
620482271
226678652
368524334
1412074549
28548637
2179879639
2182286113
999389293
115013235
19310307
2174259994
554793321
239568836
1591204386
1262527111
2174187599
887441844
1313764548
1233868548
2154676458
292919956
434400703
83552873
22516825
2187125305
2176199163
874306134
2172590430
234046686
1167091542
19606534
2176935205
113902232
268327245
1903996194
31074539
1479432426
2178826328
36918193
764884
112871323
153753339
1514349330
191066432
20240015
873304134
22282690
19145951
34696385
118728847
103280252
135462216
19075047
491541422
1020945517
28109832
17675609
1731175884
30703605
20285266
513584555
242793011
612972910
74703373
315450755
76883946
1841764411
24177970
56326379
18724292
428854213
469334956
181476245
14310788
127637736
44852484
28069007
1691798940
132215409
520658632
25262480
332379440
131217007
41604461
14548906
16944860
412956984
27854902
28108694
38631594
135097529
420331184
197424171
765456692
325506840
400864184
244707638
215626012
79163086
22932035
516455269
23067843
32017455
25346891
31499866
27304451
58797408
125284155
1660851265
1654018680
24172080
28232768
431484206
351559847
215740076
1488840763
44135812
337463891
36705949
18760790
26978944
38923888
18426185
496952496
515431540
38906865
1531615836
45536239
58631768
1598219234
386494103
387752233
79168131
22410501
14300452
63074157
59827474
386734350
1355106906
539269852
1093134697
1326795296
16281676
188669354
257379193
320579595
26232645
14360201
268502346
188781424
627900668
64999625
543287524
1482525636
409375859
1219592466
33461802
117216619
323456148
40649915
153396404
405680600
404954017
1530447817
1103749050
552730745
1468952438
31404922
1107372186
437072302
562243531
38737154
109017660
100473278
48536494
405624240
1483574431
614767142
1415165257
1535146681
66625204
254128442
280549339
46895477
619152137
497300307
320169514
90999752
74725943
135325668
540922932
991120512
149666064
1377961136
533487714
1536613507
143205619
104234088
343791862
119570499
32669445
382645387
20425127
21268217
296486505
410731663
1328901000
375728758
44953878
64991297
22905501
306022678
1394982458
204832963
110994325
254547999
17969187
33993612
14288037
247574859
311709882
1327973694
33954545
122036251
22789631
37217907
48092872
323099778
92631857
19962340
52785255
42844817
136218318
34231784
28101138
21746360
237767804
249768925
929964096
205742346
54569920
792907
446285253
514761475
19018815
1223677776
19340799
24740443
236403619
1394290512
292240384
324501720
34573200
118680576
397943559
399905956
69668086
1466535901
308938225
1057475636
19260683
23830152
32115103
46626720
23419566
33461832
19259873
29703959
14301223
18045072
33037709
349672556
60561438
34234696
902149578
1450893258
331184960
983400180
523051551
60826646
42034180
273838476
35209937
310458941
201216749
29448839
467720558
407186117
36810604
51323199
21486473
407952439
470165112
43674570
65907870
1397661872
141709158
1281077874
517844607
60891099
14277275
583924633
341974764
25805313
488741643
107762215
31779286
22363451
458203852
223406872
93925798
610768131
262574653
1114757300
746943120
320829399
22366268
912566684
28846172
76450358
85545437
177177776
481932428
468221491
1026430688
1376888466
349704791
134049585
584732018
180281123
404006630
18462205
238945097
524665153
214028403
885816277
56076492
23938915
122675693
62271664
361483018
353569626
901696081
31084859
204441330
345842262
128383412
34246864
384786873
961256174
66456903
501744819
193554972
21891255
49774380
1198189740
46888173
29273536
26323792
798432768
215942678
43918746
104945479
5636412
601119165
112976272
1131012116
47895003
60322108
799696837
499776536
41183221
499867856
523041510
90269251
1160232464
59896145
14378181
69397109
189492004
402377699
14292745
77041321
212149324
1193925240
1089101509
1234906554
16452726
14285164
19200499
32149336
192536934
33033900
73055334
56987723
274452288
218884515
20701231
55203329
39695456
421279744
18550977
349872308
883921728
1178437964
19226074
1196497765
434111231
14282002
38643120
28822089
179542435
19078925
14286624
361774924
128555095
390115172
14351124
607587020
41604240
38745028
27704856
29660732
17113998
43327610
5959572
14139924
26101019
1054966226
28321259
337067190
399552743
19414922
30644104
258598220
26266928
57949239
46599128
14978302
79992803
34917220
313242999
65039753
319216129
1098450534
11372152
20368972
48404031
24877969
27982504
484605092
1100427314
19361192
63429334
32671410
1091642166
413808538
26986875
17365131
202695830
492095025
869606803
48660856
31111153
220641349
48154045
85666077
503102281
488493877
490650354
23320712
15048424
91771935
17084963
70423313
223194178
32344564
190346749
73369604
20504947
180085673
460632603
19180789
46906262
31690214
28776654
95238065
37676399
34034925
347144137
18934005
452115335
21786064
16311772
17650380
24672290
68233297
37295504
66834399
462787317
33456537
87666695
29947545
22486381
42843759
74705315
43528884
359273326
56454175
953901931
16361018
426856477
14584846
22194908
559258664
811677463
197464906
30927768
33988509
71040650
337825216
237524449
103792291
19297438
23499901
93723020
414720231
936853028
205735838
9398682
309073
45115396
95713333
46624614
37909181
21188740
878559198
6031582
163425145
881759936
468797801
259719962
16681117
140993447
921362574
501144601
50620056
45822628
78682735
455785588
265565067
92740110
525138736
41774044
60969382
84104574
71231659
19529605
186423716
168576040
19648683
19765766
334537188
732815658
26207988
706847450
910245301
849201024
27485335
39827882
382598137
358969925
391550846
17776788
117834105
538479138
14237373
32478390
112289234
484810895
886441340
21423985
34059177
55220955
856120970
62060746
42625724
66709056
401585184
188779174
16738187
96756034
25992014
433550898
15644592
27605501
889668625
816993776
571123006
425708396
155550336
25683251
46979706
72365254
37979301
7708282
25142349
22365643
320426129
804597968
382836218
214937518
211089672
424178588
90818945
491297741
30271375
39299713
282250826
20236809
17821142
819086430
345903286
238608541
487381292
34703909
23052230
28594859
233511339
11518832
862125384
19987979
67557660
85883333
122195535
20585218
142613436
861796489
235941182
148861685
47073928
377421079
823719428
22717054
18387289
347146714
315876480
38882731
144452667
533613258
26239720
366899672
68444433
14211605
14193128
163443340
57328362
42730936
382535211
71840293
66488031
735780246
110939611
523617026
187578651
19978922
113597700
101773656
594047993
158877952
34307049
126256491
575698907
843883861
14406719
483087580
211839867
19066230
67560435
89667394
426036269
39965455
855822318
529824996
30891457
18194164
20185824
291791225
849900457
28825205
30630227
205803448
21414413
21890520
69181624
61514209
14912382
14286342
22050760
473753323
209479569
247660394
340800649
11153082
253524696
17096233
19261863
27718077
299571141
31195903
24864138
249253255
209118352
764488482
40855801
55318607
340393654
117347588
313242570
125966214
34972320
25482639
169201702
519352025
21662638
22132391
112714402
278194962
806594768
19744711
400855627
519875579
229191205
33598086
245462664
32859243
41080330
477106155
14567968
818777893
260132760
320154256
352952504
34266037
17267639
18936988
32706151
31439248
69239792
15022445
104555469
14302420
74403099
15230565
173571105
27603445
40639367
30492096
29411234
246177161
219596834
24159177
609414457
15143478
234347218
26798240
85774291
28580182
94538562
405439313
175180494
94210419
25140293
223812019
294336230
14291132
34357825
25380560
19394931
18833813
18330155
41211009
457640845
35834118
39960683
612017399
35325872
6466662
226624229
24447643
54936327
130775027
597526629
104809433
109293948
601439550
15894774
41896037
90105471
480253925
29178136
410828199
318638270
270779278
50073507
518358567
66217612
14077310
122072320
34859489
31073556
354516475
14291120
29663871
232324571
14865943
121403793
27875088
25616190
28167343
258715014
138705679
14287243
757145778
14446442
87080308
19246061
80668551
221064860
96861734
62523083
55516088
575129909
621576693
107354968
61308009
491140593
18246721
39745276
20315636
10168082
238125536
759604591
283626212
177501286
219267576
26604036
29679993
66796168
25867735
529320577
50303955
631087962
31382966
58511405
22604909
96159109
743060426
18344887
749444851
25488427
14933355
14301990
64441266
337919526
28087473
16672510
103555738
20883211
12904702
14286658
350815222
729474715
954601
50962637
635288917
700593
464202341
426461658
17776634
390687348
25803631
617157314
16433645
421125838
33505044
24488771
33639912
245292093
91894424
66485074
30848652
3108351
34906198
206597096
491680057
341564433
623149189
68942913
74474647
33482265
173785451
725925007
76992807
21919686
30133564
374417128
297295848
84351228
271606257
89209837
714997362
53058964
139046308
365931694
18955891
15590847
13279242
64148350
31084774
63771768
13067602
463016653
25726310
199665432
411617594
58577967
194505506
471084733
273575122
394319239
28313843
383680734
8327142
105288120
136797034
25272654
17002185
19282128
27324079
20667905
31890110
18901235
27845999
57902696
170381253
304011325
31737709
500885877
247488242
21293785
31388912
261600842
14293310
134221985
39492276
68105264
537290850
32257623
94397645
395414931
19388166
227822089
21863587
390631542
268247247
594726412
35217477
287802512
470922356
29677294
22975747
18953814
28772358
383286980
462893360
151815743
489479693
474706881
18334561
23185890
570744394
14350368
370966747
339055436
86309101
19028615
35127952
259127503
257911937
201690715
14371314
24119198
98576755
53949942
516671992
598465053
27209613
72600821
278925644
278305898
247300409
40196836
254710359
479155183
385406348
498251000
248796487
33166646
509200375
22023899
57130471
364377121
19184008
351432408
28806730
108915816
31215429
26527817
24264879
20586215
315323700
49746926
22907043
93899982
28085805
218063694
17386721
356398393
276172272
30853297
275243886
72228773
27652486
31366870
331559433
50677293
28765398
38031287
184722739
19611964
570673648
404929319
20984771
27877065
584606570
86154361
342354161
103978403
201653163
36412963
21087831
565844194
101834804
14723606
14555915
17873227
466342611
390719961
35434494
570781063
36969004
299218849
51103171
44972313
236829256
136031286
22895438
248205281
151593788
171644420
19679450
34034031
28861781
38688596
29494092
96321145
75236874
43452513
192160002
14258880
25488220
266111353
455595801
482971150
500870066
765548
18670997
518791920
522179395
236839814
20627309
4461451
86180543
220153580
160676165
393346894
36050996
32922138
34218423
135625150
14488598
228910261
192627380
456567492
20085435
32386837
329144543
33260668
313367201
509172472
70337416
23176823
38927239
228845793
34296797
18725655
47452435
333903537
286267446
431927481
412321291
201689250
16909126
132135349
14290303
386733623
14990736
180337798
180511678
21844306
42929673
213787697
35795414
51176196
20015311
38769939
105192845
26820072
475162342
45907664
43859169
30892442
364488011
507188084
21558616
327312980
479025116
328167516
90610284
486559151
30439303
19026443
14272527
506536523
220739751
26601441
307456888
23925022
201182471
84796534
86284559
520329893
178738098
96768880
469448334
28347343
19388550
151768781
19386439
420951546
22638711
276079097
36625807
45396246
16408059
212272943
352230918
73092899
31112967
134172743
69666615
16147931
61450363
18716146
14284968
118546483
39018197
473914976
525514579
318289922
520393138
363282607
290411887
376747336
972651
23785168
188256896
29676819
20133778
51997943
515528815
10451602
173823274
60683857
78099370
25416669
88896130
33014687
373890791
402952461
419553326
113002313
412469714
318271193
14284164
22809353
18292862
382981831
493503538
462910860
436515416
18798771
241613953
50269720
28827724
247185936
249075573
382746967
48972045
15016838
21018044
21670881
260308246
84139037
84300585
27710645
151044755
81830504
57653188
374473407
15248722
30952976
321523360
338651001
313845197
39311450
30941476
50003640
251769222
58440666
14420387
14112617
424940298
21253940
23777035
19764533
28367969
279584721
28872687
17712364
19236431
19157451
26787463
67881440
18773541
44457911
19062027
22842679
14379246
14292060
322531105
97665784
200516200
14293591
20974015
291291580
19033675
29486083
444468592
13
478553827
396618124
61275784
259179149
351518999
475999502
203141819
24716445
20713061
109534411
136184787
15416505
50055701
48316845
18791763
150717602
32952163
9543842
15223934
465614030
430789067
194078561
359905331
84119762
15033759
330544213
21288039
21868875
14584834
172614050
143770866
222048470
372813092
47326041
32816797
26489325
18876648
17895663
462211984
462009507
89700115
196749708
338049872
30632912
14334023
42494407
459316218
335142692
393731223
22948063
46869791
455238855
38265914
17672509
125921544
225554655
312189104
455709392
163411702
57696728
40877768
47298919
112428297
14476504
15154948
193570988
17385637
22810361
430180591
454191471
21314520
37620393
33750207
381982718
17735875
49695150
133738109
23057509
17632830
37354787
307306463
17893932
282459655
19282944
403272223
22637827
386755094
12911842
44941300
75060420
24250540
20223894
431759188
84868803
15947897
17735909
151856844
27833757
96416550
45381335
271857213
345535314
14312379
30842849
21384899
71813915
47308279
305608750
21574473
429747960
110244016
44089129
23694893
14418014
222492561
17052422
252274010
281058301
413914344
16737801
102497681
48797251
193311364
25501622
155976053
112413436
17508156
18875947
33609198
258471477
347870730
47606328
19587396
131140639
17814938
14997025
23205771
307416211
6267962
1946401
317101757
195848365
385506929
289897022
377270903
28317108
360056861
29066377
290614930
14116137
196604445
345666610
8511012
381502681
2227851
38638278
14283995
76434372
28692401
90638985
71636877
226167775
18628277
14260198
14855334
98615970
38432365
49674652
81603794
33307967
16467056
38152403
156580448
25817863
14679848
21883399
31749659
221119581
90848755
126065948
22475154
14942040
145334806
76602809
210565000
240462845
18519026
266758179
28088939
319083624
15815569
49634119
21866798
18447095
14615934
59003
18874097
31379010
373247889
25091128
75241142
84709356
271045372
136029854
40187767
45342108
58911829
27605155
6017542
36027595
20989035
30864225
365695885
293438817
20191034
92524988
2206081
328969940
287785714
330267303
18679280
304615761
365998570
135153110
38171057
282706513
24950478
368208275
30686053
21689226
143061537
118415180
35056248
329902139
50604877
30891188
250435513
53032573
21255585
6280872
30656470
21386801
58477132
734353
16002116
140453257
245481553
41878492
338969947
17383707
17442320
31109465
31709542
355761540
251523398
33892809
74143933
363927150
364465838
353664792
10884832
97107668
794808
18557630
45536687
55355654
44039298
251357322
246758084
62442994
37068140
14559268
15169510
20709216
29552387
29294824
23355121
33217838
15028398
17705285
36435788
18394995
342862380
37677256
63705704
19949760
160920285
95738350
14402173
29082795
319774555
326041251
142093182
38646590
352534464
60896067
17527559
85822252
16934104
15351215
21864137
17089700
15787917
19762987
20886486
74778874
18381317
18377085
106108697
74273625
22379431
45845636
21391879
42207894
221698014
36067300
46155346
17963196
17113249
14465663
5798452
132823037
62522258
80235315
67144176
122994639
229640435
324806313
15895694
20182089
13010422
30311534
17230819
4996341
41571221
135820177
28957526
29440401
193017662
10406372
60912260
234439948
26214264
333527792
78596503
67268011
48702842
38631842
14287018
19708641
21357261
22656060
19646280
34928067
43672456
231118152
45818077
18360037
1051171
119892321
5467062
30331417
19061720
45514644
18720634
14257199
218910852
280921742
157218534
106367656
169622392
14302487
230535238
23418810
17761660
64004084
15134782
306475896
7905122
25304698
19263240
22646517
18860780
147311253
9300262
38643660
10663172
27105229
10112552
14134383
19538202
14866543
14589511
14462006
44726549
311626781
10078352
193244337
82443473
312544868
84368180
69835350
19254732
20503192
21854256
112417593
221330582
67571803
189051125
31397933
239063731
76319586
18549724
74418848
38897276
126428689
75130201
239925735
20676292
30890497
267180999
24048368
14320705
36039059
204525639
39478117
293950169
58557419
28178236
21588799
292904816
17189741
22049212
210526095
20176513
44317501
22172506
788603
38847775
17499801
39484150
18722968
8079322
45673798
221759463
33384943
271415458
36046516
59400002
47783655
255628022
55186757
242003759
261663158
21859231
33155652
18796960
19059462
279131939
88776580
218110772
17271664
114042360
44203664
28952277
19293899
33585774
36099106
97512432
18079528
21045768
267403905
8953122
246816735
21752569
219593416
268873849
241959982
130064773
17039630
14698968
31898483
22677425
23651070
227613352
84639315
228694077
43355487
70380300
46098040
172694845
26076279
33916529
94188924
25975406
158351997
18988667
14644051
243417188
217530764
18850035
31378726
72830645
23413801
150021516
214049275
20668303
236058002
22834808
9791392
47317899
14114267
221822662
72943459
213692871
192328753
19319985
173195708
19766460
19450673
35587592
34246959
89437608
216357534
25996040
4985141
140118545
23458354
203473146
191209925
69007602
27593396
29462516
17233716
20195297
78330513
28571625
29928571
25547892
19495880
23580285
14931907
20145056
35698094
20761720
24149604
177526172
7027112
144540536
21862201
17482669
84289595
34910028
26492237
179611969
44865727
31821927
31518766
31452966
67310576
142282484
14651507
65874337
2185841
188021130
31068930
39506065
37398525
20280065
47301143
34228196
14224622
37174426
60752645
20431436
25768221
36028993
101727020
19336418
23849809
70762972
38439143
18520064
77211534
183663027
28726577
39052549
39811941
39811362
151857418
132255549
22756580
85594944
38493594
58755208
85878129
90929317
180392912
20555875
23937836
24010664
63451448
82353528
46688502
24686706
66664753
20374992
18029265
25365007
13486222
28202958
15318242
95456557
149046826
28304157
17187058
18680594
32352209
31101381
28757140
101758086
61429870
38624201
41544679
41554173
45565440
35739895
25966747
19234278
70977551
37904694
17987852
116697719
19107588
40482226
102616697
27317182
41337693
33832676
34672923
46092078
53876028
18475198
93829537
119753058
59569015
64366720
171451743
20210193
53213766
87493148
140423271
17230800
136274038
65460298
22467542
33480259
14277840
119786274
23743685
15820505
14344727
21645552
157907219
19705628
144622386
3792541
21905404
112150185
24854538
14700117
33467543
152980872
18633093
23670090
13261352
29659136
28913073
38842088
34342963
67561158
20425675
146422421
31526298
147307223
32542763
19278408
140525046
36510958
20592144
14317937
18003818
7428132
57107167
43531203
20140230
34247120
53834107
18837067
38628986
138376196
15180852
47909519
34575407
115441879
60907043
33878908
7724452
92489022
12044602
18016543
86461778
21393770
127983706
126574272
67539617
6255352
14282894
20594129
19647427
17425802
119136840
27835924
20044495
116271742
121053477
84309055
21846143
33885551
86378340
119046422
15083847
17868367
17678392
36624824
31675312
19182501
21290360
111291324
14880425
31689568
110235065
30873513
109524775
64742113
68947198
82836701
108417952
57592947
92962860
17066475
50252928
14777166
84912538
19770476
37416154
90448119
102035871
92043674
43115008
65493023
96993423
30526537
38532025
14292335
20165106
93852440
93295490
35808591
65313321
45594856
31373378
16589206
63262403
42990099
6592852
69396214
31267211
44851079
9945842
23104499
10058212
19463040
40215521
42854868
33852061
24208779
20450116
20859418
24673346
11936452
16017859
34050300
37265063
83917825
23807175
41556663
19063658
26588415
82696757
21608750
20984882
37788958
30923509
30241775
4384251
66433571
25662370
23616999
82325555
15353365
19058275
19189208
21282306
80916493
81844094
30991641
81578629
44409004
17470253
14112809
21180347
27000473
69227108
61481011
35286490
21642842
34579307
40665151
67707084
14474563
24605727
28413464
45573406
19331958
17648646
42741077
64256418
76627407
14619739
17383543
19442053
58458828
22479184
34922204
17308578
76292859
64543
49370357
67617143
71824168
6587642
68503817
42698033
16705659
28340885
32535843
21760031
26069778
26867970
66696236
69425160
18714976
37231899
26495204
19414413
33152235
37630783
21288315
44872685
34402309
19611943
16744794
64697682
63129578
38870922
14566734
37485036
15003632
41813695
30183766
47982188
54917900
48832952
36423190
21749649
10095622
30662875
55537558
25051303
5463742
63132666
36059230
17117147
37034439
19546211
20803551
19901366
62266883
16838378
47423946
19734035
62467970
61724625
45315024
30981678
61250638
14834340
45919516
60845932
25144335
59548897
31528039
8490992
18020127
14093978
27207896
30878189
31386412
19190875
14908347
20515269
19236875
30494954
22613875
17673981
20441820
45810524
17099847
17960721
32660698
20679622
16904159
14225413
31544675
57039876
46081160
49100964
19612480
28110788
34898791
31736692
20868447
28103763
32429371
48302295
21003895
58793878
18970504
6141832
57093175
14419039
22988843
30336576
16997941
18680691
34358574
18899473
20969268
42709793
14943435
41500247
19017582
29686161
40441804
24152177
14122188
49959486
29437847
29447324
18332072
25081726
5985642
32374475
14112817
25509741
18561093
14301047
17525882
17075534
20471120
7981922
8708072
24169740
19708539
14277205
21590690
14473462
24152783
14157785
56994889
11511072
20679951
56460313
39764029
56330699
14803701
27513352
55204617
55047054
52877608
20667991
41597644
14354733
37488920
14281853
14125317
21759024
1468401
36354940
14049906
27020456
22370217
14942791
39219035
50257547
50051699
9550672
21022281
37497802
19922838
17334988
14510373
18897215
48974071
14417779
20311299
14314495
49611102
36625637
48713549
14284305
25854373
45877859
49073990
38653195
49252566
18860581
47974057
18682262
19962261
18745106
16360357
20005551
47657962
46940056
16378829
14243171
14374765
46644261
25344165
18186419
25974968
2097851
19766389
28096110
32416211
39014421
6475512
28597082
30759351
31700411
45565446
19314442
34243437
19125743
44987423
40935476
9695912
38730168
14293409
782934
14941840
19769863
18189675
25313658
19262084
28101605
27963836
44850238
20764141
25859481
38282491
25290690
14292270
44089435
17590338
15254289
23480387
37631582
14271203
17268742
17757010
14285785
11625272
43091419
7591652
14712588
14282345
18639301
33160558
14368182
30943547
14214281
42880684
20301193
35174903
14285140
42186384
35466841
39731347
14452974
14412444
33479607
28065624
10202
19388082
38414239
19237012
20659166
14284273
31976183
17217817
20152971
20853361
14291504
41119959
19659689
31822122
19145380
18864959
40049680
16813552
39966546
6012852
39274589
14701439
29028155
39726707
20415660
33885891
14680596
19067312
37665779
14287712
19830767
23577192
31687026
14718737
14290848
35706287
36307732
618593
14630252
28168009
22665308
17719019
14113093
20642087
34941106
19766036
19965480
16204717
28093496
37921321
26766457
34038925
32153268
17201018
29023898
31745482
28917815
17021945
34601836
24154098
35344650
36031018
19063553
14291331
14283877
7677252
34867203
699893
17424766
36445055
17388138
34590806
19308284
15967758
32129282
18831549
37193436
14687162
36029584
32351643
34229862
20662498
25425643
16095705
16576273
28115335
35728867
35612924
15447199
20796069
33542102
15100833
19226961
33841934
21232668
26707786
17756100
24509661
33166432
31698490
19061712
19366667
25968803
33236436
14243708
32350318
14294910
19978806
20889472
32873744
28094274
31150189
32145947
24426957
29908667
22601732
14365312
27464661
19390614
19001616
31101982
14284417
25752134
17099136
30840835
28079832
31409120
12454292
11636732
22028192
28092347
29942355
25861301
16634135
15439561
28092056
28664211
15198496
30306330
20455813
17847340
14912551
22014140
18489116
22415635
17471820
28910491
14286796
27834369
30189206
16303106
12839332
16045956
7713202
16255515
5561412
15450996
18435641
15230966
20008618
18332222
14349636
14353621
18669139
25169531
12267422
14659667
6626182
28978378
19394188
27848098
20183521
28303450
28114297
20611702
28317464
28323152
19387015
20920040
22671910
21096184
21695947
23437809
20587233
10241882
17710058
20170408
14617551
6062682
14320899
18609590
18897831
19256979
19013895
19188289
6437312
19020069
19016236
19016504
18554686
5402612
14349782
4200861
16823901
16557956
17585265
5988062
18213346
14998206
14287326
10810102
18582832
16698195
16432083
5646582
18293645
16718406
809141
15439395
14193670
17221426
10595272
6526412
14576431
17813010
5628242
14302563
17183233
14206252
14883885
16643997
6967612
12810
14224719
813286
13712
14340875
14282524
14231160
14301297
14824259
9720292
621583
10228272
14274731
14275788
16095034
14196264
16725277
15444256
8184422
13907432
644933
13828192
5051811
1037351
16342984
14277722
15949562
15916841
14289813
13763992
14856185
14973105
14969978
14395000
14419378
14264183
13768302
9474522
683283
752603
14763346
14276602
14420331
14199662
12471892
1078971
14691918
14581396
10468092
8949102
7087422
6565682
2876911
765270
14234290
7448502
3943871
646163
10686002
14274693
14241936
14292056
5991142
921209380917383168
21976616
2371458720
371972173
1359532099
1462548977367359490
262219168
1442810000070647814
106730403
4493731875
24044383
869503348759724032
969218711273000966
821784477076750338
30354991
742143
2569743630
3429865683
1330143443419586560
19389900
145278571
1329740797659504641
2801247624
289253819
1268956203159339011
3414509159
57327563
1391776140
1976143068
17487476
1261763658415300610
376817568
266582331
1146329871418843136
185328662
17223417
4430502617
41520155
324159545
209057872
710865956
370916807
594719820
1135160811847061504
169963553
2592084284
908984217694064641
970749338
1109452214
460966881
1145042425
1070979968551784448
337332303
2818756895
460163041
206717989
196994616
157981564
36329597
329815445
593708630
860761097338589189
30739418
3372016275
120048506
407634764
464621111
66204249
32657414
27716729
32991016
382593384
30110233
624913111
148642486
22488324
358665016
17343568
81824632
258273723
319228928
223442298
244972054
858512550
211808263
30287258
138134771
26761938
1362544471
26710373
33281373
824939181864517632
476591541
23531137
2310295012
804678572870930432
73092915
1061701147
16017475
294073504
1032094602
2264840661
151456066
64247948
4791778277
45335955
1653771666
464620194
2612248771
405775140
258026952
2479883252
2880958761
89484734
40209152
22606723
136600742
1111799130
2966397556
214064340
91478624
5120691
25390350
15035484
36761621
2327422303
2389351552
27860681
17137628
20596281
84114313
191849753
291339156
22430117
174469171
324780470
82825318
96010420
88008789
621906591
1866997843
2846419371
2321334363
30901310
20099416
2405757539
3431120265
73979041
31689419
260285931
3394614142
2855343141
24890121
20914074
34243979
34456552
960775387
529334746
27844742
14930764
14772687
1625325007
2879542366
1330040112
1243374858
444148387
2999558050
40873211
2852364838
234126305
2280909989
29676058
44581469
46359538
34656014
43071761
48753132
260377391
21296047
831494114
775777237
274099629
39239833
14407392
167092490
138356914
193186935
30647855
28099901
114216901
253643463
29440550
2391609793
155177727
149045919
36048614
946767667
15903076
90534982
2645220702
52662899
606448747
84538257
910856132
819381774
248328200
2380602246
2311775230
367861811
2736724776
487486212
1168615579
54148622
2751642542
2152875307
2748928883
2295557067
2752792680
155909001
947592014
913185948
2225569199
2647896079
2350403662
224394651
34571510
342631869
284523750
452471868
18421050
38154652
29204394
24955372
34359055
951333086
1706528556
861170130
106217861
560669277
324844301
29932999
191831082
23574285
26719515
50341187
414693833
1092441986
252800692
564006368
21325120
239767060
1339835893
188736341
42508097
2538761032
18948340
1093090866
818876014390603776
2462288885
531201617
2485125878
819168234
28968990
1382743280
27611351
101579484
33175300
38822086
1943634127
1497823063
284457768
51243315
2458573561
1264014362
277918687
947652200
271367322
19282301
373239963
30331139
124800656
237303495
499211936
233253956
20625292
63425851
58228836
44344421
2223803439
2363028609
37685197
69059420
404165469
107821135
365976605
21854221
390115409
37090321
320766476
359859361
270597710
14866140
124225244
71771702
54190096
2278444866
116730454
403776810
557789748
2225740593
929184416
1403546179
1157965518
2206073614
398616191
256066415
1053006745
2264944739
2279073571
2265252255
127929003
808423141
921659648
2188730991
274110345
62528862
2265544407
2161540944
2265597801
226656465
2265653433
47581702
2279386694
14273294
485085785
2265869248
561440402
54786894
234039618
2266439555
621368517
2215602034
1372940052
364157227
315852296
212586529
1187679788
2201942391
44375030
32364434
2267009175
104476133
787659541
340419014
928572739
528601086
2281461979
2268279988
2154945996
2268370025
1509713220
42880536
282020818
41419218
1020313496
404708229
392655894
1310050579
2269308555
235898350
2270131931
2270312236
21670880
2264924434
32919844
39929527
2257166357
53711579
2271088565
415755125
2271290759
349613509
2175031989
2271609436
2268457749
35183264
1947421538
30841751
2284189554
2227375779
2176313686
577215936
1211220996
477923742
2272497791
273907892
2269409853
2270802232
1487026321
2272755321
2254686178
32857917
719720476
40830935
1308648169
390636656
2257589192
33252478
552912020
2257234851
1546504298
417977566
2273693669
2227414037
2273806725
2269996342
1886443183
391864557
2274965069
2275285917
2184873465
2275685303
2275686424
2275829548
56882902
71307944
2275672415
2276930291
231192060
137113453
2187082387
1236942236
2277512577
234028127
2277585629
12885572
2251800711
1673125279
1317895728
45011548
47920342
2258255697
226733280
788798802
2279645163
2279686755
2233101413
2279928820
333284638
850826532
1545168294
112813136
1342803236
1379236308
184714771
465641646
1178965280
28097104
86910437
144980713
365936685
837346093
2292328993
1534655556
2290897448
2292471620
272507554
2283723683
2283969646
526723478
400264656
1011067921
14234241
2293211514
1355586348
315243185
2293940977
2181763230
2285478100
47308652
2285669639
2285698701
1022974620
109267797
270868759
2286015747
2294568224
2286272260
44972628
2286402033
484859147
19042668
2286547899
390128746
802275187
2295045793
499608723
2287007891
38467230
2295724044
380624645
155993565
54892181
2288440233
2288702135
31106606
2289165189
89446736
2244492405
2289393610
23226027
55829145
2289706684
577393516
2289841521
1732453142
570748495
2290061236
201425717
287606173
341026127
2214640768
2289896506
1887331411
108304760
260698455
855445597
25828859
422932464
48149997
320755487
2291349862
2291438578
15511580
2291657705
1966831992
2297918520
86959945
464876463
858213284
31464442
2282098443
2290529627
14295830
1119195858
156555563
2293301380
2293421999
2293074621
2207665960
232576774
2263829890
68435973
1653930386
2295123820
1506566960
2286753023
2269627305
56180052
60021295
190264449
1111076294
2295666009
787493827
2295874103
2303508366
2291587379
2303456112
2295995841
28963057
15945016
2288617054
1068145530
2271186381
2296420810
2296419141
2304107688
365909969
1131798397
49431255
2297000393
48281175
2259606845
2297343904
2294264691
2304957517
26706685
109128484
31152536
2298070989
14703980
28773656
2254053591
2298577954
1958961174
2276513165
2306224248
2208974598
2299185525
2299064295
1328711144
30904896
2297754898
39505623
2306921150
35890178
74803481
2306998927
2299775517
2299913380
1266440360
208680772
414667562
2307368617
1666050488
576929659
2295950791
210588795
38649536
1198387454
1263976867
2240673542
2273607085
340639804
1928467674
915427688
1352747258
2302107472
2294077265
391425683
149613866
45516522
248269335
2272901921
433635563
163956616
2303254348
28862850
478610370
61188639
2289456094
2310078770
1452633253
262860449
2304272763
2304304637
1647953935
270319269
2302149365
2292127185
1095178218
133775521
2305316573
2230858473
34698544
886158409
1262245315
1427940258
1896698028
30195527
2306409322
82318289
86289477
71240937
1713546774
33250655
219576050
124741065
2307671907
586501148
42250981
2308013777
2233218287
170715334
881835518
2188585010
568326069
92401180
1341975354
18240207
294330498
2309442231
42370683
47182449
892168951
833985265
372182708
2299804313
159489817
745034532
2310740657
198795340
2316284888
1965625789
523576590
497359722
47569796
50263033
252218999
780421208
2312553142
2312623744
493410847
30468565
290446845
1273339802
28455605
478503840
429357529
47864081
2276768091
2265084573
366058034
2315608954
2299160241
14479221
208086968
1651028173
2293442938
2315879421
158564390
16024966
29328836
138328485
263349888
7683452
2316505773
2299241033
133015617
2316914135
19088393
473666703
2317096167
20896957
2317927996
78326026
1964519948
2302969766
2317248525
2318798500
2319020865
2306023329
80104545
1346428878
2319710854
1932273151
1867831694
2239842459
2273311168
92519685
2281688307
2320794581
2320739733
157767133
1625765864
2189874749
341360721
120158234
34239311
17155203
2321804655
2321892820
24938748
67004467
2322167115
420300854
2190705152
318300957
161989505
2322851213
2326407277
2322272361
18228539
27598896
2321602569
2323669931
356773065
2301957318
2322777286
2324733352
550085442
1868740302
57769669
41349459
136385566
2325171214
510599899
116056882
107762363
246236866
17535811
2211263926
1617133458
43550537
2322058733
2321710426
34868359
45708556
77198358
38499838
123854393
93395265
475672181
19361910
474510123
492435501
453891063
2297823017
234497387
1927431913
2189174134
2328100222
60825473
1664551440
2328468611
817001300
491139612
39819846
555182247
24403618
252107176
2329005995
1115438886
1922517062
340500924
42593274
304914479
27870316
1959103621
2330611036
2330653761
253441566
499101906
1286620639
1415409306
602982560
2332287063
71319220
2330326985
2332782346
82331103
66536898
265669729
2333490267
2328726195
1349451373
329826938
2333865407
2334121739
34085582
214842694
2196858082
2334344529
2331752057
2334415864
87398107
2335246876
348394844
540634099
2335623407
2335726665
341940799
2335915763
2335932706
28065216
238308510
418827505
414045993
992759557
2336438769
2337319986
2336968649
2337132016
59837568
39569606
2337642753
2337861676
2338123061
2337238521
2338308593
94083115
2330948525
2338912902
603755409
33578709
76581829
1175462706
2339623484
34559946
2337771695
2233822203
2340144481
2258936788
255231769
775734762
2340547896
1405700502
484522606
703759256
2339941985
2340005776
106815070
2290003335
2340133660
2258052904
376728335
2337635249
2197968172
30651039
38667363
44098080
38260259
1076088475
54577364
843962900
1166829439
78546741
524477060
216267863
274873581
216448026
88459833
63266077
1775312905
123669991
19343254
1519675345
19090188
2198303991
395570784
44940849
33497800
127768081
17121771
423671363
1077009612
411893849
2204248502
765914173
112188748
41302772
46753257
2200505757
2200554563
1215174870
2182286423
191754155
2188769658
80925506
414049212
372765977
248251399
2161547591
364758589
1177072740
470308773
1894038870
613659223
37489318
467447023
228820203
31106996
2188448497
146959357
14305137
501638020
2179752081
31985912
183956212
1842716472
95623227
130418123
1907071117
34285054
2190027876
472018262
573921725
2180749407
2180887623
838894921
130122451
1549083132
2180608131
2195832642
1280281652
1157303348
2182027857
29698774
1937477828
308077372
628444499
2178744065
2182462101
2168251759
2182561378
560306477
84247172
1867266781
960687613
740662584
23060367
85893450
348666386
311341843
884029844
346496086
2185676680
344586620
71829450
213399498
2148672214
30505656
2185138828
2188507433
1951843351
384888165
2188754487
214404852
390162270
535455245
2176272754
545354309
201298728
50584505
1421511534
1187260868
1486092744
2189508642
120873575
2189664885
2190117178
1114806528
1729239554
250178063
94744311
516391385
21933998
2207205091
2190932608
2191078481
2190424589
2181078675
2191147900
210804965
484948912
31645804
209542164
464218394
2192431025
28064462
1658424937
353214211
1680406940
26054812
21210390
30336229
405089814
1009813400
936259550
1872919598
811828346
47290076
1898190944
2194622800
2187614787
2195208371
934289227
470232379
1965420942
42379815
369106878
214592102
527977211
2181072441
27615121
1860396421
2196108341
2196228910
2189263893
564527554
1686675889
27062533
59314525
2196695253
19667728
470427959
429782031
1320098425
393694048
2185843018
222240360
2196837880
539416720
31682689
2197227243
2197238392
133191813
2216568703
18608709
2216711245
491724659
220396127
483223775
326436533
516576138
235909800
1046171090
14238762
2198044552
2198149457
1071586614
1365310400
456095306
607016620
463203921
2198846723
2189409442
502813192
146623231
629435978
568050688
384897365
182736749
22177064
2199877119
1722027258
22907632
2200659365
2219445404
1054109184
1277168946
342442526
352377614
1376857772
1881827820
374682243
2202231127
1382143249
832481611
2212640136
237074822
1096740540
2188672645
1091565582
1683115626
475172955
365527509
237774729
2162655417
95539230
2183297729
139147258
40089769
2181133065
2189562612
211680661
455724495
14284837
206640289
1637943235
89398445
359344797
1732003532
1586676090
25344941
2185228324
436542266
2185686741
2185691992
182786778
568373954
2185777269
2185780023
583499383
1257581168
1358675460
55806879
66793968
2185183690
2186326493
870481256
502413016
873875658
2186646519
28530130
620933513
96365758
14700316
14159148
479442225
993865069
23521653
27947882
386454099
72634552
493894411
42583200
1131744114
703050231
1548554520
125926075
31512120
40825785
10085612
209535155
859352623
1691130469
1907187048
84545934
14490887
931977224
319523152
205682338
1731524731
1927714784
392659887
194980168
25858725
435111213
452501261
64522546
1267089397
419821939
704613628
387717260
176381436
1398509882
858564421
1712825958
319488442
1625208224
376411192
1623321458
62780559
28873356
116545016
1939415568
1137187483
1681403467
1924423880
53425446
1911154590
288684815
482850890
270309146
1409688163
17577273
284488013
1875994940
275485342
481071962
1198762482
1896738200
732647653
35575961
1949959003
468360878
49395187
14235212
1471647054
391263317
39097270
49632079
384518699
414269672
856320451
429031246
1531696153
1715015504
96720880
141886097
523104735
441732688
34434539
502049978
710712106
1415252066
1875958310
1715349924
33347174
245489557
1957221372
950406918
554605858
106733287
842436547
64261666
460618656
809410412
40948892
176346149
199670339
1917252210
248451626
1904973606
1121839369
221674336
240299341
34564770
703887658
1324091593
403665147
995585450
392176734
1246550773
82081844
1949202570
180005239
31088274
28068543
859407446
1556456677
32860039
1962107828
312346323
1920214520
50086151
44710809
700657152
18672070
54304405
609899251
15285829
82049633
487728007
763866816
1951359806
43567825
156455133
28411719
716807506
1601082145
214928666
1860614166
406959840
20919242
32251713
965762185
1964497460
377427650
460558204
286142446
1864361095
260615238
315929420
419197802
1964996526
45310446
115353022
1885657213
717985461
33855118
339363062
722398609
365578610
346815284
402644147
23618146
30840671
26466731
1119507482
373310046
945996066
383424154
719306183
34058174
29251764
403431644
387058786
31403641
408085855
155943687
34402824
598454303
52468494
50235745
714758284
205227780
913125264
1731469838
459090010
356209989
100219645
390360616
277948221
60829092
176227913
1683393913
420229699
136237260
401407743
29679005
776186960
66341916
1068300744
714364818
112981132
221812405
399292661
447000732
60517852
1162942236
1281349465
709505764
721255775
1004857459
91311817
25169762
1968690229
1421022792
315455134
28097417
27466555
30846969
23014634
193656535
287756112
766373077
1972697688
24157592
1974039596
776023184
55179551
18804783
1974471498
1875907352
1027828580
202258997
1696602421
401680926
34212908
1277062994
1695215143
118196461
13204252
19896500
535597640
351644129
37627364
157359197
932078730
435743340
541268343
1270720680
57432420
71749896
87537998
14331378
16882592
64979211
58469476
308502637
1306881997
44381117
24055869
2147641493
632148084
134460664
38639779
15279000
399601474
23783314
1420264670
289255267
22795152
502182535
1910459881
32034371
527861480
73961195
43657365
709154446
14737494
409149287
1914380486
28412845
634775461
14281143
2150226679
218624038
90466644
124409822
459237590
1888299390
1182390182
22475991
340769119
457856295
136390433
22915264
1487623928
6285782
1696976791
1333673466
2149865183
1968841261
2149481836
445054020
489721641
767390906
469676994
137281100
64368725
2151814934
21871709
54856778
21906057
166088255
82339461
383910226
340914156
134518121
281492251
211942732
488613941
38835169
721004427
2149635312
1857980460
1233319578
272108905
65035680
1477511694
2150711862
19972893
747846332
321906362
828553009
585904641
2152669657
29526360
27474775
49372941
534975036
130098748
1813398990
1333424804
370889258
2150577407
247262532
2158928604
1109951539
48709777
347857203
1899600956
472396363
600094555
39472159
273075583
61016766
278440680
22633906
417880273
44126610
56260164
36423046
1322169571
287240039
2162652572
1948935385
1398041738
2147839471
2155012591
1454572050
1924727286
1710881666
28370132
15596428
19063184
177497106
193597488
2164435664
484762191
1219266314
26707697
2162642744
2165682235
1020126108
1968297576
409085336
48793117
299517976
1668818786
38668019
6765612
522235546
843500186
2156016999
1575866821
1966343502
2162381140
65639760
877321142
33647999
2166489055
620029145
223763019
1583969078
2169937680
483754907
232623507
425290183
107984128
455965755
2158020915
391658642
203046071
2171800718
713275366
93814996
345921116
2160786970
19899563
273827621
356879195
949086494
622601242
20876088
2149532687
2168276860
1934416759
636437542
47457497
1417795308
1527839496
1844410172
423510239
414964081
187974361
14419874
23344553
275890328
2168094285
18916605
318977179
2168158159
2158991814
33476973
533297882
14129019
28852619
2176309548
92505154
23451797
125753084
371117240
1564700617
276979097
762542952
1971170186
34252926
198111290
304887658
38045117
2172278651
2172517161
2179628575
26548370
194785872
968955060
14283057
60540946
52662909
127501126
35856054
2181938203
110405810
2175548190
2180217830
107837803
407274934
2173269383
2173523309
2182550862
31372873
461861532
2170781212
62764268
1489670442
94053280
620482271
226678652
368524334
1412074549
28548637
2179879639
2182286113
999389293
115013235
19310307
2174259994
554793321
239568836
1591204386
1262527111
2174187599
887441844
1313764548
1233868548
2154676458
292919956
434400703
83552873
22516825
2187125305
2176199163
874306134
2172590430
234046686
1167091542
19606534
2176935205
113902232
268327245
1903996194
31074539
1479432426
2178826328
36918193
764884
112871323
153753339
1514349330
191066432
20240015
873304134
22282690
19145951
34696385
118728847
103280252
135462216
19075047
491541422
1020945517
28109832
17675609
1731175884
30703605
20285266
513584555
242793011
612972910
74703373
315450755
76883946
1841764411
24177970
56326379
18724292
428854213
469334956
181476245
14310788
127637736
44852484
28069007
1691798940
132215409
520658632
25262480
332379440
131217007
41604461
14548906
16944860
412956984
27854902
28108694
38631594
135097529
420331184
197424171
765456692
325506840
400864184
244707638
215626012
79163086
22932035
516455269
23067843
32017455
25346891
31499866
27304451
58797408
125284155
1660851265
1654018680
24172080
28232768
431484206
351559847
215740076
1488840763
44135812
337463891
36705949
18760790
26978944
38923888
18426185
496952496
515431540
38906865
1531615836
45536239
58631768
1598219234
386494103
387752233
79168131
22410501
14300452
63074157
59827474
386734350
1355106906
539269852
1093134697
1326795296
16281676
188669354
257379193
320579595
26232645
14360201
268502346
188781424
627900668
64999625
543287524
1482525636
409375859
1219592466
33461802
117216619
323456148
40649915
153396404
405680600
404954017
1530447817
1103749050
552730745
1468952438
31404922
1107372186
437072302
562243531
38737154
109017660
100473278
48536494
405624240
1483574431
614767142
1415165257
1535146681
66625204
254128442
280549339
46895477
619152137
497300307
320169514
90999752
74725943
135325668
540922932
991120512
149666064
1377961136
533487714
1536613507
143205619
104234088
343791862
119570499
32669445
382645387
20425127
21268217
296486505
410731663
1328901000
375728758
44953878
64991297
22905501
306022678
1394982458
204832963
110994325
254547999
17969187
33993612
14288037
247574859
311709882
1327973694
33954545
122036251
22789631
37217907
48092872
323099778
92631857
19962340
52785255
42844817
136218318
34231784
28101138
21746360
237767804
249768925
929964096
205742346
54569920
792907
446285253
514761475
19018815
1223677776
19340799
24740443
236403619
1394290512
292240384
324501720
34573200
118680576
397943559
399905956
69668086
1466535901
308938225
1057475636
19260683
23830152
32115103
46626720
23419566
33461832
19259873
29703959
14301223
18045072
33037709
349672556
60561438
34234696
902149578
1450893258
331184960
983400180
523051551
60826646
42034180
273838476
35209937
310458941
201216749
29448839
467720558
407186117
36810604
51323199
21486473
407952439
470165112
43674570
65907870
1397661872
141709158
1281077874
517844607
60891099
14277275
583924633
341974764
25805313
488741643
107762215
31779286
22363451
458203852
223406872
93925798
610768131
262574653
1114757300
746943120
320829399
22366268
912566684
28846172
76450358
85545437
177177776
481932428
468221491
1026430688
1376888466
349704791
134049585
584732018
180281123
404006630
18462205
238945097
524665153
214028403
885816277
56076492
23938915
122675693
62271664
361483018
353569626
901696081
31084859
204441330
345842262
128383412
34246864
384786873
961256174
66456903
501744819
193554972
21891255
49774380
1198189740
46888173
29273536
26323792
798432768
215942678
43918746
104945479
5636412
601119165
112976272
1131012116
47895003
60322108
799696837
499776536
41183221
499867856
523041510
90269251
1160232464
59896145
14378181
69397109
189492004
402377699
14292745
77041321
212149324
1193925240
1089101509
1234906554
16452726
14285164
19200499
32149336
192536934
33033900
73055334
56987723
274452288
218884515
20701231
55203329
39695456
421279744
18550977
349872308
883921728
1178437964
19226074
1196497765
434111231
14282002
38643120
28822089
179542435
19078925
14286624
361774924
128555095
390115172
14351124
607587020
41604240
38745028
27704856
29660732
17113998
43327610
5959572
14139924
26101019
1054966226
28321259
337067190
399552743
19414922
30644104
258598220
26266928
57949239
46599128
14978302
79992803
34917220
313242999
65039753
319216129
1098450534
11372152
20368972
48404031
24877969
27982504
484605092
1100427314
19361192
63429334
32671410
1091642166
413808538
26986875
17365131
202695830
492095025
869606803
48660856
31111153
220641349
48154045
85666077
503102281
488493877
490650354
23320712
15048424
91771935
17084963
70423313
223194178
32344564
190346749
73369604
20504947
180085673
460632603
19180789
46906262
31690214
28776654
95238065
37676399
34034925
347144137
18934005
452115335
21786064
16311772
17650380
24672290
68233297
37295504
66834399
462787317
33456537
87666695
29947545
22486381
42843759
74705315
43528884
359273326
56454175
953901931
16361018
426856477
14584846
22194908
559258664
811677463
197464906
30927768
33988509
71040650
337825216
237524449
103792291
19297438
23499901
93723020
414720231
936853028
205735838
9398682
309073
45115396
95713333
46624614
37909181
21188740
878559198
6031582
163425145
881759936
468797801
259719962
16681117
140993447
921362574
501144601
50620056
45822628
78682735
455785588
265565067
92740110
525138736
41774044
60969382
84104574
71231659
19529605
186423716
168576040
19648683
19765766
334537188
732815658
26207988
706847450
910245301
849201024
27485335
39827882
382598137
358969925
391550846
17776788
117834105
538479138
14237373
32478390
112289234
484810895
886441340
21423985
34059177
55220955
856120970
62060746
42625724
66709056
401585184
188779174
16738187
96756034
25992014
433550898
15644592
27605501
889668625
816993776
571123006
425708396
155550336
25683251
46979706
72365254
37979301
7708282
25142349
22365643
320426129
804597968
382836218
214937518
211089672
424178588
90818945
491297741
30271375
39299713
282250826
20236809
17821142
819086430
345903286
238608541
487381292
34703909
23052230
28594859
233511339
11518832
862125384
19987979
67557660
85883333
122195535
20585218
142613436
861796489
235941182
148861685
47073928
377421079
823719428
22717054
18387289
347146714
315876480
38882731
144452667
533613258
26239720
366899672
68444433
14211605
14193128
163443340
57328362
42730936
382535211
71840293
66488031
735780246
110939611
523617026
187578651
19978922
113597700
101773656
594047993
158877952
34307049
126256491
575698907
843883861
14406719
483087580
211839867
19066230
67560435
89667394
426036269
39965455
855822318
529824996
30891457
18194164
20185824
291791225
849900457
28825205
30630227
205803448
21414413
21890520
69181624
61514209
14912382
14286342
22050760
473753323
209479569
247660394
340800649
11153082
253524696
17096233
19261863
27718077
299571141
31195903
24864138
249253255
209118352
764488482
40855801
55318607
340393654
117347588
313242570
125966214
34972320
25482639
169201702
519352025
21662638
22132391
112714402
278194962
806594768
19744711
400855627
519875579
229191205
33598086
245462664
32859243
41080330
477106155
14567968
818777893
260132760
320154256
352952504
34266037
17267639
18936988
32706151
31439248
69239792
15022445
104555469
14302420
74403099
15230565
173571105
27603445
40639367
30492096
29411234
246177161
219596834
24159177
609414457
15143478
234347218
26798240
85774291
28580182
94538562
405439313
175180494
94210419
25140293
223812019
294336230
14291132
34357825
25380560
19394931
18833813
18330155
41211009
457640845
35834118
39960683
612017399
35325872
6466662
226624229
24447643
54936327
130775027
597526629
104809433
109293948
601439550
15894774
41896037
90105471
480253925
29178136
410828199
318638270
270779278
50073507
518358567
66217612
14077310
122072320
34859489
31073556
354516475
14291120
29663871
232324571
14865943
121403793
27875088
25616190
28167343
258715014
138705679
14287243
757145778
14446442
87080308
19246061
80668551
221064860
96861734
62523083
55516088
575129909
621576693
107354968
61308009
491140593
18246721
39745276
20315636
10168082
238125536
759604591
283626212
177501286
219267576
26604036
29679993
66796168
25867735
529320577
50303955
631087962
31382966
58511405
22604909
96159109
743060426
18344887
749444851
25488427
14933355
14301990
64441266
337919526
28087473
16672510
103555738
20883211
12904702
14286658
350815222
729474715
954601
50962637
635288917
700593
464202341
426461658
17776634
390687348
25803631
617157314
16433645
421125838
33505044
24488771
33639912
245292093
91894424
66485074
30848652
3108351
34906198
206597096
491680057
341564433
623149189
68942913
74474647
33482265
173785451
725925007
76992807
21919686
30133564
374417128
297295848
84351228
271606257
89209837
714997362
53058964
139046308
365931694
18955891
15590847
13279242
64148350
31084774
63771768
13067602
463016653
25726310
199665432
411617594
58577967
194505506
471084733
273575122
394319239
28313843
383680734
8327142
105288120
136797034
25272654
17002185
19282128
27324079
20667905
31890110
18901235
27845999
57902696
170381253
304011325
31737709
500885877
247488242
21293785
31388912
261600842
14293310
134221985
39492276
68105264
537290850
32257623
94397645
395414931
19388166
227822089
21863587
390631542
268247247
594726412
35217477
287802512
470922356
29677294
22975747
18953814
28772358
383286980
462893360
151815743
489479693
474706881
18334561
23185890
570744394
14350368
370966747
339055436
86309101
19028615
35127952
259127503
257911937
201690715
14371314
24119198
98576755
53949942
516671992
598465053
27209613
72600821
278925644
278305898
247300409
40196836
254710359
479155183
385406348
498251000
248796487
33166646
509200375
22023899
57130471
364377121
19184008
351432408
28806730
108915816
31215429
26527817
24264879
20586215
315323700
49746926
22907043
93899982
28085805
218063694
17386721
356398393
276172272
30853297
275243886
72228773
27652486
31366870
331559433
50677293
28765398
38031287
184722739
19611964
570673648
404929319
20984771
27877065
584606570
86154361
342354161
103978403
201653163
36412963
21087831
565844194
101834804
14723606
14555915
17873227
466342611
390719961
35434494
570781063
36969004
299218849
51103171
44972313
236829256
136031286
22895438
248205281
151593788
171644420
19679450
34034031
28861781
38688596
29494092
96321145
75236874
43452513
192160002
14258880
25488220
266111353
455595801
482971150
500870066
765548
18670997
518791920
522179395
236839814
20627309
4461451
86180543
220153580
160676165
393346894
36050996
32922138
34218423
135625150
14488598
228910261
192627380
456567492
20085435
32386837
329144543
33260668
313367201
509172472
70337416
23176823
38927239
228845793
34296797
18725655
47452435
333903537
286267446
431927481
412321291
201689250
16909126
132135349
14290303
386733623
14990736
180337798
180511678
21844306
42929673
213787697
35795414
51176196
20015311
38769939
105192845
26820072
475162342
45907664
43859169
30892442
364488011
507188084
21558616
327312980
479025116
328167516
90610284
486559151
30439303
19026443
14272527
506536523
220739751
26601441
307456888
23925022
201182471
84796534
86284559
520329893
178738098
96768880
469448334
28347343
19388550
151768781
19386439
420951546
22638711
276079097
36625807
45396246
16408059
212272943
352230918
73092899
31112967
134172743
69666615
16147931
61450363
18716146
14284968
118546483
39018197
473914976
525514579
318289922
520393138
363282607
290411887
376747336
972651
23785168
188256896
29676819
20133778
51997943
515528815
10451602
173823274
60683857
78099370
25416669
88896130
33014687
373890791
402952461
419553326
113002313
412469714
318271193
14284164
22809353
18292862
382981831
493503538
462910860
436515416
18798771
241613953
50269720
28827724
247185936
249075573
382746967
48972045
15016838
21018044
21670881
260308246
84139037
84300585
27710645
151044755
81830504
57653188
374473407
15248722
30952976
321523360
338651001
313845197
39311450
30941476
50003640
251769222
58440666
14420387
14112617
424940298
21253940
23777035
19764533
28367969
279584721
28872687
17712364
19236431
19157451
26787463
67881440
18773541
44457911
19062027
22842679
14379246
14292060
322531105
97665784
200516200
14293591
20974015
291291580
19033675
29486083
444468592
13
478553827
396618124
61275784
259179149
351518999
475999502
203141819
24716445
20713061
109534411
136184787
15416505
50055701
48316845
18791763
150717602
32952163
9543842
15223934
465614030
430789067
194078561
359905331
84119762
15033759
330544213
21288039
21868875
14584834
172614050
143770866
222048470
372813092
47326041
32816797
26489325
18876648
17895663
462211984
462009507
89700115
196749708
338049872
30632912
14334023
42494407
459316218
335142692
393731223
22948063
46869791
455238855
38265914
17672509
125921544
225554655
312189104
455709392
163411702
57696728
40877768
47298919
112428297
14476504
15154948
193570988
17385637
22810361
430180591
454191471
21314520
37620393
33750207
381982718
17735875
49695150
133738109
23057509
17632830
37354787
307306463
17893932
282459655
19282944
403272223
22637827
386755094
12911842
44941300
75060420
24250540
20223894
431759188
84868803
15947897
17735909
151856844
27833757
96416550
45381335
271857213
345535314
14312379
30842849
21384899
71813915
47308279
305608750
21574473
429747960
110244016
44089129
23694893
14418014
222492561
17052422
252274010
281058301
413914344
16737801
102497681
48797251
193311364
25501622
155976053
112413436
17508156
18875947
33609198
258471477
347870730
47606328
19587396
131140639
17814938
14997025
23205771
307416211
6267962
1946401
317101757
195848365
385506929
289897022
377270903
28317108
360056861
29066377
290614930
14116137
196604445
345666610
8511012
381502681
2227851
38638278
14283995
76434372
28692401
90638985
71636877
226167775
18628277
14260198
14855334
98615970
38432365
49674652
81603794
33307967
16467056
38152403
156580448
25817863
14679848
21883399
31749659
221119581
90848755
126065948
22475154
14942040
145334806
76602809
210565000
240462845
18519026
266758179
28088939
319083624
15815569
49634119
21866798
18447095
14615934
59003
18874097
31379010
373247889
25091128
75241142
84709356
271045372
136029854
40187767
45342108
58911829
27605155
6017542
36027595
20989035
30864225
365695885
293438817
20191034
92524988
2206081
328969940
287785714
330267303
18679280
304615761
365998570
135153110
38171057
282706513
24950478
368208275
30686053
21689226
143061537
118415180
35056248
329902139
50604877
30891188
250435513
53032573
21255585
6280872
30656470
21386801
58477132
734353
16002116
140453257
245481553
41878492
338969947
17383707
17442320
31109465
31709542
355761540
251523398
33892809
74143933
363927150
364465838
353664792
10884832
97107668
794808
18557630
45536687
55355654
44039298
251357322
246758084
62442994
37068140
14559268
15169510
20709216
29552387
29294824
23355121
33217838
15028398
17705285
36435788
18394995
342862380
37677256
63705704
19949760
160920285
95738350
14402173
29082795
319774555
326041251
142093182
38646590
352534464
60896067
17527559
85822252
16934104
15351215
21864137
17089700
15787917
19762987
20886486
74778874
18381317
18377085
106108697
74273625
22379431
45845636
21391879
42207894
221698014
36067300
46155346
17963196
17113249
14465663
5798452
132823037
62522258
80235315
67144176
122994639
229640435
324806313
15895694
20182089
13010422
30311534
17230819
4996341
41571221
135820177
28957526
29440401
193017662
10406372
60912260
234439948
26214264
333527792
78596503
67268011
48702842
38631842
14287018
19708641
21357261
22656060
19646280
34928067
43672456
231118152
45818077
18360037
1051171
119892321
5467062
30331417
19061720
45514644
18720634
14257199
218910852
280921742
157218534
106367656
169622392
14302487
230535238
23418810
17761660
64004084
15134782
306475896
7905122
25304698
19263240
22646517
18860780
147311253
9300262
38643660
10663172
27105229
10112552
14134383
19538202
14866543
14589511
14462006
44726549
311626781
10078352
193244337
82443473
312544868
84368180
69835350
19254732
20503192
21854256
112417593
221330582
67571803
189051125
31397933
239063731
76319586
18549724
74418848
38897276
126428689
75130201
239925735
20676292
30890497
267180999
24048368
14320705
36039059
204525639
39478117
293950169
58557419
28178236
21588799
292904816
17189741
22049212
210526095
20176513
44317501
22172506
788603
38847775
17499801
39484150
18722968
8079322
45673798
221759463
33384943
271415458
36046516
59400002
47783655
255628022
55186757
242003759
261663158
21859231
33155652
18796960
19059462
279131939
88776580
218110772
17271664
114042360
44203664
28952277
19293899
33585774
36099106
97512432
18079528
21045768
267403905
8953122
246816735
21752569
219593416
268873849
241959982
130064773
17039630
14698968
31898483
22677425
23651070
227613352
84639315
228694077
43355487
70380300
46098040
172694845
26076279
33916529
94188924
25975406
158351997
18988667
14644051
243417188
217530764
18850035
31378726
72830645
23413801
150021516
214049275
20668303
236058002
22834808
9791392
47317899
14114267
221822662
72943459
213692871
192328753
19319985
173195708
19766460
19450673
35587592
34246959
89437608
216357534
25996040
4985141
140118545
23458354
203473146
191209925
69007602
27593396
29462516
17233716
20195297
78330513
28571625
29928571
25547892
19495880
23580285
14931907
20145056
35698094
20761720
24149604
177526172
7027112
144540536
21862201
17482669
84289595
34910028
26492237
179611969
44865727
31821927
31518766
31452966
67310576
142282484
14651507
65874337
2185841
188021130
31068930
39506065
37398525
20280065
47301143
34228196
14224622
37174426
60752645
20431436
25768221
36028993
101727020
19336418
23849809
70762972
38439143
18520064
77211534
183663027
28726577
39052549
39811941
39811362
151857418
132255549
22756580
85594944
38493594
58755208
85878129
90929317
180392912
20555875
23937836
24010664
63451448
82353528
46688502
24686706
66664753
20374992
18029265
25365007
13486222
28202958
15318242
95456557
149046826
28304157
17187058
18680594
32352209
31101381
28757140
101758086
61429870
38624201
41544679
41554173
45565440
35739895
25966747
19234278
70977551
37904694
17987852
116697719
19107588
40482226
102616697
27317182
41337693
33832676
34672923
46092078
53876028
18475198
93829537
119753058
59569015
64366720
171451743
20210193
53213766
87493148
140423271
17230800
136274038
65460298
22467542
33480259
14277840
119786274
23743685
15820505
14344727
21645552
157907219
19705628
144622386
3792541
21905404
112150185
24854538
14700117
33467543
152980872
18633093
23670090
13261352
29659136
28913073
38842088
34342963
67561158
20425675
146422421
31526298
147307223
32542763
19278408
140525046
36510958
20592144
14317937
18003818
7428132
57107167
43531203
20140230
34247120
53834107
18837067
38628986
138376196
15180852
47909519
34575407
115441879
60907043
33878908
7724452
92489022
12044602
18016543
86461778
21393770
127983706
126574272
67539617
6255352
14282894
20594129
19647427
17425802
119136840
27835924
20044495
116271742
121053477
84309055
21846143
33885551
86378340
119046422
15083847
17868367
17678392
36624824
31675312
19182501
21290360
111291324
14880425
31689568
110235065
30873513
109524775
64742113
68947198
82836701
108417952
57592947
92962860
17066475
50252928
14777166
84912538
19770476
37416154
90448119
102035871
92043674
43115008
65493023
96993423
30526537
38532025
14292335
20165106
93852440
93295490
35808591
65313321
45594856
31373378
16589206
63262403
42990099
6592852
69396214
31267211
44851079
9945842
23104499
10058212
19463040
40215521
42854868
33852061
24208779
20450116
20859418
24673346
11936452
16017859
34050300
37265063
83917825
23807175
41556663
19063658
26588415
82696757
21608750
20984882
37788958
30923509
30241775
4384251
66433571
25662370
23616999
82325555
15353365
19058275
19189208
21282306
80916493
81844094
30991641
81578629
44409004
17470253
14112809
21180347
27000473
69227108
61481011
35286490
21642842
34579307
40665151
67707084
14474563
24605727
28413464
45573406
19331958
17648646
42741077
64256418
76627407
14619739
17383543
19442053
58458828
22479184
34922204
17308578
76292859
64543
49370357
67617143
71824168
6587642
68503817
42698033
16705659
28340885
32535843
21760031
26069778
26867970
66696236
69425160
18714976
37231899
26495204
19414413
33152235
37630783
21288315
44872685
34402309
19611943
16744794
64697682
63129578
38870922
14566734
37485036
15003632
41813695
30183766
47982188
54917900
48832952
36423190
21749649
10095622
30662875
55537558
25051303
5463742
63132666
36059230
17117147
37034439
19546211
20803551
19901366
62266883
16838378
47423946
19734035
62467970
61724625
45315024
30981678
61250638
14834340
45919516
60845932
25144335
59548897
31528039
8490992
18020127
14093978
27207896
30878189
31386412
19190875
14908347
20515269
19236875
30494954
22613875
17673981
20441820
45810524
17099847
17960721
32660698
20679622
16904159
14225413
31544675
57039876
46081160
49100964
19612480
28110788
34898791
31736692
20868447
28103763
32429371
48302295
21003895
58793878
18970504
6141832
57093175
14419039
22988843
30336576
16997941
18680691
34358574
18899473
20969268
42709793
14943435
41500247
19017582
29686161
40441804
24152177
14122188
49959486
29437847
29447324
18332072
25081726
5985642
32374475
14112817
25509741
18561093
14301047
17525882
17075534
20471120
7981922
8708072
24169740
19708539
14277205
21590690
14473462
24152783
14157785
56994889
11511072
20679951
56460313
39764029
56330699
14803701
27513352
55204617
55047054
52877608
20667991
41597644
14354733
37488920
14281853
14125317
21759024
1468401
36354940
14049906
27020456
22370217
14942791
39219035
50257547
50051699
9550672
21022281
37497802
19922838
17334988
14510373
18897215
48974071
14417779
20311299
14314495
49611102
36625637
48713549
14284305
25854373
45877859
49073990
38653195
49252566
18860581
47974057
