743536687
172329064
1665955818
1127570108
238538095
297354776
223917467
56076492
1563603092
535723084
38155506
167344031
714242352
55496543
390856590
31110822
142613436
1557807134
528787728
1647714242
1359646393
478125731
75060420
21695947
267403905
19236875
18213346
37468448
82325555
21846143
31386412
34941106
18669139
46081160
138376196
19764533
17813010
45565446
34229862
27848098
33467543
59548897
34880049
41337693
236842303
39725842
241959982
28529735
62266883
22014140
34672923
324875767
36023237
55246866
18897831
186762172
386509008
560997111
22415635
30840835
1479532554
39219035
42844817
16542861
34898791
268254451
163433596
33236436
18609590
221822662
46644261
20796069
34656014
30873513
72664373
34910028
28870473
20309985
26347882
70474879
500870066
65578113
31367026
618068338
43546295
66355617
48404210
249222350
64697682
16718406
76292859
197933144
16432083
