732521058507620356
23418101
803694179079458816
818927250284433412
315450755
4179613355
2969454976
105085224
330262748
69392154
13087382
138203134
30354991
939091
33537967
226222147
130267435
19077517
847238528
61045071
866763320
4023469463
822215679726100480
15116255
250722978
21905404
338209422
741479168
509045908
39599815
20176513
394836017
1178565788
17691572
348670500
426999903
3059124172
31499866
44577324
25262480
44207761
32372724
1245983551
32344564
464725008
980276234
36025548
36028993
14340875
14420387
36067300
64366720
14224622
10451602
20504947
14114267
467540156
74128420
20081412
56328067
112428297
815289800
235743135
376385574
32844394
22475991
132183701
20142758
91833088
83875973
35722768
47453114
19939667
30241775
930456918
93247303
23434430
41337693
45845636
112813136
62266883
170998924
63129578
18717184
65804220
14291504
70372722
36041901
36015085
792605850
53367893
19977718
36378384
36107577
219758949
146580117
221674336
222818835
23747876
32647633
41112318
14118604
61724625
211129938
217404729
20585062
19068089
18293645
18955891
75060420
336176807
50331739
233580495
111556576
15438913
212560938
63083335
318342470
125148375
46875124
1030711922
428852352
1178437964
45594856
17066475
86154361
137742997
37904694
1161442974
17410350
310440934
317034318
62156156
42843759
21746816
2264840661
481932428
2181866944
155947599
35739895
246177161
55496543
44881245
34599188
19337187
17650380
20144046
21695947
20329566
14349636
16718406
18292862
17685876
26719548
14997025
417445713
189051125
17691530
76292859
16432083
371410820
56220775
223194178
14340921
14291684
19067283
17220934
26588415
14712588
45565446
18550977
24525152
45446662
48302295
18609590
31386412
63262403
32671410
198809288
347849896
19764533
498712475
510241027
25507691
46644261
40482226
214049275
61250638
92489022
142282484
847066238
353652117
74217252
63132954
23849809
343879789
473914976
118816141
16542861
196749708
487563142
110244016
18716146
188256896
20301193
279131939
224156880
22415635
29428864
317100875
17960141
369395471
108568373
19784844
240617726
34672923
84282572
19119226
57771253
59180070
30268307
357149769
133028255
219592402
14284305
423298965
426022386
220999027
538364087
465794702
308964238
25313658
29812978
201752563
319596959
444646004
20796069
255933118
27207896
16557956
18760790
34613288
20976857
