1006419421244678144
234132789
1129236186
23638544
446388595
3182718009
2764297421
42213583
48452487
27068569
45594856
3175750240
38693061
249714637
16047333
728619284629467136
1086549578030215168
40001204
866252793421680640
2437437438
496420805
2429269518
1367564132
1555987316
872940321046441985
873519605272244224
799342749560557568
848636191750672384
361164843
76891850
912243120498253824
61735082
278711838
18536997
417341792
325405501
117556848
612052295
841628720137981956
733223257097244672
2541397107
717610795
3369901972
64996483
301355849
849561541301153792
821967637739700224
825012322112376832
313252239
87441614
306426609
844977570647085061
40723270
836105687272939520
829345899981729792
1663172653
17408482
943437590
4918634980
59569015
822517901294845953
814072803716698112
110373654
3079733085
816718743288115201
31398221
221691737
62302675
799225732325109760
160639939
810585577519190016
39026205
305556192
156455133
1575937554
735007174804525056
6523962
28232768
32946583
1686341899
2725773710
260636939
1160428692
3374499713
2938502146
3454374141
976843190
3557328497
68442456
3759369137
2196005298
795715650660560896
33459600
476693791
405138312
19452766
791968793773965312
1168889880
758413058209353729
737009044414705664
940876952
765128073259978752
467507215
470995099
241066768
632876371
2539748583
752259384466694146
20755579
760715191487201280
1172248478
1337507988
105897061
90490049
2661336100
1543745678
75757288
108659088
3656771685
474950351
731500970
362040694
2174818484
4196000799
4373697495
2867442730
562957964
322531105
72228773
699212060366913536
700465333140922368
914504478
4871101859
696397251929862144
33022248
4876566755
266441931
114435368
4826561993
2892522196
2164299882
2369245121
4781934617
389131286
2231294444
1186226905
220343896
2457392205
2181866944
4414428509
183574667
64735000
22388350
65689463
18374326
612972910
2863092689
106769293
112428297
542375831
64179385
4135351937
138333504
2543247193
2802321933
1894945842
819341370
181949222
3289929676
34562193
20580713
2411071532
14624435
1951134552
1335706644
1361664696
247262532
2820815170
134732383
78864889
54577364
1530499783
1202793056
1713252985
818127906
19389900
37595712
488325522
3170226939
2695068346
1731314083
34024307
95965951
20425557
3186640911
292376296
3136068286
233645152
64385966
2791498606
1052355132
438211624
136524400
2284226135
27707673
1870306951
3001082843
2853761805
2918416437
3097832216
59400002
2711501774
2801608748
87080308
63119470
159027491
1660586610
66693790
2879303889
2808160675
1730060257
574728584
407767968
2791385164
415701368
59029811
72840952
1324175449
59686920
456490306
18087674
19584064
103736070
2526962461
2243925773
28182176
464605207
3004078828
31109467
47134193
1457077928
205226475
61489446
372735335
27314433
388474833
2450285438
137675657
2898411076
17758861
1460642443
1382215398
2491073516
539397380
74474647
202997274
16605029
2186785554
1124940020
2917410415
245761094
2970603525
140823959
14528411
425327400
80668551
23097920
2178791937
72516829
787493827
2914250309
2789074414
14191622
289907990
283489488
1391797789
2507632820
563028675
1374626107
69607479
2886207627
2888046561
271844563
2895727803
1662687974
268785537
1109075353
144529229
157661373
2264840661
287340563
2840994646
28541040
14659667
5953552
464661883
1127826775
813329250
214049275
2846311461
22012466
1438272746
1469708810
126256491
1215135012
67845970
192919681
1032862448
1092796387
2775462555
37678196
2835952794
22324844
238308510
22475991
23434430
92993245
121382681
546100453
1215401612
79330484
461159844
28315929
833960550
2576704315
1363949390
349872308
1319973726
304331315
24509011
112976272
614621262
2804053526
72349507
1289710382
31113685
576176230
198848582
215286052
2346469263
408017011
16542861
68392693
2766008221
96861734
223812019
1318490136
425844959
2311775230
2546340104
2732577347
19176881
109591967
2712079471
19899477
16095034
62346830
1394118853
505699473
1425250626
25482639
22668279
23451797
108417952
2284280579
36358317
1047599642
71848377
63129578
801963092
260921934
93395265
2490268934
611753647
394303078
2561364637
227611752
27840212
2568909995
21052022
356740432
229763503
609805676
57064417
2477906185
21081355
31085474
31801713
174426959
587746624
20675372
2483475865
2477997458
34726771
68392051
58174695
307220440
2440746904
2468893795
433682977
25532316
414964081
527756301
2461207254
616987229
76314210
32827431
1198708272
2426100180
53046072
2193936634
21532898
2420232620
2415957962
14287085
2397961674
497074160
793865526
2420157306
278523766
2415646176
372212654
361126944
29051047
1534359338
1238449087
2383433636
18377085
18489561
288167499
172652106
62508465
1651262196
14284083
306916140
408444085
74986933
185092268
281656618
116871537
2355431387
149955780
217548444
2368501193
135496702
48672296
2297754898
600779680
995549130
203669147
29440401
791323129
1426289635
27059901
90354449
221000907
21991593
21864337
213647306
158710489
291665169
438632378
42850012
59941327
70419644
67323889
38906450
14284529
64818133
159032396
182686609
58631768
4774881
1076088475
18720044
51473040
703140685
2156934512
218068272
76895523
372246147
40454709
42460799
83200416
115441879
14340921
37876601
266111353
14340875
18783566
224286716
43525582
74217252
114721145
310163738
59019281
62210240
48713549
97013858
18452059
390856590
18577285
50609903
323477705
13249702
1227263976
997834628
33888817
17901127
219268128
1007279654
1329038221
359608090
191153650
944520762
1358090378
20679622
17293631
31687026
51243315
33192221
1008435499
916791637
177501009
33317904
39721232
18447498
133234354
447945913
248436358
18607997
39581053
40934788
318031140
39239047
309052398
273410697
44577324
1215772574
201248926
66797912
359573726
224970921
462487559
42843759
24055535
189051125
76292859
61724625
443140004
115003484
265057156
21786618
14266598
75742264
26321025
495041819
1872950982
1893057079
1728000223
606254216
78361556
337825216
1688466073
307769592
426486458
24527191
29153118
26763420
905595618
398606542
1862988361
396539445
1318639441
168703427
80848887
32352556
16432083
248234861
21393069
22920732
30435298
223889914
257040589
214438653
177347829
33865690
1014532460
86154361
32539537
1725191666
13201312
810751488
434040534
1190107171
244612345
1533380833
197835683
38625677
116401494
16589206
38839573
455836497
16557956
20329566
34941106
849884281
216639000
18716146
1469224188
17650380
17685876
595057399
326738338
55496543
180505807
52331839
14291638
62266883
14997025
21695947
353664792
48702842
19762987
29251764
73101257
69407633
19539716
77986533
14225566
14359778
3459051
14547495
20702110
23765381
19337187
28319144
71212082
14547653
322218884
76882406
21864336
38260259
1005990247
90116669
20238626
