364759729
210807672
211808263
2592835119
1024184999313137664
2356312035
21189279
740341092
2366935078
840590395394383872
42366319
309559389
189492004
1536791610
822215679726100480
21301081
720589683093303296
1392741032
22070492
20425675
20989035
1379783245
3803275533
19145380
727069075541745664
188670053
44193524
2189929965
79672558
479895131
231770396
1352068530
454191471
26719515
322531105
529334746
356095156
470233975
20280065
19583545
340417401
13298072
44196397
3574658836
516671992
574366564
740526594
26798240
3294630752
2698191974
2645220702
142282484
138376196
3337619057
34972320
403431644
3302126463
352230918
330267303
62089927
38824745
292863414
236824300
1407151866
15083490
320829399
260636939
101727020
197477776
94551083
1653771666
71885961
1513811304
823719428
3001112866
23700852
82872579
2249765397
45342108
111702288
722147376
1412455375
2752655748
316006432
41368771
2966021261
3046328134
206640289
33307967
142613436
756895303
2973225796
562736698
525336700
2924816561
89446801
568942180
276476468
122426177
2935943441
326165164
2657037103
81112551
45845636
29178136
238125536
19180789
571202103
562714668
374472490
19019353
169201702
2864493395
299269647
25171315
76292859
351650159
54832098
45786456
138356914
40209152
237875706
279250117
2345693639
472750934
18576537
2637258154
33916529
74143933
63266077
2710600032
45639284
198625434
14118604
21180039
634617338
291630537
338456775
596346380
2586939154
2595229172
57696728
21393069
44098080
354285478
221089520
39052549
195881997
38628986
46106058
606227271
421941134
103555738
140386534
51243315
634008527
64385966
33954545
67565293
626586144
36734306
2436814956
475024774
595441538
33997285
1183164961
2388707402
2389682486
193186935
30287258
18374326
410731663
23190166
815284470
960775387
2400068543
473185962
1329038221
28379892
233511339
72880522
466696784
236839814
62508465
84293312
39569606
1115033474
890903820
128383412
224240042
193207281
379720636
50393960
34231784
133738109
968902117
390636656
2286289540
2288369704
345983565
26588415
18934005
78099370
374473407
2265591029
42698033
2220084701
1083987980
217351039
744702211
2243831763
2240477105
55337743
543352994
40221011
209214929
272457158
219465351
1171628220
599351754
25803631
19606534
56208812
20432556
125316960
807629196
39738562
253643463
1925885928
83311999
182741970
241014259
558376060
1535937890
20191034
61781451
72814742
228823899
700241823
62523083
56199360
76883946
72840952
84796534
20424463
407869459
1632584934
66485074
23320712
545394515
883921728
1076088475
1860396421
115003484
38901264
20980820
135462216
24177970
42920657
804597968
1860429764
252468595
1851366404
1009813400
1853778078
446249852
462782473
256502487
204781248
110971491
150763346
1640414335
1544351334
570763281
464157414
217530764
48660856
73979041
46869791
352534464
200097586
230649466
24746466
230864549
35216778
145178057
65533777
902402563
108417952
1632319214
36352388
515431540
525554775
838033909
58631768
461485877
40040516
58303660
125304595
559709759
1550833962
1551459979
48702842
304331315
951333086
171438889
20044495
80668551
195827347
19061893
1100427314
59488402
235941182
991956258
1425675084
47361819
26710373
634005181
475797974
45818077
61732252
31499866
23970435
1371738488
264184151
1388923591
84709356
1198189740
612458528
110180811
30311534
919092211
1278794138
39511237
92993245
39810541
492189880
193199064
606466689
95004718
420280593
140540206
18374073
276010468
1324570898
76377979
333580614
29294824
59686920
72899232
137666888
919160532
47140741
260132760
1250038322
988547942
30324031
73760208
408511415
931590480
328590120
296748793
1234869852
224951572
92003216
522548388
23748315
398613166
401950939
19014949
116446254
622139089
1174586209
373353117
108283423
1167061771
91360711
263842791
398606542
28170408
149084317
361253898
105897061
1113979602
237223696
1048701121
234540346
272351196
547938946
1058445638
57029446
212191011
1076142313
31097833
965972486
33888817
37876601
28087996
581740398
172694845
23104499
270779278
46612326
237524449
408102170
38421714
42857269
567915703
19904252
14296042
352306584
589483768
259159370
181565628
28535253
18360037
966057043
148861685
236403619
477136192
613295770
932148577
85564843
602603558
381502681
28103763
28397965
65710380
598162037
363352400
84679163
169515749
53213766
293586346
23418810
42843759
506317819
21698000
894905258
602854431
472740215
725925007
19297030
539039851
19762987
76895077
359573726
802334587
35717337
828857814
41816215
68801651
166305397
615476387
188256896
504507503
240288529
601057745
310120071
115353022
25295208
40450736
226700783
236842303
36788396
368309250
55184137
319228928
278664682
72292202
66735643
330120458
65460298
446460245
115441879
267403905
23576790
821143603
749444851
817321548
819106128
415701368
198549401
606095011
21423985
136184787
128845478
594638177
778759442
409566438
72809688
449612278
27716729
46746424
613270385
429313316
348957753
28997544
477277458
359335528
486915126
45819575
767047200
385881449
59083291
300764684
276172272
341062077
33659151
174309380
533613258
198414263
198957312
441842561
272404530
141177073
393001171
538479138
214049275
27311727
512037796
484762191
218884515
475172955
66204249
414334941
88896130
519751549
68720276
172008557
19739352
457823088
537052993
56999355
54669753
190340244
268327245
33993399
27513352
74225493
44203664
131105744
92234881
390856590
426173367
68503817
472017903
515851478
369786975
34656014
320426129
36039059
110333
221689319
48966732
489648507
63262403
103280252
550092584
548348585
469585545
29171990
14910506
135820177
24687109
235743135
539095187
25926186
231205532
133683225
33006109
247185936
33852061
176381436
357088534
288744858
31709331
506097915
162051798
27676023
89484734
209968839
26022773
116133944
377421079
510593678
22375073
306185336
80848887
373330234
14117127
37483907
527940694
99734015
255628022
481932428
495954597
24955372
500870066
29704091
36029584
70953641
353664792
31404274
190258709
358893936
65924567
23247176
39456977
34300228
61450363
89165429
476256959
474833009
479528463
31087291
405624240
399963906
53032573
452932725
473914976
307465602
146042093
471709113
462893360
49248859
239501078
27062533
96861734
67557660
17220934
258471477
24154098
42741077
19107588
425844959
355105355
28093496
409522004
25289729
22920732
40482226
434101971
61481011
36347776
27844742
32844394
380273789
27714427
39599815
296118811
53526013
28998776
196569190
14420387
250435513
38145897
83916107
20943751
196749708
234517620
57919679
338209422
178738098
34703909
196409507
35834118
174762419
31737709
277496292
65306306
327312980
51200901
39339357
37193436
172896557
27008101
113608794
57592947
320995178
339055436
221726495
106077757
47073928
17674235
45614100
364465119
125295632
162347244
21288315
26214264
149683976
256296196
38906865
258758566
264310853
47685503
231786198
273080101
273638217
223198101
29178728
34886981
196165072
221822662
292239428
103809980
38653232
18970504
247251231
312606326
171698960
14214281
38693061
316434456
339174193
64741168
345226012
43062590
332250939
68780681
351548925
352408058
25659526
34357825
252291181
146422421
19962261
34218423
357099003
203047673
125921544
192908102
17075534
25294402
39219035
26837025
35789212
20796069
24143353
26850290
19758906
28148610
49372138
20667905
81578629
25498771
206597096
38392595
67268011
50743244
266604340
40969477
18475198
236127018
28139246
15895694
20974015
60983
37231899
29280978
43759969
214908555
61250638
287876498
259916263
31687026
297640821
38882731
33997298
23246528
126100755
91894424
241959982
222209875
17963196
33902887
45869298
8490992
19190875
135917823
277446833
28110788
14314833
19206253
247896546
46081160
813286
27848098
41337693
23849809
53058964
40096892
38137120
258239203
26488494
24158592
249262359
84639315
17230800
18045536
16813552
33892809
66664753
29659136
193631695
220971456
29182664
228694077
97411860
62574827
60896067
64247948
215359615
28529735
34591198
49073990
34672923
78574896
75388843
138426121
31386412
44317501
14982267
88416570
93923126
56467191
96993423
17673981
44466367
19784844
82325555
19233252
127947675
135413972
22989809
19122668
139220828
44207761
27317182
23925022
145196059
146410790
32542763
37665779
82353528
27877065
47134635
33008891
14346495
140007495
32899575
139993722
18213346
75742264
52033549
46338044
18633093
63129578
14659667
19189208
47607262
23574285
26212446
29251764
85269944
74539103
14516082
93477141
44068376
69538062
94858900
89451594
36307732
106769293
109271750
58175571
80124668
30873513
112428297
112454269
90448119
101758086
31709436
91048804
119382814
119748217
49072458
34941106
29716556
116697719
33497800
28101138
47282349
58166411
75895901
21502529
26974242
40196836
29715510
78330513
55545682
17987852
38638278
88660961
20530102
31206435
86816335
31723557
34696385
42045125
90858223
36344167
91875491
92239405
17217817
37168047
44865727
21695947
38451208
25313658
39091525
59548897
21905404
81844094
39974570
29928571
14340875
45565446
20301193
15083107
17362775
88042935
34243437
84928688
81405582
88713772
40965399
89143690
31367439
25504185
89488337
26879208
56168815
36699681
84322793
5577902
17425802
62790286
65607792
27879018
73094923
64379046
37172109
73366252
73694743
25158534
50014557
14867086
70627064
73086372
36128243
26109505
14606990
17251024
14368900
35560992
21579741
74474647
74719076
75029911
75060420
26199451
54522948
59786485
55047054
55496543
21864337
60911422
19650826
42895208
33538992
34058174
62309239
18606871
61724625
18435641
26722172
28825205
63100709
52104623
63421565
31110822
15287532
48382350
26720210
59827474
22757839
37059159
64653151
19233560
65293887
65588447
47965074
65711233
30759351
38822086
14286624
40635374
66700763
66785999
28189211
25158799
16276033
66796168
66992715
67437914
14287365
67903239
21574473
61227070
67900711
49849379
23616999
59582322
68644119
67561016
35865866
31093734
69007602
70519726
14883885
21862201
19164987
40463751
67676949
14296604
13510472
19017582
28754230
14605268
65346150
16017859
66803291
69693214
72262602
16737603
38665124
28577823
72720525
53878380
55981002
55530980
20433173
37468448
34402309
37189736
31101381
20279163
39311450
6012852
39966546
27501700
34601836
19063658
25966747
36423190
19263240
27838791
19357860
27845999
28092056
14234290
21022281
48302295
31395444
17590338
16838378
22194908
28100442
14290775
17678392
20672548
14104611
42844817
37488920
20152971
14239172
19236875
37387091
36064899
26606802
37034439
29437847
29908667
20432444
40049680
28356657
22651524
22795152
36118685
18675926
24426957
32115103
18554686
30923509
47933480
34575407
37904694
14291842
15924519
41554173
34229862
5798452
19234278
19295394
14277722
31544675
15848266
14276602
28303450
28069007
19704156
19703579
24010664
33467543
17705285
17957492
21846236
26243948
17756100
6437312
14206252
56326379
38260259
23480387
20868447
48260520
48713549
19905010
27924864
47974057
33482265
44577324
14599192
19332919
25265834
43327119
36189150
34581357
34910028
46618167
20582802
52030984
51870096
53913540
28523323
38307490
32482854
45919516
14284273
24169740
24044383
7981922
45140153
15506431
20883211
44896803
45545265
45004112
28808487
21607678
32416211
23434430
27437465
14908347
46641481
46856504
21697347
39983579
31371308
34903166
21863587
15093579
15814642
33828724
48075273
48083123
33490695
30183766
17877056
34284610
24259409
20374992
25996819
15967463
17064280
24507421
48273806
31409120
20195297
45594856
19188341
21991593
29202154
41835086
34875774
19712127
40090446
14829057
41090452
42213583
39973171
33836973
15126867
34249307
42936179
11372152
42611752
7287162
21757073
44393944
43784864
44712540
29734180
44764263
19901366
22608196
16651413
33217838
38265914
14395000
37623914
19242736
39227903
18264009
37416154
3199951
19726140
25507691
17482669
39607764
39695456
25365007
39581053
18387289
18061917
28092347
14286477
18669139
21864336
39726707
14298855
35453508
8021322
41072397
38870922
28119357
21391879
41682740
16805215
19766389
37390830
22511075
22243644
28603638
37633922
19659689
23215008
22600950
14890031
14301094
7524
38160722
22388660
36331963
36119447
30241775
36988730
25155468
22044628
33988005
14077091
17883601
14284305
38885139
21775173
30622383
26069778
24537650
14492421
17962467
35449997
31976183
19764533
20513866
19594368
31097949
29866406
23661457
14320899
20390184
21849418
16744794
36320315
16576273
36110222
18975916
36612877
28323152
24046713
36903670
27737368
18831549
25315706
37223210
37389005
23057056
31703109
36179458
26719548
29168612
33028800
33657959
11511072
31371709
25861301
25477368
30881344
31471161
28095488
14386543
27098006
30230228
28183543
23442357
26507167
32535843
14365312
33236436
33548497
18213114
30848277
34032735
34038334
34050774
15894774
31377167
34324471
34355018
28584427
31134369
34574276
17646825
17776788
34714498
34726771
30840835
14559268
28858897
29028155
14340561
14744605
35699898
23084212
11936452
2274561
22612223
27259029
27298935
26818369
24896676
23503272
27834369
27837029
23436442
28087473
19824721
28094255
22926507
21942750
22665308
28529613
28093842
28232768
18505260
27910533
19119226
23211282
29967293
18955891
14525309
30295479
18328973
26260584
30439759
20969268
30679029
28726577
30714133
20859418
28085805
14332159
19188289
18897831
22014140
24149604
19067312
22415635
18406149
18716146
14340921
17066475
21002140
20611702
20238626
19256979
14287326
23438083
25290690
25977779
18332222
17508156
14284864
14351028
14175847
18680691
14351105
18627984
16418188
18760790
14225413
16777566
14420376
19071405
10595272
14287712
15217473
14237373
19206999
19387680
18761632
14434034
18079528
19337187
14688331
18627589
16665114
19013895
14077310
19769863
19099958
14284274
19841704
19916775
18773541
14266448
18392926
19708641
19286303
14997025
20659166
21524146
20431436
19385216
8184422
21288039
14419039
15438647
21775707
18628277
11625272
21853001
14349218
21746816
14301047
20001754
21919347
20588534
15027785
22776498
22529589
20210193
22988843
17424766
20859090
23582636
23476352
23816142
24575979
20233660
21846143
24257392
25144335
25262480
25051303
25425643
19206899
26121187
26460975
18186419
18631237
18609590
14282345
15857285
19063880
17873227
821083
14662285
16904159
16542861
14687587
14712588
17813010
17187058
18292862
16601090
16432083
16557956
16718406
14617551
14354733
14349636
14349782
14350556
14353621
