1168793622248067072
1462548977367359490
1238583088998830081
67934675
349816997
2307898220
14258257
1120633726478823425
2885493519
144611647
1359532099
902529061993447424
279131939
701476851181600770
938970397252481025
170023589
362588525
307240505
719606923700649987
735764197380759552
460042429
21575737
2954799849
1543192765
20166503
507425094
3187428533
297262028
303031767
30322601
24531620
199964098
251748694
1129236186
1662687974
7723532
171048397
2723308582
96010420
1389970216071876609
42379815
3391710796
872533308
2470136607
1338866706010140674
807692136
20927352
510667520
402983524
404110448
23442357
2996731568
486386146
978583334799446017
529360281
3420148205
1450893258
1104887179485081602
2879083713
857917855576272897
337332303
1373597254678945793
377427650
43592147
1243621045266980866
462751333
1362663147836997644
103097873
32816797
2279424897
218984640
93963992
36440078
2716825429
611010814
397411698
33237600
271538773
31418514
1349149096909668363
216065430
821784477076750338
1323730225067339784
1051805127517061120
59569015
803694179079458816
15764644
13768302
81381193
221812405
827799606
1084883473037447171
725655902
260759782
341118096
268665178
162473641
88001109
167792142
1861366753
320683924
1712098974
31379089
603775254
282532238
480660806
68788167
47361819
295361148
1028631307528626178
46099447
14694707
28087473
68413635
1234039680502550529
69565420
278236303
1205226529455632385
1655512332
1029415540694179841
26231307
385881449
62060746
230649466
877708076
136980577
1173622041112719362
26725154
1129039813
20150850
234078530
2310502713
272404530
49935296
91336654
3272294341
147567664
25977779
28535253
40873211
27845999
226222147
101727020
29442313
939091
333903537
21799994
719555092911931392
32016073
2766336177
2586939154
42845459
394060363
2932581963
20008618
1215806104443269120
30439759
1375044577
30110233
31087581
1551459979
204525639
43528884
242861232
224006070
270031375
1125479276336308225
1192479630701289472
2886207627
3524598981
1172436549318791168
2431547652
4871387775
114499061
3179621871
32916686
289253819
89277811
39372948
44342897
357606935
495208281
66299380
939332841279770624
970207298
30354991
783792992
1146329871418843136
816993776
804153798
298058470
533259165
1940475312
2863717025
44597892
613469003
183356975
146422421
3186384695
1006419421244678144
22959763
1179383574
39743376
2966028785
24509011
28822089
271902473
211187250
342863309
970013578769108997
2738545575
1420264670
156348820
470233975
858120066
4516255048
20229175
461023373
1030436238757715970
465046121
275145270
224691234
706935165168324608
831044085679009792
4545992848
38395124
3908996909
1033374143461425152
811229675758505984
72848197
842331796289290241
609320987
338369157
250722978
831050039279620096
418200427
1150398522
307237285
357534980
437373893
19394188
93069110
138203134
108856784
2559002312
43071761
14305137
712971595116060672
1278794138
560669277
746943120
405428469
1663172653
2373406198
145711196
218063694
26588415
426689320
217749896
21695321
45321236
21388301
410236677
2326177498
915206809580908544
1639816483
78326026
1195765214
36050996
917421961
931590480
2873711309
29343098
3151614885
18611983
253643463
42042554
309559389
23320712
2673187289
360645219
41118171
312882833
1580243858
19646280
1880887316
584831220
406892131
2922928743
816869611480186880
24578794
750511978041470977
820378690920058880
1106598750
1683115626
2840329546
3309186214
873089073522499584
494341270
3301992910
37633590
137776972
33250655
347513252
51987179
44084584
895220270
174110843
2218774262
23413873
471672239
818927131883356161
176346149
136392057
179050190
31206435
193597488
856530146475601921
4813171035
1976143068
38451208
155784594
502841774
130496027
3075073517
2770742737
726408395067133952
14379246
4155492063
477923742
55563816
79163086
3522410177
1855109353
2328809310
26205565
65045121
20625292
21786618
122072320
108617810
22771961
356740432
3079733085
436592526
20667905
2792138557
304331315
3645415702
510199884
4503520823
2407753855
286750097
2818756895
78099370
9300262
138141495
16017475
43360950
865124514
3241840365
79618933
1329866688
350786174
72104061
1652575946
402377699
82584761
2164458656
258026952
64004084
979213423
93752550
37626533
408360989
428170649
44577324
18622869
23976247
64247948
109374678
69032746
230547000
29404918
20679622
18020127
98212710
727069075541745664
47930014
2228755269
318977179
211106513
36345076
462893360
248706024
458203852
1215401612
21643721
286788003
2742671437
40833884
35877137
611076925
1543373474
228482831
823719428
15100833
25813743
81094902
4240044333
25344165
19389900
2481899948
1449532152
2548131272
1702830144
2222360488
1111940934
48302295
64830948
227720229
1075005146
504875762
19959946
4023469463
340401252
4018156731
14286035
20176513
190194315
19734035
3076779896
45155843
15999837
293651576
2916305152
23499901
35248084
596422929
38631842
118415180
117777690
488852222
176227913
22677425
2633018244
435854067
17233550
47601462
33166646
2534702808
1379801
27704856
46626720
19145380
9550672
374473407
346773770
1037031822
38842425
216776631
30653501
26474538
2434055114
56044169
906612565
14118604
2292454922
248436358
127871320
136600161
111554559
534355984
15699729
28079017
822215679726100480
1536791610
262108387
276675433
19021488
1166636564
2172431470
17298219
2494228566
2204279255
55203329
21846143
169201702
34573200
850749608
2605255273
65025162
3080936239
44174373
63118794
1363081567
27834249
27062533
373298847
3084854243
37165324
46384158
257379193
875262109
2185062985
59083291
76319586
47453114
28765398
31109467
292904816
18629239
3004078828
36911351
2855343141
40340459
109591967
154896119
139368882
1396859442
390719961
293586346
1583915588
430180591
2491073516
20386897
274483058
64397695
37814586
1047599642
172544356
1135357525
219640976
19867810
2494196874
1490203351
61429870
45519320
371346012
40104646
2341253739
57064417
20425675
22988843
2213108150
1175053362
113439411
45639284
85458166
912576594
28109832
2775779241
353844054
1167061771
17756100
17230800
1320925746
36039059
45818077
154673517
217351039
28321666
30941476
478553827
284233611
1355260628
2225523249
623560628
1543745678
19297030
306138490
31189481
31429522
132852018
1070829493
2560124168
313349641
820172804
403627091
106094793
135184399
2669405904
215914646
311654425
593599728
28069007
1339835893
72880522
14290848
22428439
193611372
59157393
17006157
2570789269
486909817
191831082
24143353
129543615
243676189
2425244766
18791763
19361192
45342108
606227271
17776634
356398393
33988509
1432993051
134172743
20131270
1121861208
84293312
46599128
2395906512
24250540
1072104000
499776536
153220375
84538257
43672456
30271375
13298072
84293868
410731663
177301542
38135837
1224650256
22049212
2420157306
18074976
1093090866
818876014390603776
2415957962
18314753
32991016
44344421
37685197
480747337
39738562
22194908
1875018320
593800653
38822086
818053116
513584555
273592219
66780134
279250117
388815555
72516829
126256491
128383412
1706528556
37488920
14659667
90638985
32397331
2253620400
2264840661
612972910
29328836
1530315200
25289729
2311789131
135173286
28865987
188021130
2306042956
296159942
330267303
454191471
25803631
857685373
1534655556
99376470
193186935
2180017225
23185890
103555738
92043674
1369232946
32341477
85676584
212679277
1860429764
443140004
2203806496
968440621
104945479
201682031
14502885
23559428
1858063040
269216440
1650751411
1329274597
17425802
2188281660
193554972
293113971
119786274
992755243
42693240
350136966
1069228856
31700411
23480387
138473959
301358130
20044495
270309146
30287258
376747336
233253956
63129578
2157467733
21759024
143061537
85883333
22012466
1482525636
62522258
68948640
14402173
477649020
27848098
46644261
37193436
44983912
39966546
44098080
195848365
20989035
66433571
130267435
322531105
1076088475
135462216
18096145
1959103621
711223095
87699418
433247367
199059928
1897331802
69007602
45786456
33852061
112289234
529334746
403299980
206640289
25295208
276172272
1893057079
1091565582
14419378
156944270
319228928
68392693
281442250
47318453
258379696
28525763
338209422
134551793
28170408
38016612
20980820
19224327
25091128
200155533
329746058
311886739
33954545
614621262
23608172
912566684
307456888
29676819
27212264
31101381
19909515
270779278
24426957
99708447
18016543
19200499
32149336
862655899
23651070
743585142
233511339
26214264
363282607
18570258
19506790
450058466
20432556
18161370
72675026
404004517
622024793
104446737
38624201
911345070
27317182
28079832
122318779
39599815
1329038221
33644879
20145056
34656014
57653188
204441330
29273536
192328753
54577364
580896972
1469757426
237767804
526401874
101710293
1393155566
192889718
196566583
38407430
1285486723
425708396
29681955
1397661872
74217252
156956367
20503192
634008527
316679638
919354350
82325555
354516475
152959711
14407392
397943559
61724625
37643369
42984003
112813136
869894239
192942213
40862716
950556500
141510159
31544675
214414946
125930580
26269762
329628561
37416154
1347617761
1131082926
88896130
365931694
74143933
15644592
82957326
19234278
1178437964
95238065
146357559
126562589
307306463
33892809
28323152
35795414
280944995
14360897
34888013
1248280974
432567482
20240015
1139453720
26978944
729474715
14584834
24737507
1243861916
25118559
18016823
19263240
21653520
515431540
622139089
57602886
65161873
28067981
916811958
73760208
102005713
19967593
351650159
45522699
23740299
44959207
465912646
528515036
540684260
320679176
28952277
221000907
78307926
841732586
411847231
1070745218
133880286
76882406
19705628
70372722
28692401
895029930
1181561850
71029886
1151214444
20183521
64697682
44317501
36028993
873304134
29294824
221064860
1005990247
1109075353
44455957
821110070
33993399
1032277627
18186419
965972486
17187058
221822662
178738098
82176038
624650855
41337693
511674004
32961333
521557840
18554686
19159781
793865526
177177776
91836565
35718632
14420387
223442298
1068011426
34032735
176542303
136218318
749444851
37231899
74100531
219093490
24010664
1061007776
366113519
309126789
438626233
740526594
14351028
577028010
932148577
562745251
29251764
25504185
38265914
744702211
180278706
21776475
31195903
499508353
95617258
970754438
64213981
39287327
237524449
93395265
54917900
184727475
22363451
124139003
951333086
38643660
58469412
329004156
224946141
112871323
66485074
147307223
437803905
40482226
62271664
377965251
31087291
20191034
17197838
404124016
45565440
99928576
34556256
447354797
748903356
20280065
31088274
21905404
26719515
56442937
479025116
14687587
563959644
278664682
64385966
440927748
517328759
21393069
21695947
39016975
33483219
849203695
746936484
397169704
30030865
14172175
438277443
15220281
6523962
101718764
403636945
804597968
193207281
44851079
14282840
429844913
209968839
376819013
29703959
607016620
35501790
25365007
222949555
32954988
32347467
19078925
33832676
44588224
34027223
116697719
81578629
246816735
6012852
70423313
42854868
188295343
524477060
233511917
601856361
143582713
756881286
471913331
45810524
43674570
510280981
269992892
203669147
23104499
14125317
725925007
14291575
563046788
45360053
527164895
33217838
105897061
89479176
15848266
19769863
340577078
29704091
138376196
609562767
32352209
14282524
24913773
319216129
14116137
40187767
338456775
19648683
478808828
317034318
14285785
53180552
74131074
20053610
55516088
19063658
25501622
42857269
436515416
356885109
244655353
39974570
198396137
90143664
145337107
582663428
378433833
190346749
571123006
38901591
518934246
595277774
310440934
212149324
414997494
65313321
115625820
62806889
69668086
39236154
575129909
41500247
46081160
85822252
84709356
428080755
17873227
16017859
243236419
408511415
18669139
28726577
135917823
58309379
58477132
48070231
457504774
31421204
69607479
532666723
317640263
28103763
260132760
503456777
307456718
151856844
117834105
239833417
26457075
28101138
422876335
138134771
190551552
39052549
520658632
337299890
39014421
85403705
14487318
9695912
29437847
19388082
221726495
457640845
38287950
244225925
25346891
171438889
18814998
567915703
30991641
136403559
22172506
26880289
114680005
19452766
14617551
64668831
29440550
26066874
238308510
35888541
352306584
28659193
46612326
45531571
169966202
14287712
40209152
29082795
131177309
21423985
62523083
53512119
65357795
29168612
28092056
14290726
123504602
19256979
25051303
26248712
374402229
51200901
291277159
4384251
36027595
500885877
480253925
89284278
39835146
40935476
84796534
24678438
146284016
34928067
538977624
19260683
398187587
510151118
20165293
31737709
175357776
36059230
23937836
25272654
34247120
27059901
14974079
20366788
264455373
19897898
418152332
352230918
62508465
65599042
30187142
198549401
21868875
64148350
37631582
20854197
29414682
101758086
20974015
39219035
461137948
529320577
122195535
403320517
24950478
250435513
423324690
20362683
487764211
76292859
19972884
23084212
62272179
479340588
128420948
28304157
66696236
21689226
17756047
34024307
19145951
19659689
19067312
26604036
134221985
222209875
28085805
318400450
148112377
38769939
82353528
60896067
27513352
484104121
199665432
67845970
29435492
14291777
409486555
21574473
57093175
516671992
67707084
36510958
228694077
46641481
18549724
37189736
47134635
44865727
14277722
314698088
196802368
48154045
27691169
27681019
313252239
15895694
26839190
18328973
17780015
17063662
161616513
28827724
28972335
47600311
193069445
20859418
14417779
330544213
34859489
31821927
30927768
219421113
63262403
28110788
154135291
419553326
20279163
41604453
28128082
364758589
89484734
34285054
22674545
47895003
497809821
21648257
33236436
36048418
395536473
481539254
47284621
22691709
438390080
41577307
247185936
19282777
34580764
381541027
142282484
49370357
33482265
463005332
26798240
66204249
33467543
341564433
23641557
19237550
18897831
324844301
271339478
20883211
37904694
91394261
36041901
36015085
18628277
112981132
14275788
452470861
407796664
20611836
9990932
26278467
28402950
468416373
30759351
28099901
473914976
244612345
306916140
42920657
343604927
287237229
20440081
420371595
18079528
252361852
108594815
390856590
457453738
43671722
455771753
387029305
44466367
42494407
48713549
421125838
386185617
52785255
301942559
407634764
31215429
116763916
81072853
403973682
27405283
420951546
14296042
20301193
22497280
189376144
5402612
18714976
355702635
401611367
182777714
77808402
252274010
14360050
15230966
23418810
428854213
425844959
32844394
34229862
76735322
17813010
267403905
338651001
32017455
38625677
22637827
424467702
221674336
84679163
23748315
172697137
36067300
419437291
25171315
38282491
28361716
14287085
77573428
374459845
45371456
370719436
66217612
61250638
38229056
14290904
37665779
21022281
39722908
25683251
18633093
23574285
18550977
30835666
17113249
138855525
31098895
12044602
33559973
19319985
33609198
157907219
56341511
408710028
18461311
402952461
47023262
38901264
163382169
14287018
132099735
299887614
17267639
96861734
398606542
23587179
28957526
381502681
214049275
20555875
20431436
115441879
29792081
34703909
38646590
241959982
27837029
34342871
39339357
38844838
188670053
216467546
49259729
382618508
20696268
18213346
21746816
30311534
352534464
34376640
316006432
86154361
376173916
58511405
315450755
277496292
373890791
822215673812119553
30313925
17650380
267180999
353664792
334543679
26787463
34898791
109711031
31499866
135153110
268357486
47606328
37677256
50082153
36389224
41112318
359573726
42741077
89172908
35467082
173420199
256895013
60891099
14567968
47423946
18988667
813286
110244016
21391879
332250939
18982509
229763503
34941106
314687021
150967545
209745326
76588499
235743135
41554173
195827347
19081813
313845197
214068005
20853361
241086559
172054878
20392012
31386412
16813552
22014140
20676292
6592852
39492276
72863760
286175588
193437014
102390704
23830152
251523398
39566140
37876601
291291580
110333
45594856
26022773
186404031
29844804
239561620
278135786
199649742
223812019
125750601
26734664
41339186
256912426
271908309
40726893
216008028
116423497
29486083
40049680
25482639
256509674
22915264
221119581
63425851
63115140
31405598
224240042
139711581
23115403
203259721
254012097
58631768
252501143
114435368
224970921
62266883
47317899
22975747
172694845
123554931
19529605
243157767
73943459
17471820
172896557
67557660
46869791
19099958
90848755
21862201
68741204
99360916
38421714
213647306
218829516
221691737
103280252
32020531
38693061
65924567
160920285
26818369
34599188
18970504
25380560
35834118
89655760
114830148
44850238
65306306
188256896
34575407
33465036
181920422
18627984
48702842
19509064
18489116
147553070
17958927
147988144
14349782
39695456
74550241
154448544
33615247
157661373
157616270
75515160
29337240
21645552
104227636
130823152
22415635
18332222
126407170
45919516
38631594
64818133
111080087
34910028
48536494
61739138
97210423
113709416
43531203
112976272
30873513
112428297
108417952
11518832
14196983
110846054
111013267
87080308
14978302
87914500
17900614
71813915
94434788
18238707
59548897
40096892
80848887
31723557
31085474
46409990
68391443
82200524
14277275
30241775
28232768
47965074
45565446
49808014
80668551
25313658
18724292
67269014
21288315
72513495
34672923
20582802
33841825
14350556
36064215
39091525
20611702
20195297
44877593
32539537
29928571
73101257
63109737
72843859
16095034
17066475
75742264
83917825
34050300
14284273
74474647
45430410
19107588
19901366
19899477
52369986
82359917
83421641
25477368
26090377
66664753
46940056
76936847
34357825
28303450
18489561
19904252
67900711
27834369
11511072
64735000
68801651
14301297
67299508
43079126
67561016
60087311
67903239
32899575
58440675
67565293
67560503
40635374
55541718
38163216
19188289
61735082
55496543
14283877
26229790
49073990
36110222
14091525
20666996
20868447
23849809
45541015
18374326
49586620
24522482
49123931
49292954
18609590
34740114
24169740
14997025
17685876
14365312
38516555
34696385
20796069
18760790
17877056
31409120
20144046
45936409
46408319
30627598
16432083
28533825
42844817
19463040
26316122
20981244
31070011
42213583
25532316
29908667
36307732
38260259
28092347
18293645
30881344
14340875
39581053
20659166
35789212
16557956
18716146
25144335
14165335
14340921
27068569
24758242
21864337
20329566
22613875
16718406
18292862
37623914
16388996
31770436
21853001
14273490
20238626
14286387
16542861
18087674
17678392
33888817
32352556
21864336
19762987
22920732
33988005
34726771
34581357
14114267
27207896
17616430
17410350
21035347
19337187
