4353234441
864406880092909572
24913773
1167061771
830891791
18611983
17756100
84538257
99734015
818053116
1302585651053973507
33609198
1055907624
237767804
20611702
140133595
200468381
1855109353
34972320
405428469
21643721
17425802
18988667
17113249
18714976
28303450
40049680
37928643
291277159
198648935
138134771
17780015
30941476
29442313
601176054
2404437771
60896067
25881133
20008618
20859418
74778874
265887867
25966747
2925842572
157907219
16831793
2178826328
33885891
1896738200
202741167
19389900
18633093
282532238
1976143068
212679277
211106513
29082795
30313925
822215673812119553
822215679726100480
1536791610
733280524328898560
193597488
4228977520
499776536
3844259681
3707177055
111014100
1658513064
145285358
3211235080
36329654
1898226176
1548970538
17650380
2715434333
792074640
3134791149
460163041
3373682645
3372147093
1911148596
469720807
3224653473
1052536838
980659489
392659887
935116724
2439553955
37387091
3227760929
19331958
2180371
3224344629
1731314083
1875018320
2392338348
3187207251
493462773
39456398
339055436
29013507
39965455
15745368
53051538
2457744272
2316905074
1343925176
1322229337
2921740863
71526098
407767968
2218242171
46604315
1922769871
28535253
1174980612
2973281115
204814566
26307045
2371826739
19867810
285317384
1532954144
1660586610
66693790
180315164
280019924
3010190855
19026443
2796944234
3001813979
85822252
2966028785
2992039655
380801406
2713041821
14311194
44196397
753733124
42460724
27082826
270826371
2821357733
2961964816
61457816
18979562
2477802067
239272278
2420347274
38045117
55344517
103555738
473405195
341564433
21296047
32533284
621089774
55173622
1287958855
82584761
72228773
38145897
489314812
593900882
216315024
2181866944
28165217
2746117738
33852061
373890791
352534464
31117053
2749117682
433635563
28780206
42851960
2611422678
248309391
2692806229
381502681
1682946991
225011493
225098867
31890680
1971544902
2575140636
1557584240
277496292
46061753
1137735799
321506303
19659689
392114023
18382184
47813521
19248117
41789292
1844909594
28094487
42494407
2540787022
939922981
2489138732
67851742
757303975
559313958
818876014390603776
1093090866
69181624
377427650
951359346
2379300853
1594390255
450774120
193313425
2445050869
66166685
2398597992
1339835893
1330457336
15007149
406954403
2428650736
471815654
2390836435
2415920848
417158005
1266647509
238308510
57133595
125930580
22670411
24890121
409473247
44869490
126256491
26238429
1285681484
6626182
2337771695
2264924434
2299804313
246514352
19282440
72943459
885161887
40215521
1937477828
2265045562
30352096
423470022
519665299
2188081359
255961843
39240562
387896537
234249562
34013960
74128420
53949942
19524118
47340870
1340224394
1477996057
124869230
2151494548
1844410172
193284655
1691130469
29715510
112981132
25660561
63080961
515264194
445549311
31749659
62523083
135462216
108618409
1867716644
1968841261
875397552
1510124184
371712781
125956916
408102170
434518122
1686255068
81636013
495817485
43876441
412145045
53904581
60104634
412124862
16603187
1948870736
385028143
50374439
20441820
420464033
43383705
27457788
1405763341
1932065796
23908002
1023096199
226678330
33292641
110103183
143554131
39469650
566256621
60532178
253004443
1404590618
69835350
106192291
13486222
172314716
379128145
64668831
261840015
96861734
21863942
738463951
48291718
155947599
23608172
14114267
14224622
10451602
403272223
138535158
23747876
19764533
22172506
31499866
101727020
44317501
31101381
20666608
428852352
1175238181
631313695
1416056570
98772794
1357137972
233580495
1263977958
1734481586
19977718
21393069
125169622
482062417
577420517
33467543
228694077
23798120
634401382
307776899
543609207
18549724
313845197
74143933
63451448
169201702
31109465
39052549
885816277
317034318
397943559
404354070
29440550
1698834463
392858408
390792799
35728867
497816113
34231784
34593457
886561375
1675188020
154456153
1356807554
224156880
806356550
1133598816
148686363
1621015658
1577634368
16433188
230864549
41650859
252971365
603322639
262304940
1524265926
510931885
1394017880
730334082
28427713
134813510
1332260797
1444727275
508184948
38869092
598280507
26719515
573535964
905595618
164685236
741479168
19650826
624053289
1391458368
96159109
1387670600
401613697
72245600
1313453989
1360081058
36113599
60021698
1357561580
42909133
1500371
49627168
19756545
1136948191
26710373
24523390
1032862448
95448977
31205870
23338496
1258017566
34556256
290367848
32991016
28783352
791617375
1211317417
134712480
60889124
1007279654
34888013
1030096614
33483219
934294806
160676165
49965653
862125384
400858111
561214543
33830895
550797385
20432556
382598137
1083987980
23050496
32977404
169274601
1091642166
20240015
420309314
245786897
426454016
407029202
1101400674
44320971
1068011426
898402652
502801241
749142198
563732826
1069180514
14274835
575252095
388343967
309126789
351766493
1041956742
34218423
111555996
14502885
25155468
116775679
236839814
19237550
469629417
836334348
930456918
171438889
36700628
545018001
141917008
947652200
923469349
873777366
66620848
33479607
14291185
343983889
129497287
50604877
36775945
43525582
47346825
47453114
67278465
764488482
919341691
387858839
14998206
18670845
142282484
22613875
30662875
82325555
22028192
20176513
42698033
45810524
134221985
116732090
18016543
17987852
22604909
36378384
189051125
217404729
42207894
34703909
847066238
851820241
388202325
6526412
36319345
911123930
19450673
539247839
357686363
35248084
28071794
241959982
65447476
34569505
48702842
122072320
36059230
420951546
46644261
529320577
61481011
20586070
353664792
59548897
198809288
66664753
178920668
27714427
30923509
198475453
455709392
19068089
25507691
14332159
26229790
19236875
291291580
473914976
214049275
17685876
32352209
436515416
271375817
29435492
42741077
18016691
221822662
217217458
454191471
37665779
140423271
188256896
29343098
273638217
7087422
17691530
38282491
14763346
196749708
46688502
40340459
17187058
516671992
22363451
20585062
92489022
81578629
92962860
76292859
44633157
23986190
32647633
40482226
22475991
32844394
33236436
19256979
369395471
261852783
857664734
25680365
121663071
29065978
58469412
863188267
871882878
18080605
74469448
878664715
877944056
29447307
809492594
237642794
18907026
19901715
833979072
153376243
356782481
53672706
14282565
754704091
361185904
64489186
135510076
849790598
544900746
250539349
400839049
14510255
607586872
200097586
396402694
169456864
16575626
378520620
513751908
615968086
549900558
14820944
369360878
58769618
307819903
509172472
609414457
810945576
811213892
756881286
378188972
770292660
374017429
121382681
189087291
525982660
486034697
60891099
36234926
599279253
53500968
90450146
271547491
22834808
37876601
86154361
306916140
146856971
35503844
549877273
472830379
49621464
241490028
20523971
572456783
495004140
24864138
577472022
577436588
60088506
266081789
135557313
33233677
59735491
28524133
419197802
464520158
162577634
378540605
27902200
19949760
21746360
19059674
421279744
525624216
401389006
544650161
461116121
271584783
66834399
58379000
50055701
57602886
26588415
31737709
384012621
42112988
513505501
366113519
34928067
424903704
170612254
22920732
472017136
106428909
450136611
497641923
374225513
532576506
258273723
512953097
477672060
41816215
56220775
515886259
196802368
535670869
18133659
105897061
32113690
470928211
29471954
504335911
193207281
40070270
505714971
148861685
31840286
339250287
179295437
425191888
415818803
62234710
466480581
498712475
14291504
14234290
17509243
17004591
14296042
196073412
133872042
42690697
425752806
282937493
311338129
481941928
20883211
454122037
484578549
464621111
33199765
486467392
76746844
462287332
400967350
57941893
189560985
452929950
335883372
241897419
266111353
137292619
241122170
28825205
384786873
29792081
28087996
231604412
40201882
28202958
271367322
211169710
388474833
143552698
412384570
140350532
330544213
415579647
77982733
55847381
418233986
355702635
252274010
32657414
420264272
393429748
384770994
158351997
421135307
421125838
328988375
425708396
249837295
22956419
367162824
289004106
23921403
424521701
390115172
415679830
429313316
339960571
22497280
115441879
40635374
57039304
54479468
453758064
390856590
361434073
28072689
61684798
371491416
417445713
143961616
168825634
23247176
458465164
20839964
110749387
404136718
6437312
67274383
252040475
35825746
26837025
347378361
336113971
34670024
19018191
367682528
351920117
63495252
122075638
299618163
106769293
112668222
370103895
55627827
229173953
318753180
26112379
90264586
78099370
156390474
22282690
214908555
45919516
21117291
60939336
36224917
759251
256504306
47607262
19078925
33502071
31443715
349872308
65357795
261409790
31669538
30759351
14617551
356156110
135447842
312925796
31709542
55530980
44878703
27691169
62835980
41666682
202971486
124119726
41419218
64777319
36699501
73405963
175000318
357479889
246492252
23067843
361469192
26796617
107062689
53921742
338249827
31512845
18936599
116195772
47715564
349020235
61450363
25831081
136542794
112428297
351650159
43857766
146422421
18360037
101284209
194061934
72792429
22901292
342112807
16601090
299887614
89248912
321486794
356330071
321900955
60907043
47073928
35562489
75224818
206452431
319826670
256562308
18900473
115589366
304301478
109859732
35444091
81094902
44710412
58224806
347849896
29812978
102413545
287132287
349262757
28984231
105265572
135916878
82643809
340422479
73881145
228228134
249171459
295678788
344254725
67560511
14121867
238315982
169680131
38213979
226570074
70665468
23574416
230143626
42583891
14879885
95238065
17950863
164762341
42843759
209120689
19764279
21301081
108856784
135917823
43584730
16921761
112813136
313470195
80792023
19061712
19550416
317840540
319216129
33190359
100299861
43106281
47302657
317100875
39982489
314756471
187325136
59580884
103857510
275461876
192351986
33885551
221674336
40969477
17410350
308087851
50389557
109711031
18045072
293563134
222867271
306117235
78102947
196116347
212191011
239079943
21245040
29086657
57932072
15848266
305496121
43062590
30439759
286175588
88942453
39786575
30177869
46487786
112403405
16777566
142199485
16913083
17673981
28626588
135820177
39738562
135153110
32952163
90848755
15230966
82957326
31182307
50294404
279131939
19319985
40935476
25105806
285838961
19061893
63836368
19182089
66217612
197371275
15438647
176342453
155890112
20279163
17039630
25664884
14284273
143061537
72832208
23830152
61250638
46626720
138376196
19263240
20170408
14282479
51997943
88200293
68741204
216357534
29000770
118977528
65363191
267403905
29170587
291630537
15017575
193333987
133842767
246816735
248838333
36307732
32671410
29659136
256665194
247488242
35888541
133798612
286072305
36389784
14567968
25056019
84639315
116697719
63262403
268450658
18016823
20513866
22687741
238945097
25129970
246177161
31380965
42844683
19333127
45144731
46734983
14282569
29688411
52765131
201634360
7027112
203828403
33991786
266614596
196409507
94397645
48966732
204244400
99347701
88503769
130267435
245511607
31362865
29473801
72504988
240394465
242691424
25650703
133270837
23568768
255219386
255721641
65392389
47582349
116136908
240617726
30284835
42194539
39478117
249661052
248354905
217159886
245753758
245756291
199649742
201583413
122195535
176381744
29457156
21588799
132183701
25803631
221680333
93829537
79163086
222713587
224947053
6307402
23641557
107516611
28063775
20585218
16388996
235743135
211129938
239561620
39492276
38265914
156201907
241992163
192677835
26470805
36189291
58928851
34696385
35306702
145208733
41556663
14284939
144622386
47318453
47326041
23582636
219268128
64818133
19067312
55398708
66737250
218785349
215965534
25658585
219047514
55004897
219511416
219602088
206667963
183297292
216008028
219758949
25290690
133051568
33497345
18897215
31394950
123057906
185150291
92844757
81912890
38885139
182852575
210463171
196999109
84282572
30311534
24147207
48713549
14291217
188754394
24544566
82035277
74285643
16191323
110244016
63442375
136029854
135877694
18627984
19147731
18680691
17408482
30943547
66485074
27002910
32961236
80617833
26768614
16904159
20392012
191347568
14225413
6347162
133028255
22677425
51223521
167794478
18377085
34256690
130804139
9695912
18761632
24250540
31687026
23777183
55267267
194532313
30024693
18335499
109238047
18724369
65368576
20667905
19179740
47134635
19337187
21022281
45565440
28305009
23574285
31386412
34898791
18213346
18955891
29028155
14340875
27845999
18029265
22665308
24046713
14125317
44872685
28092347
36067300
27848098
6012852
46081160
27834369
26248712
21942750
19901366
39966546
14687587
18609590
34050300
16432083
17066475
21846143
36028993
16718406
28110788
24143353
29226551
49073990
28092056
14997025
18716146
28103763
28101138
813286
16813552
185343614
56636606
121433292
46076684
149046826
30302451
44661128
174959371
39743376
65638654
20197878
44207761
27429524
139650832
135185261
43521289
85545437
128584951
35352976
71784992
113583741
17969007
37462020
24531620
33496263
13067602
36179458
37059159
62581684
33217838
18318640
20232607
59827474
31003064
85422032
80532257
65691135
20969268
18189675
58481344
78009456
73860910
53007373
16838378
14314495
30981678
92248303
89970903
101301704
64441266
27317182
18060692
39064434
102687990
79992803
92744289
111114879
18680594
19498265
88214755
21695947
28318049
96743683
113281409
17681916
110492197
39055675
75742264
29692589
20374992
28584427
102939147
21597521
58714478
41780439
39977355
71283764
31985912
29704091
83352280
92257037
28973543
19301915
80514185
28142174
26108157
34704691
15015340
23651070
23937317
14679772
30825184
33480259
27105229
20974015
60403546
34656014
20679951
23084212
19708641
89143143
40877768
20165293
33990201
42920657
25380560
63129578
59896145
81844094
41554173
45140153
71825029
19188289
45565446
24575979
27062533
78385212
75060420
28301693
20039505
33642584
50627157
32147042
42709793
14452323
19824721
74964920
72827565
14093978
71217751
52104623
24525152
46746424
28593450
62916317
71221235
70616293
70810000
67900711
17691597
22372135
34577612
59741574
33506248
14286624
46940056
28822089
50252072
56202063
37886173
18727834
14487318
19259873
34357825
32660698
14291684
22300646
26494845
24289711
18761782
18079528
23058290
35177755
34740114
34590806
34599188
34285054
34342871
33836973
32461388
29553249
14283057
30872351
36320315
36389224
33307967
18628277
37408471
37390830
20642087
27716729
23185890
34402309
14349636
19965881
27405283
28317978
26708613
23849809
21862201
37190586
24010664
18934005
26719548
22857787
19975445
19189208
14292745
37219643
34601836
34941106
28992427
37903343
36107577
31745482
27723246
35203923
27021630
30268307
44423487
42865084
45594856
45845636
42844817
44850238
44577324
28631172
23937836
19962340
18426185
37904694
52011246
39219035
34672923
20970878
40520712
47974057
25294402
47974325
33497800
42250981
19758906
18935911
33464295
27829732
25498771
32397331
46071066
38882731
20868447
20778180
35225144
59180070
34863049
41112318
33208145
19965480
14942188
61735082
49372138
19465806
63155239
63118794
36423190
57039876
60273972
20210193
55496543
53946485
39726707
31822122
22975747
34031185
36510958
62569436
24955372
62266883
17117147
26850290
63421565
23661457
47921019
7677252
14419039
47982188
62537209
44851079
61724625
62325056
37677256
29967293
18669139
22988843
14777166
14243708
38870922
46857953
40869450
47918781
24169740
32900329
29716556
34229862
29908667
19357860
41337693
37196329
48302295
19099958
20659166
19145951
37189736
30241775
46099447
32051342
18264009
31675312
19385216
20195297
33505825
32416211
40531923
37621799
19708539
25313658
34223270
29189866
32482854
32867404
34295699
19642213
31210522
31421204
27207896
19978806
3801501
20425675
20587233
19241520
23189168
24149604
24154098
18334306
24693882
25262480
21155271
24687109
18293645
22014140
18639301
15895694
21645552
23320712
29428864
26720210
27038885
28305913
20796069
21607678
25051303
25144335
19784844
23925022
16978332
19234869
23656615
23822793
18897831
22415635
21764345
14340921
20142758
19529605
20301193
19077517
14237373
19734035
14118604
21078664
21905404
21391879
21746816
14464119
14284115
14365312
17440779
17616430
14330667
14287326
19067283
18717184
14312379
16557956
14712588
17813010
19042668
14287018
6592852
14284305
16542861
17408505
17410198
14260198
17960105
18461311
17960141
18760790
