630995607
2934590218
1495480590572961792
1235675468352942082
709740262
2885493519
16827148
307562004
349816997
163018653
1238583088998830081
21976616
21575717
1359532099
888183349864476672
1462548977367359490
835271461115932672
1891490382
273375532
17865252
939091
2326177498
23748315
239210681
86626845
174151902
831279407088148480
487673211
394087611
35815074
1558406653
230769694
1352962327
75937326
348075929
704282873231237121
508591081
39416218
864560037821370369
593289567
58006725
40156330
189868631
29328876
820452522494226433
35328942
451192624
1005085697018138624
4097641334
67069351
1215444012322172928
467924781
519818299
800936305
969781208321331201
2710796718
3238448948
227429355
1269956479387344896
110797618
251063434
603775254
30354991
1181316281653514240
34696385
1182358025165836288
3307400015
24913773
768179443
37876601
37620087
223571334
66700763
356272231
88001109
1126754966188609536
25346891
36128340
49370357
491269777
59569015
17209005
29676207
140118545
1001097687092080641
28069007
19389900
88942112
1012693249343959040
73760208
90354449
320679176
334543679
68635663
77808402
655093
2368749483
1442178314
499867856
26231053
206640289
64668831
1179383574
307456888
36048418
14340875
1628668224
18387289
18293645
62574827
112871323
31371709
1519675345
1626294277
21423985
20679622
156944270
586291040
3026568364
34898791
337332303
22151193
595963704
188707980
309559389
271538326
20853361
1432993051
3421915379
2268946439
3883744516
39227903
20386897
60896067
2616879948
20152971
19546211
26880289
49937264
872843568230125572
468159624
750511978041470977
38822086
27049467
137776972
874960615894380544
26001218
42657959
42586871
122060074
32126407
966057043
732346982
313242570
202611801
551669623
825043982006759428
2559338934
295225599
1976143068
340393654
854963407828725760
1464466166
1663172653
21759024
779042405664362497
29409724
277496292
826780051777654784
813286
819321642711207936
14314495
33832676
89479176
26465265
10283962
37651226
17017973
2789909559
258026952
40799584
189051125
26719548
408444085
92965412
437573088
388815555
2450285438
1371657408
468912560
1575937554
32961236
345842262
781212088228249600
93115683
106517342
2821274614
3082854989
788840847748005890
63388693
2183551648
1970931955
479026352
1551958680
3783106162
62483934
272433538
24744541
18611983
413804411
2863714984
42827637
78887628
30923509
22144873
19707052
78937469
24689374
20611836
172054878
229763503
124139003
36912144
536316090
14284142
217022933
268665178
875262109
42693240
79444845
294073504
35456283
771796008460251136
771795785876987904
771780382651977728
771779723676438528
771780478944804864
771779941599940608
1543986138
28361527
419437291
65161873
4170402201
4119371213
4121659185
32347467
471709113
141947171
375283933
102616697
37710752
2190933757
1339835893
1364930179
2384071
107225267
59157393
69181624
47539748
24167314
6708952
116763916
15173291
34889448
68307227
39511166
71873770
5120691
19038395
20602394
97219875
15234407
42226885
20214495
20032100
816653
749963
822215673812119553
30313925
14293310
17074440
20280065
14761795
17004618
250416435
48469680
275145270
30924263
25360288
10686002
181565628
1469359106
187113841
127268367
3334377035
1129039813
341132281
62522258
117777690
2328937074
230864956
3609098973
16017859
199751812
2165288930
92093259
3079733085
335512075
284693066
1192873944
204986403
22915264
81094902
38842425
14330330
21648257
2966702806
249253255
324844301
2937495222
469292635
2775412947
2657037103
2322621070
201583413
3293949927
356724156
2819817899
71488680
827523758
583607156
38632472
117468348
184503434
466699592
823339243
217217458
587652947
177157864
386755094
2715434333
37665779
489479693
886993261
483087580
350954507
47604035
897579013
18393773
527526077
2978119762
600029236
42716678
46054287
137616565
246124829
54296291
26885200
19731606
2851279402
1894480675
2560618001
3403347251
122195535
250435513
390227684
1410584018
193017662
493818738
776212818
1241396178
183552184
822215679726100480
1536791610
192864081
2425403594
1530111522
286581126
33609198
1148709864
318837416
2914101975
2984279998
14405462
746943120
337364218
29000770
26207988
33830895
59896145
621824357
51870096
776186960
24161411
461950594
471425301
573643334
2517531379
615029595
215950352
20425127
1442188742
2613797256
28692401
2740259243
1238449087
247262532
199213270
269953510
56787463
141999644
249423551
25482639
135913391
410038024
1392517375
21174871
111855964
185300292
51181622
2924816561
1100647783
3019411025
44419859
56823007
376048420
1689072414
14267373
1005968785
32095550
2869838116
2386141840
1202276304
357654973
350873034
2250673858
376646123
3114044259
270919194
130773534
1037031822
1462976336
967895348
138376196
60871623
19190875
78864889
28304157
14277722
19061893
17873227
20431436
28303450
42844817
54917900
62508465
66664753
67707084
82353528
88896130
172694845
191088146
221119581
231725978
382701373
413041610
2195398155
2404437771
399963906
377421079
84582108
416186526
1871890350
411319649
20356290
1236367844
382829312
32348255
30703605
467720558
347144137
221674336
38184838
487494915
217159886
15176983
25488427
30056118
833391229
89399185
910069340
197313613
478781289
18288411
1076489826
2359157224
1111165296
46420581
195412248
395280458
1201879783
98139000
80514185
21253940
105480586
227822089
17719218
33983569
31443715
414240484
246438250
334537188
1176981954
851730601
146580117
154896119
63145400
343983889
1541130644
96117742
67417475
45594856
34972320
214617125
14910506
30941476
791094505
14291120
497641923
33281373
22988843
624011689
28825205
522641098
20210193
490545410
4384251
27704856
38530021
2724543123
252602823
244225925
18016543
192889718
17867748
340473383
524799074
37666554
78926518
20547696
28811961
24579681
248796487
461485877
38741412
754704091
398244288
18899196
31380527
545231723
118093322
1113571350
1899946626
38145897
2288375049
140008254
580169876
2219144097
2713971676
2277491375
2946550271
1842844484
2192058508
1879327742
239484275
38889145
203025828
402644147
86577305
958038590
524665153
262574653
930584192
41780439
138427093
40869450
82683712
19965480
28315929
749650460
1482525636
58469412
207888226
287762680
1531615836
1901046649
40187767
28967984
111018442
18520064
34000075
191540463
33459600
36594701
2287729996
1155055914
1256945389
28874647
34742953
24669384
66985635
17803835
290506667
14118604
33610158
583924633
29715510
34591477
296522552
40102973
174477955
47938526
6526412
37678196
66324040
809141
397943559
14282524
28122204
20969268
89197227
101778501
584061583
123866150
63938155
20140230
455724495
211832155
54541837
241636550
18360037
349872308
1193925240
65451232
103200357
1101400674
587377121
399552743
396567622
1317222319
28182176
436977459
26306450
25280894
629558754
223065926
737432551
68516106
1447040960
46197828
1032862448
606466689
473087899
1323104856
2156965750
15328118
26317070
13907432
304100390
17233716
17876987
294336230
228845793
271094740
318638270
119803145
200674457
26782987
499105909
43452513
399912856
273575122
36026971
460632603
983400180
278194962
969176935
350855528
426486458
1175465186
108945668
607286665
71040650
72676371
18679988
1015770294
381064674
466879545
519352025
479446203
118044075
365667066
270347262
68782042
69572930
223240722
33477915
100473278
57902696
787022528
53512119
76614498
898143270
37644745
192273401
55374902
1275782689
17632830
46348104
280033520
366899672
250846606
41833480
48350211
63738666
343603532
38841283
340417401
545394515
53213766
524286598
29435492
384241739
269928889
142613436
934338110
271902473
436592526
61885765
355643629
224352840
407634764
268327245
29273536
32657414
36179458
28090915
35186651
2240680102
934690747
2467900709
25885468
773959213
269941373
26719515
369395471
1204838809
819168234
2296419141
21052022
14291504
23438083
60993083
377833790
33853622
472828162
861846547
36148979
2909409993
35728867
513535042
16813012
17471820
29938357
36027595
329754971
1572264374
2841865528
2669405904
27013292
851811500
891754482
311064314
393262923
416135072
25817863
25996040
713275366
28110788
1399512638
335862361
711443381
902149578
28584427
2264322676
30505656
14894302
241490028
287340563
238308510
35739895
42843759
69538062
2217999593
355756622
1705451886
66975878
158351997
249262359
180704610
27692462
1488840763
47342889
27716729
3801141
483164646
56353796
2494196874
33152235
26710373
127074628
20368466
90534982
96839614
18860581
136392057
14912049
18002106
43084246
72054152
529472395
18948340
31708380
236839814
2264840661
30759351
26601441
51241574
23582217
16408059
18381317
16737801
24250540
1872919598
611068508
1882296697
2309404157
802269890
625427267
1457885280
49991949
20986052
19975445
39974570
160676165
2645220702
9300262
71885961
30287258
28079832
64742113
912566684
28128082
37416154
214845100
36033821
614245587
33988509
59505516
499643851
317700773
19188289
104849123
28553774
19282301
204820853
1477996057
364157227
136184787
719248456
2884771
2467791
807095
1652541
759251
5402612
28160998
15723971
1769551
14499829
621543
32352556
2264934646
23786818
284025416
18096145
19646280
64366720
63266077
410731663
485686519
42042554
174610898
18630272
143061537
136218318
172697137
25171315
190551552
419553326
14859175
17385637
64677507
107086919
47613193
376747336
276172272
32542763
1736688498
414693833
46869791
837552390
104414309
111028719
26527842
2320122514
792605850
229191205
1107372186
19182955
19297030
25118559
33872705
34258228
44869490
68741204
166242269
296159942
1267930682
28167725
33902887
43759969
2271186381
64247948
75786420
915532897
227676846
22896993
1050464203
1083987980
25063945
761135604
102688411
213584571
87382709
492945622
476692736
33467543
20667905
55047054
1382743280
184722739
25556628
92043674
23925022
41785808
16668912
70423313
85403705
39599815
634005181
2176309548
537170720
369099219
14395000
1111744808
488266414
122057224
278664682
20432556
40322305
32341477
38628986
223442298
19659689
44098080
1076088475
965762185
1450680715
60655988
72880522
31409120
27062533
47318453
96861734
44174373
340537327
398908690
13360822
1431565225
19609697
45315024
333903537
19262084
27601968
776047027
53039202
217060485
25129391
1582853809
20611702
818053116
18377085
107762215
591565606
940032710
883921728
201653163
36960333
237524449
38154652
319498341
431001129
1654018680
99347701
24693882
141744721
14402173
23785168
45342108
24950478
1209339204
90869437
115642727
1433330100
98576755
34038925
30981678
29023898
27877065
14407392
38493594
18264009
189534312
23115403
28093496
28114870
13067602
157907219
14277275
25861301
76450358
103555738
317101757
870719628
320829399
906826183
717610795
113882673
483764720
28065624
85175332
28101138
19962340
56987723
29692369
32352209
28972335
84315798
72826720
64693784
237031060
35250898
81837587
112428297
131972491
23651070
14196264
64004084
354516475
424082145
1412455375
33472622
21698000
14286342
446505294
247574859
136029854
22049212
409182280
149691116
38870922
131280612
260132760
408511415
261852783
589840479
25966747
21022281
744702211
1198189740
74143933
70987513
469780703
33892809
1325744204
492107879
232867304
16418188
946471628
38745028
1313453989
499776536
46487786
381063195
171110077
142326694
55496543
18716146
199670339
23830152
141719294
820172804
1262250362
22194908
19396129
919078754
1070929081
457640845
113041126
191165723
14114267
47134635
45919516
231118152
495710059
64697682
350814861
25313658
14332159
18970504
382598137
396618124
21588799
34285054
607504701
42460799
76746844
102976177
471084733
21859509
613270385
419788091
328590120
87320290
391456789
316563842
31397933
516442269
47895003
74539103
857685373
27967515
319228928
18669139
31700411
233511339
394942412
478553827
475999502
847074410
574400619
190346749
198625434
41500247
481932428
65460298
607016620
15083847
18475198
48713549
776529696
42143633
374098142
718613870
634531457
371502562
111702288
17120510
61429870
22172506
372479322
53949942
3108351
228491040
570781063
17187058
24575979
465012279
82836701
552591956
61450363
550442544
224862197
384786873
338049872
93852440
17482669
352534464
381446233
19764533
30873513
24687109
101727020
436515416
458712259
18213346
86047818
365931694
377355708
190340244
355127933
204525639
31499866
34656014
25289729
317240118
7027112
177177776
235298024
19125743
74418848
148427395
30840835
17673981
29928571
37231899
155976053
40639367
33852061
89806212
59548897
22363451
45810524
36510958
41578680
42625724
55628773
23937836
24153920
14224622
112204442
87930820
23244604
21393770
37630783
16557956
271848609
26963786
14997025
34601836
222942098
18459365
196749708
9550672
21749649
217530764
16549323
31687026
15895694
21923882
19769863
169201702
24426957
14285118
34941106
34859489
29659136
120183536
114698188
14125317
14340921
92962860
21007774
111659195
29908667
112283501
81198116
17230800
39219035
19256979
27848098
36015085
27816981
36026602
32535843
19017582
267403905
20145056
30912791
27317182
14206252
18714976
99327597
14669645
221822662
61275210
17813010
34229862
82325555
81578629
19388863
61724625
63262403
19775860
40482226
28148610
23418810
241959982
31696357
69962667
122614265
5988062
209748242
41554173
45565440
44317501
24509661
18304213
18897831
19107588
63129578
82705598
7724452
6012852
14687587
31695284
22393703
14617551
34575407
16813552
14214281
47974057
229236662
36307732
34037676
196605849
62495732
15412652
31359870
31386412
50270386
42045125
26214264
49073990
31976183
19236875
97650970
111003217
20796069
26488494
34910028
76292859
32873744
42831007
33478459
16361018
46857953
36041901
184406000
185112800
25985945
80576633
21737356
28422131
66954759
22261860
33999950
42285752
57029690
82309775
14274835
200892586
202305713
70372722
72314394
26060665
42633911
93737032
30845274
142282484
33236436
46081160
90448119
27945375
231050087
219077098
77270870
218881394
68107468
44997376
24439568
60339690
48302295
70735847
34246416
31395063
47698036
38903854
128954841
27105229
45565446
21695947
19700322
18671230
45881487
16432083
16718406
18609590
