14106476
732521058507620356
1414494862204936196
2712953685
16309285
3316909156
28303450
36307732
819511933
825043982006759428
4053002242
308565504
771043418097188864
42844817
45919516
17425802
18955891
21905404
32482854
21022281
101758086
601856361
4179613355
17230800
55689258
287809355
265887867
2886022686
610660228
33497345
527159154
25313658
3344497179
4126983273
2180532753
236350910
473914976
63129578
196999109
23189168
32660698
20499898
1024839420
351650159
984309056
134410675
1626150900
888398886
587359565
42185363
349222462
397314678
289253819
477617722
357654973
176381744
587391177
429313316
196802368
46081160
2964918208
76292859
2184699438
221812405
23185890
356869654
277954207
2491664065
56636606
74983700
2726763857
124158084
575578600
1066516370
347161104
1861627226
32866277
1875018320
469181206
219758949
37659261
25129970
2504609040
20142758
282482290
70372722
55496543
36041901
25262480
1093328550
14349636
17685876
26719548
22014140
19764533
23849809
16823599
20462416
34612909
44344421
18716146
44633157
1369773307
81844094
34050300
34941106
45594856
16542861
62266883
40482226
18897831
21695947
25264938
14340875
20868447
7677252
22415635
16432083
15439395
41337693
28103763
49073990
20453259
16557956
38882731
18760790
74143933
373890791
18609590
1536856958
25081726
14340921
18633093
18714976
24507805
25966747
34672923
8949102
352534464
2566090581
18213346
48302295
6347162
39966546
16813552
19901366
7087422
11909882
20796069
63262403
41554173
29908667
19188289
38853960
85773195
231560540
34284987
17063376
17159184
9792082
19236262
