529320577
34050300
223595237
37886173
132928477
20989035
135568131
64742113
17813010
16542861
16557956
18716146
20796069
21862201
22014140
28101138
6012852
428333
34243437
14237373
34941106
26719548
16432083
20667905
19233252
19975445
18426185
14118604
14114267
14224622
24010664
19962340
14340875
14332159
34229862
34402309
14997025
18609590
20642087
21695947
19236875
29908667
23849809
19256979
14274835
37189736
37190586
37904694
27838791
37592554
742143
38396937
39236154
26243948
39569606
27845999
7087422
40215521
42844817
19189208
43106919
18332222
20279163
19901366
19188289
45360053
14234290
18584688
31386412
34672923
42042554
40935476
28067981
22670768
36059230
20868447
45594856
10451602
44872685
22415635
23744044
46644261
33307967
39311450
41337693
48302295
41500247
47305738
45845636
50292289
6592852
52003215
28075839
21846143
19263240
36510958
44099565
55496543
27311727
26229790
14687587
17987852
19357860
31215429
22665308
14487318
16718406
14340921
44319664
33236436
35542768
14292745
48713549
19013895
19067312
26527817
20934285
40482226
45667669
62266883
36360278
63129578
20223894
14125317
63118794
60896067
46869791
63262403
22834808
22988843
18630876
34015750
17685876
14763346
30662875
22604909
20301193
25313658
37910457
47404564
25275419
73998226
17066475
92033007
95640962
92742473
24686706
102811163
53015487
94538562
96748114
123618791
30830959
20934811
93247303
92962860
28304157
96131483
75060420
29928571
51900256
112457602
66987835
20976857
76292859
40062854
167092490
18550977
92489022
17673981
122072320
48702842
10228272
112813136
19062821
188256896
36423190
34898791
