262230211
1466485664741007364
35047833
1470836572186685441
262219168
1120633726478823425
88001109
277997984
204256266
113002313
1480946491711791109
813329441489375232
1121917265870577671
42034180
217217458
13261352
36143867
1161915307784646656
1302150288132968448
1655512332
939818513472114688
1071398514389909504
907517876973834241
2605255273
1108345508916092930
2996731568
1241289594
1301141828612300801
762257523097399296
42845459
234132789
1329038221
486427773
1065324363233222656
3308599215
2723308582
2804151608
1212473040790966274
269685189
490283204
1228374707432456194
557481046
45650263
62923722
851714244026544129
405113967
275145270
304331315
28323152
91656941
44196397
1174742240939380736
227241501
68293948
127268367
356724156
1373597254678945793
426515141
1330892617903726593
170661467
818127906
5117631
62060746
107360105
61773044
32539537
1386419118
1367137262434156544
1351716580720316417
2548072274
1364939998051598336
2409488466
1232783237623119872
38146999
2873711309
23748315
10850192
1350150750966603777
28959866
388513351
2955663413
1351284403801108481
334033297
803694179079458816
1349149096909668363
514761475
18394995
190741481
47417745
2548131272
3413490065
603775254
1329407877291925511
1314183164387094529
823978608410632193
531063685
520658632
606227271
1138126849
28536583
2860581538
1323730225067339784
14529929
783719151684685824
1269884918865297409
4658686943
985916593065476096
2240680102
14063426
2993966794
1050473500778090497
1145978074816765957
30042013
176208758
1205226529455632385
532981570
459181574
2399269965
1006419421244678144
2317558679
14997025
550381378
728743549
464152345
1182358025165836288
559832949
3536107937
57946418
720242106611073025
1606048885
1227345888026206209
605490628
1029415540694179841
416345785
314001796
1277542093
21799994
1087176427
40209152
70372722
340393654
798531414178365440
360596247
30881344
32347467
193186935
36423190
17878804
1104325046800130049
1173622041112719362
154906061
978069088290340864
2341253739
1091565582
282545479
69998211
4155492063
978583334799446017
18392926
1146329871418843136
93069110
131926473
905355030437531648
602640285
14933304
3247642671
858473502
1179455215
826694238368886785
1655999364
98784691
4286184563
26231307
19918603
441307591
551633111
28453822
2796422286
4104562179
532666723
226222147
865004396681207809
2420152363
41550188
469585545
17216268
610994783
57047491
912746546
1934416759
32086032
703027303488450561
1090549218811486209
2458235171
737534308563324929
342863309
1201186872
205750967
80937568
115011998
240793406
624913111
120048506
17463923
47620601
2738545575
162473641
66700763
778794656
63070202
108986206
22481472
563046788
460042429
3150891177
31085474
254715838
72880522
2564802102
424539277
186527636
19305444
1034504223445139456
407634764
287725396
816291044325261312
900781994098995200
221800517
1006602903027683328
195802870
461922813
322531105
19389900
2855343141
193207281
960775387
626950953
4490607807
106480756
501744819
570038373
919200264929841152
14775670
20315636
14350767
538491906
3843873311
2949820403
971018260979298310
74222010
579308102
77186540
36744266
34743251
19119226
911531909926309889
498361688
2268946439
20223894
932603165781962753
72198806
155784594
2185062985
170023589
3414509159
2541397107
381446233
44714439
576217704
3092914035
430250670
382781638
872343314149855236
786309892990574592
783214
326171604
395972607
779042405664362497
21348880
112871323
309559389
333903537
920398155010764801
3314634789
381458826
800707492346925056
331184960
56999787
27688574
30354991
3372016275
280019924
21695321
389738007
885838630928994304
3153177914
2297143668
89233219
457835697
914588454
2233154425
439007766
362360582
2410945122
29442313
939091
871466086293794817
105131651
357606935
19644592
44997376
594726412
27938849
859407446
1234906554
87237306
2421073909
836847674494238726
36747640
181130452
36041901
3175807619
1929957962
2248081674
20150850
840198864665772032
816869611480186880
1665894013
40869200
4834657635
2922928743
826309249315725312
13393052
1976143068
970207298
17494010
16003760
3244305970
2966397556
729044071856144385
343634455
87551526
59569015
520329893
810139310913515520
38402974
29256720
1114160240
2399786142
14883885
1168399640
625913
463261755
82687751
174110843
355659961
1617493670
15015340
20098015
228482831
2736215883
228791637
1902773580
113047940
2248872301
138141495
20672798
540646377
30247200
35456283
1891806212
172858784
63650858
57832321
31690214
57740508
1263752238
1951639321
420164640
18695490
1329866688
1094508829
69705717
1469757426
1126198074
732649152807469056
2991879411
1051396218
398878692
325830217
818910970567344128
3123649973
48120914
18622869
47448886
3683068757
36345076
35743684
62513246
436879069
3342929843
193554972
1972948940
2367811108
234291108
95169910
733029904565080064
24931027
18916432
2974764892
1111940934
11134252
4791778277
410236677
46098040
727069075541745664
32344564
965762185
3233417662
1346784234
33180076
1575937554
49279876
94529866
24890121
2399141631
45565440
14487318
23344553
286303032
702471536511479808
130496027
32429400
1145042425
4216927337
4877919190
1527864668
962997877
398916864
214519688
3853129577
209479569
18374326
2397993656
2720666903
4555959737
330544213
238109168
1919276130
14377605
46359538
25938285
216776631
34723438
465965880
78890225
3367511429
612664952
35739895
382598137
405428469
130773534
1075005146
16589206
18611983
4039761447
3107864884
601367747
72814742
192328753
112409312
2280909989
2797741891
54832098
562714668
337332303
26307856
108969861
2180849438
74186967
16397147
14260960
1256763655
18270103
785462220
1565256427
2523379467
65306306
103869740
176164976
1343714233
251523398
2916305152
601775338
493155179
28361716
40505648
3387267375
423418631
109819559
346123314
152991317
16455509
63155239
3093079390
3472106535
1517637152
3169080518
453303839
3425781022
1225696320
2787656680
497105939
332553013
3431120265
3410124573
71768570
34580764
740526594
3114792983
16303106
117777690
521710157
243236419
919833984
414693833
80021045
163562125
387072689
2294116778
551862555
124690469
466391733
2292454922
2976097415
3004068407
2462288885
1058445638
858674768
23754741
160472609
227013679
1106598750
56102200
2613246072
367162824
421780366
26201346
123868861
19721574
425708396
17434219
2404437771
3296626786
1084374116
25817863
63129578
21786064
494868696
14417779
806594768
1513718124
1407151866
822215679726100480
1536791610
1566383408
2890850363
2351636400
907678705
58228836
160952087
258736276
18550407
1513007851
36050996
1057312441
493533293
2939509847
3201462239
244225925
307456888
20927352
43355487
23651070
3180373702
23582217
206640289
58469412
3098676977
53680033
3115315486
557603994
2189798855
69059420
3131144855
510526745
253684267
28611543
791942179
31267211
3090239500
157907219
137292619
414334941
18554686
116249881
3073427704
1617557226
352306584
111702288
319677725
329710679
17756100
1070745218
462747348
16199396
3532411
341703451
1227221124
336848758
22411875
55821919
1023096199
406892131
73862642
484282827
2441889371
2847995284
2978119762
37387091
38842425
1103749050
39973778
288374984
20768326
143742312
140488453
54917900
246532728
562736698
2715434333
55258706
2633018244
29405686
14940354
2301503362
365092169
19613267
208228686
1489999638
493818738
34656014
28319144
1282992704
912566684
94325350
2766336177
580064293
337299890
111416652
64148350
57779415
18459365
174809362
17471820
1611324854
1573649600
45342108
64004084
2401200499
36023933
524437359
19033675
237767804
489479693
318977179
16884455
2386671199
23413873
147307223
2884736791
36028993
927837001
1038292458
318610374
234093307
1849430029
2876451914
2870373104
184159462
1320153560
54936850
2751434132
1412951510
683283
418182397
19904252
29716556
104777995
2796662645
52397710
179050190
51746591
829774056
271902473
14293345
148517828
14514804
16017475
22834808
18949452
133880286
193611372
441744182
300777532
487429328
12471892
22194908
317034318
84639315
23115403
28127542
410070653
27008101
236786367
2326177498
557801745
580920374
2799519498
430048955
156455133
2189929965
18833777
14340921
2586939154
41544679
2782321711
581273253
19233129
460163041
375146901
273592219
514591995
163443340
1026308156
1886301368
2494196874
18771830
25360288
433608736
426127419
106769293
89246340
1023072078
44174373
828780145
2884771
31898483
283921103
515431540
2724198793
2217999593
14290726
74217252
56160258
2264840661
228107253
28334899
466696784
2625720797
342631869
58569513
262178051
2444263388
340619172
87818409
389618101
17410350
259903324
18576537
57093175
2615899284
509288627
1408457989
27966935
2637549407
2587788991
1488840763
1432993051
32095865
1404590618
55347789
107762215
66985635
14462419
2560124168
16955917
48713549
526723478
2359926157
25980581
23976247
940056397
369395471
2580682589
1637786347
886282171
39047002
576277605
45786456
2526815642
1673125279
54151623
67617143
768400561
358969925
38822086
400060778
35246361
159845559
103555738
161381301
381159574
134172743
2509567693
17675072
2352264009
954462930
2540897051
1423987891
340784943
21768852
2538761032
598465053
76884233
2345094797
138356914
76746844
1412455375
363352400
81814687
28535253
161861146
2467169979
265565067
425114628
99620052
203532066
41785808
1875018320
461105934
41896037
709028429
826926157
1166829439
606448747
14998206
1179383574
9550672
2386608656
1479509736
20676292
507541495
1324175449
279250117
410731663
44344421
137310893
298642682
739198430
192889718
513091074
165940771
98326349
14281853
169426475
66204249
62523083
341564433
34228196
15846407
120183536
34885066
14279103
81844094
2355135119
22151193
20989035
117530313
612846640
91356481
1176599502
34246959
389941495
488584741
966582247
793593704
18096145
252800692
34285054
475172955
398023320
26214264
1944681536
1571270053
5120691
91048804
1240247868
504522221
23320712
1204838809
66095115
595468145
28114129
214049275
199767329
2296352710
929412942
26554415
1775312905
37509434
363282607
42042554
1093090866
818876014390603776
63175736
478503840
449588356
30352096
1534655556
14472609
25346891
14159148
1227448789
219093490
33623709
1534712455
1706528556
18988667
472079320
39974570
18020127
1330457336
459316218
56728897
2201693410
1264828946
1842716472
1658805300
452940934
68741204
24119198
30759351
27062533
2228363243
491297741
207888226
136029854
23084212
1482525636
743060426
68801651
522360398
162152126
18239882
90448119
21746816
64470512
23602074
31087581
17867748
45845636
20679622
1269837428
1122192223
293113971
2176309548
171697811
339363062
1076088475
799696837
455785588
1582853809
365931694
2159263680
27317182
17482669
316901820
345480484
74703373
46338044
548348585
484378340
77781661
176017759
1919964433
701807069
89479176
219416031
352606660
31518766
223442298
30306330
1707321486
1897331802
1731973704
80916493
28101138
194651121
24722242
405775140
63388693
82872579
73483943
123327472
307769592
51241574
46869791
416615634
1685812314
90855234
17471108
236839814
26457075
45155843
343584405
227835747
18016543
1650031128
36918193
384734094
614449931
246481013
28099901
863308099
11193982
346790075
1467051680
42984003
986608628
287363707
78572556
1551481968
17113249
340577078
78099370
1551459979
92528286
30331139
468571757
208192338
1180305138
460966881
1527434052
155694288
72600821
1479612235
2425151
14349985
1339835893
390121284
1480247844
421389045
798432768
74125850
1477123380
382836218
1471924058
597256650
15033759
46222626
393515896
1379801
326147820
869463834
214829116
792605850
491269777
1326712711
231571986
178738098
38841244
35760489
17487476
24679473
56792300
310458941
1400257741
1364930179
18270624
764884
19261863
1382510197
33465330
14906581
1026430688
1347617761
1366485260
35235493
39275561
57945285
1070829493
37685197
1108637306
407952439
521426637
238945097
392266891
74143933
1167061771
402952461
31101381
166739404
3796501
85403705
30201647
29684064
475024774
1320381186
1320475158
62574827
80388804
312346323
1066874107
16029780
869446344
25966747
359573726
343911150
40187767
316006432
1000262514
106170759
33954545
22950063
143582713
1280969856
252573908
29515339
520670946
1269692077
27457788
28330830
25901577
509084624
104759111
21191954
176773900
405689644
414964081
492569862
404004517
462315226
59406272
1152279248
84538257
46652913
19388166
1200631555
1198189740
991956258
1160204432
44466367
362477091
112289234
1178437964
314209749
42508097
491095225
71553745
84796534
18970504
26798240
29294824
90484508
1139453720
280925842
538977624
71526098
1135357525
126315810
17220934
857685373
153004670
67274483
17648646
43759969
499776536
19017675
28692401
30528129
82584761
31821927
228823899
32950946
567915703
932403283
19744711
39764029
508169040
1076197494
1073954521
374417128
171438889
242491033
37633590
562745251
10058212
38631842
14274693
150799752
69835350
14287326
1049984161
177306892
407186117
356398393
165785868
398606542
82653721
436998226
855435744
23700852
30840835
36468498
7724452
77795975
55047054
23481859
32352209
402655240
770296968
168582592
623560628
14304692
271065600
29435492
22363451
63063942
27704856
902402563
341201050
503456777
419197802
402377699
172626493
5636412
473031101
986934384
948670915
40196836
951333086
15027331
912869983
28128082
500704345
352230918
19233357
37677256
248706024
29440550
216380025
14584834
46846804
34928067
67565293
39014421
505748969
96768880
25562002
37904694
82957326
29944820
22282690
116697719
40935476
28110788
61481011
18897215
189051125
21645552
198509462
932365376
529334746
39834947
292904816
279131939
813286
128383412
42854868
65611875
917193356
218063694
911143135
84842041
25140900
818053116
906612565
910009236
29111431
393050243
46928869
301487007
138855525
245274147
838545979
67557660
236829256
882552414
19038395
103065157
108728225
17006157
63266077
481932428
260308246
237524449
765818341
39016975
511020832
816993776
222949555
18475198
819487748
813678481
21982720
377965251
821110070
104945479
15143478
37620087
16945575
38412145
157981564
376819013
316563842
276565825
16110506
293586346
203047673
66217612
733751245
31206435
732891373
142664262
286750097
29082795
74987950
740725694
472156651
377270903
77722927
714901412
336116660
142282484
374067244
155823836
42495946
460209019
14294610
47606328
396834441
53147958
29444769
80848887
494384645
66807018
628620200
244655353
409909078
17966848
135159040
480253925
18631237
255098163
67707084
24746466
14283877
37631582
32390196
427693330
14687162
152402698
495857622
19784844
199059928
35736185
389337079
571123006
74474647
68668134
41604240
259323371
43781449
320613160
61819544
56168815
134221985
85153005
359922218
48966732
20170408
318271193
531287475
65804220
375259263
101758086
546328229
14400454
575129909
239833417
573401840
153491583
33307967
518077982
408425801
218833787
291277159
354516475
18834399
115441879
156580448
43317911
14379246
41093382
381541027
224947053
560669277
125316960
23606104
29153118
62806889
28094274
28093496
39599815
507188084
23418810
122195535
116449407
46884466
403272223
19705628
116563653
191209925
24250540
516671992
542938510
501923483
26732325
125960653
46688502
149046826
524477060
57653188
46613574
18447095
472063511
317101757
20889472
389392764
128176155
101726218
78030989
403320517
69391078
57678725
121454728
24913773
96986847
214592598
393881050
275729916
23573970
23608172
475643182
14291217
422901718
118875318
518435035
94721506
454191471
122168031
227607709
516415489
15736172
434203999
23937836
19319985
19226961
23040265
510241027
62508465
258026952
35834118
41337693
20425675
355702635
25313658
61735082
361253898
243087788
14277275
196994616
469638160
28304157
212149324
274431757
430180591
504834362
5798452
135820177
365599404
25171315
501050249
26018502
419553326
70919331
32922138
482971150
28324711
30923509
487970420
495883778
271982575
493503538
421368016
61450363
358963818
30739418
85391913
62581962
381430471
420951546
441063530
483923486
480627074
28726577
202979322
256636985
473263633
292808173
57751019
26507815
22637827
465912646
379947109
28610772
473914976
89484734
28612787
27221486
84709356
312544868
2057421
436515416
37231899
57039876
422876335
247185936
409486555
294728278
16351191
52566588
23181952
37029054
132928477
33467543
91894424
249253255
234503352
22172506
421125838
319228928
18680691
85635457
91549188
37142047
80668551
32386837
410038024
14368182
21759024
222209875
14340875
130484084
20270952
24426957
184485805
429313316
32319337
429836532
64366720
14385713
21588799
23196723
30927768
44317501
119786274
20280065
17425802
153374624
60891099
66433571
382134836
198549401
18669139
415528001
388815555
25996040
400864184
742143
351719895
14617551
324844301
40117334
205803448
143061537
311886739
18020811
252274010
30908885
26534538
36624824
364157227
32844394
27879900
269882924
20854544
409367244
138134771
45519320
24687109
34910028
14196264
364488011
14985973
310120071
17852334
34703909
19659689
401613697
82353528
85883333
317692735
381502681
23756613
64742113
63836368
81801121
20238626
28806730
56636606
277496292
71884109
96861734
48536494
236763330
19766036
282706513
382265175
14346495
20625292
44851079
385881449
306713113
22599425
39506065
90848755
135153110
6017542
369360878
195848365
188256896
29251764
22857787
382618508
309126789
383680734
354863063
196749708
112408379
372468301
260132760
19704302
211643571
14125317
156944270
234881454
26880289
28865987
36015085
18515230
355426186
113292380
373890791
10884832
25974063
30287258
19405748
19232649
14292886
14698968
36039059
18319850
8341452
16994851
25901725
354508292
33892809
218863631
188021130
353664792
24146403
38643660
30873513
23279941
136403559
37174426
14118604
348975489
348742019
311626781
250435513
35612924
29023898
34867203
14124318
136218318
56326379
44203664
356787756
24525152
355367095
31499866
267403905
37193436
50303955
27601663
21288315
352534464
352705673
140392065
347351749
14746604
14286387
344327156
20231161
25103877
68503817
228026443
229640435
320766476
330444683
256562308
333020563
233511917
18079528
19712601
20191034
340852718
33988509
45818077
130267435
237781500
141744721
19331958
31770436
68683553
238317253
26886282
314042993
320839848
14420387
48989928
241959982
184063053
291291580
33236436
84043985
15450996
241203862
81094902
28087473
18387289
203141819
19145746
292944326
14287018
28658864
96739600
180864082
807095
19366804
81605238
30941476
68946215
172571624
26464920
78552862
20582802
48075273
140118545
77143383
51200901
23661457
26564673
36048614
221064860
79144048
269977837
49601587
146993421
14291132
44987423
32550110
26066874
14576431
58511405
19297030
7823022
16017859
47724275
18424797
16813552
112813136
277542121
37876601
21859509
234818239
9695912
40665151
45531571
75224818
32660698
25118559
198795340
38260259
64247948
70423313
19256979
32899575
190194315
19127726
26470805
237696843
269044873
40536836
31976183
74539103
18461311
267371506
267410607
138879378
20431436
20936956
17873227
66994755
44983912
212191011
24965960
89695728
38646590
39738562
63115140
133842767
254012097
97061194
172896557
43502830
245522892
7433242
26818369
255980422
66664753
98942416
183225266
79958798
27259029
20001754
172697137
69396214
254402306
47607262
253992983
71069347
20053610
24686706
232936540
32020531
10810102
246816735
93687642
251769222
25395996
248569306
251539097
28800712
57602886
19962261
42460799
34243437
25290690
21232668
32467248
13058232
17673981
6280872
122177613
17499801
25380560
27324079
18334306
246559875
69126614
14114267
10451602
70762972
14332159
31189481
238615786
17650380
20859418
18627984
14894580
41793828
104843267
47317899
15895694
26228369
20329566
21117291
29700872
131351549
31700411
38265914
201690715
240331489
19769863
14581396
14855334
19962340
20152971
58224806
91527367
43771622
34246567
65607830
29000770
23422063
15017575
47423946
21393069
21290360
38532678
6425462
46644261
221822662
140423271
235941182
74705315
20479813
646163
28757140
227294412
69007602
230535238
38163216
37623914
105897061
38885139
21868875
234359794
97406478
228694077
24044383
35880536
14712588
31368001
28299554
91875491
14287712
125750601
196409507
14075928
38660485
47282349
39492276
225740840
67561158
6592852
36510958
24010664
92033007
65460298
20583062
155976053
6417362
14237373
92962860
221119581
198809288
39460973
28305009
60896067
198648935
27410948
34058174
169201702
18797269
136238222
56524489
214125128
35248084
82420314
216357534
218910852
38628986
184438790
45919516
75388843
124149022
20555875
20195297
18714976
61911706
26076279
44098080
31662242
131186123
89453487
33888817
43140472
21864336
200075473
16904159
14291795
15213141
157616270
21689226
18628277
58318478
26022773
22470299
19254732
23798120
176227913
19067312
25425643
14224622
190551552
48302295
61781260
135173461
19992822
39695456
20667905
112428297
32498434
132506283
16535107
33482265
18687011
59548897
31386412
63262403
34560485
18633093
76292859
35706133
61724625
43510949
124567772
119136840
42844817
27848098
45565446
40482226
34601836
14129019
174609115
40049680
41554173
23849809
18897831
28092056
17230800
39219035
14687587
14214281
20210193
55487753
5988062
65493023
14365312
25144335
92965412
33190091
34585876
78330513
38769939
96993423
79163086
43180559
63132666
29928571
138376196
140386534
75896448
19107588
13768302
153810519
122072320
116286267
20144046
42851485
14487288
23480387
14549178
158016319
70919209
34672923
138035990
44850238
8184422
66196878
50055701
145650504
150193413
105624011
86154361
21440126
18886395
17602896
34050300
39811941
129085358
138473959
122994639
142613436
14088972
31544675
44207761
34696385
34284610
15439395
21862201
49072458
64198695
128637475
22774935
39966546
38638278
36705949
24041856
15857285
34971679
28303450
33217838
39527937
134802361
19965881
18274363
18043746
37416154
23413801
18743129
18029265
35789212
14455058
18901336
20611702
117783032
5680622
15010349
32816797
113420831
818927131883356161
45594856
4384251
34941106
120838726
121148176
14093978
110731700
116548752
99756062
118977528
66735643
114455635
38504187
49774380
49370357
85822252
26109387
57107167
6012852
97771951
41567705
14291504
17066475
22988843
18560876
92489022
39581053
39532764
106426390
33852061
58546926
110962805
107516611
107798309
28645447
42045125
14225413
14277722
28103763
28952277
75060420
19642213
53946485
102474087
58477132
31399492
61429870
14407392
34456552
36048418
42741077
36027595
63442375
26719548
17187058
42143633
17987852
17099847
90398634
20143588
37475618
27207896
21879143
31110822
29660732
24575979
63603396
33166432
30110233
79980821
19021419
30494954
20301193
27603445
49073990
18760790
85383269
66099246
39091525
21859700
38402978
17085853
65612797
21179460
19758906
84460774
19827241
85529693
46384158
86753464
21211967
83917825
31745482
18074331
83695812
82311233
82172048
34229862
42698033
82325555
82072534
80532257
40038478
81578629
11856032
20588534
17685876
60532424
17117147
61250638
62442994
21574473
34972320
19901366
46940056
77990661
25289729
27845999
46081160
70380300
18399468
36099106
27857482
16362310
62916317
65346150
52104623
44577324
63118794
48750392
44213144
66685540
67900711
69398279
47305738
31381810
17572399
48364168
21284452
57547990
55981002
63425851
20471120
64995313
25803631
62266883
34378939
53504967
20868447
49574722
51870096
21423985
39983579
55496543
19236875
41349097
41006463
35834084
36627161
15681872
44310390
28822089
23554196
28092347
30311534
34910124
36025548
34599188
25262480
23434430
20642087
24513717
32867036
37275216
34734310
14283805
30622383
38229056
36030009
36307732
37665779
22415635
36059230
34898791
7087422
19734035
18293645
35821759
31569578
35725947
29028155
14978302
34570148
14238320
14282524
16804282
33983569
33609198
34708369
14284273
23419312
20853361
27834369
31471161
11625272
30230228
21022281
23104499
26229790
19099958
31090806
21087831
18609590
19188289
16557956
12044602
30693554
29908667
22665308
19667095
27437465
28997082
14301297
27756496
28090463
17137497
21846143
19337187
27439876
20796069
18332222
19934068
14234290
16542861
18213346
20920040
16718406
23176823
17585265
16432083
16601090
21695947
19584064
21853001
15027785
22529589
22926471
24670646
24039596
15894774
18716146
22014140
19394188
16409683
20985162
18292862
17813010
18179467
19013895
20659166
19145380
14351105
20869378
20859090
14350556
14351124
14354733
11511072
14349782
14360050
14353621
14349636
17096233
14351028
14284864
