2322712869
14361155
4353234441
2307898220
571656776
560965705
1259245140
2436826242
1472000073798148097
861845192734904320
238125536
25051303
1201786712227233792
906294173199937536
1414494862204936196
471084733
437558588
1232317844819341323
62060746
14584834
59686920
1214907373481054209
803694179079458816
46080146
1349154719386775552
1349149096909668363
1323730225067339784
30354991
2326177498
95238065
912566684
404004517
43525582
237524449
939091
586291040
64383802
471837649
272404530
961002152582885377
603775254
34941106
153375577
122072320
1150499274922369026
20582802
49935296
1320925746
147318104
971018260979298310
48766866
914466982673731586
32129282
27704856
728743549
237767804
58477132
127268367
4503520823
831044085679009792
706935165168324608
99376470
1164065309772451840
18458260
393387610
85403705
4155492063
46098040
293651576
2729147326
1076142313
2180849438
25803631
501637104
89233219
38016612
217530764
318977179
502930299
262164620
1855109353
37416154
3907371563
60896067
19145380
61781451
31381810
14282840
291277159
54917900
35521513
906236605366767617
42382442
44588224
612356542
259712905
280444580
106454980
89421668
510223349
525615891
355447909
17308389
187517597
75214773
338369157
978672543690313729
19119226
27716729
440175885
2615899284
4856541173
413876032
17756100
19705628
337332303
36050996
388815555
39599815
20679622
29928571
156944270
333903537
2744754948
763352542617231360
886512608932712449
283945918
23320712
624913111
309559389
840268856
471709113
33609198
112714402
18293645
31397933
1923047580
3445004655
18897831
2801247624
20008618
2180608131
123796114
108856784
91955956
208623146
141744721
219465351
839346397
188021130
414334941
873304134
225341716
818053116
31365944
14284402
34972320
30287258
1138355514
189051125
25313658
169201702
534355984
20974015
241490028
2925842572
35430880
599541873
66985635
227664388
832766652
83545658
817554637
840198864665772032
14724983
114733482
41781318
44324818
230457924
33885551
20676292
69273072
138134771
46338044
339055436
2818756895
160676165
1390473391
2378683720
3334377035
479442225
217217458
243206115
44207761
198625434
294073504
352534464
45565440
32535843
20585218
14502885
517844607
149410514
4854606946
463855799
158351997
232623507
189888665
64714060
410731663
1972165123
529472395
510563886
540783789
49073990
21022281
18714976
28303450
315450755
297028127
1653771666
861803558
34724209
822215679726100480
1536791610
216836697
99585460
26099555
30759351
25938285
34021764
126875225
30236460
387756877
24156016
24950478
461105934
2308295399
14998206
20432556
562714668
1278794138
3989709412
26594013
34672923
469157051
3414509159
3749005755
48974071
512256808
25152546
387112097
1234906554
1707778039
272953342
960775387
594953727
407869459
1338591570
31267211
85822252
41544679
2413425671
401406918
1329038221
378433833
1691130469
1972697688
44851079
2625720797
56044169
29273536
74129059
46359538
765456692
3026568364
109024259
811677463
20425675
1382215398
135500797
3155698379
623560628
290115487
3156838174
65924567
18213346
3029842806
33166646
53543908
3175807619
3079733085
19584064
485686519
1416361512
54832098
58469412
341564433
74143933
3074819447
562745251
55123528
33623709
88008789
27457788
925544952
572871250
50079902
368325568
425708396
20868447
631191258
3064156366
317034318
385978534
395414931
306916140
31210522
1659776335
21891255
437803905
459316218
34714498
2987308263
193554972
2417153316
819168234
18016823
1859727049
25817863
26710373
37443725
36624824
47974057
248772914
45342108
43528884
197203971
2894488360
1386419118
570705753
25966747
1198692818
53367893
477690211
612631568
357735630
799696837
816993776
42844817
41554173
21347246
317101757
39966546
63073258
22604909
14125317
31206435
28304157
38632472
28892317
466743554
472934797
10451602
14332159
14224622
14114267
40322305
399670596
19659689
1662687974
56160258
109374678
233511339
112428297
478553827
18387289
54609430
2765024068
2780934806
90534982
2722785782
14118604
22415635
2710600032
63129578
38265914
40038478
2706416364
66664753
475672181
17230800
531201617
203032271
307456888
37776452
66078185
108114771
15369479
883921728
75060420
45594856
33236436
135462216
320829399
419788091
355643629
377578254
749444851
28818351
19975445
37212321
22028192
253630753
289437437
135173461
606448747
492177179
309262809
67654414
20329566
20144046
34599188
26719548
55496543
18716146
17685876
17650380
66485074
2523379467
1581289837
238308510
2424327958
48713549
36307732
586501148
37509434
42843759
1888149452
471425301
1136899754
373890791
743060426
1870767463
2538761032
90448119
21864336
356095156
38769939
19450673
2467762387
38628986
61250638
403627091
62523083
1023096199
32352556
223194178
55223004
34027223
374071197
156425897
191066432
1713858506
1166829439
69538062
124741065
2398597992
2256969177
70665468
37913029
59569015
103555738
2188281660
20859418
2383751275
430180591
46746424
966113328
30651039
70373458
249115175
33483219
261852783
208192338
23849809
473914976
417158005
387309747
72814742
1070929081
74217252
1680065940
126256491
38822086
22194908
66998183
492091238
64362370
2264840661
252800692
29715510
39553570
588234393
359573726
2220084701
2250673858
39475551
2217999593
49627168
322531105
36378384
2188395913
346483428
23480387
126315810
1100427314
31689568
422871079
72251882
106428909
25996040
57696728
219768304
90855234
42581615
95448977
260132760
1860429764
340549419
27848098
1917104497
1903996194
496952496
1073055864
193186935
230864549
288684815
34910028
509237663
580968215
172896557
214809052
201690715
26214264
315929420
1397661872
384786873
23937836
1281077874
1198189740
991956258
531531833
354516475
359273326
411667034
34556256
61724625
361397797
14284876
164596794
954462930
529665052
14349636
33506248
67668487
481096876
84709356
31898483
30322601
252175696
76055758
66320386
38247342
436515416
33467543
288695161
522179395
239063731
1074776647
488834363
29153646
116715920
569741684
447106356
35834118
236829256
347144137
101727020
138376196
566634725
188256896
59548897
21846143
21695947
730842835
24746466
838545979
153374624
598512862
454191471
437997027
41337693
228694077
375848538
66801323
143025514
407952439
509374404
258273723
579866638
582592165
214499969
42100413
36188296
21904772
38493594
34656014
33173363
32660698
58737118
477145943
500885877
612893704
7027112
355735814
342862380
159845559
323090548
242861232
396834441
23785168
72019538
252299576
136392057
36969004
193207281
319228928
66797175
225950399
20927352
243108921
364758589
388714433
561038633
131280612
28657476
28834880
384537224
521619306
112150185
532576506
302989940
289004106
33538992
36612877
151556941
390013392
41090452
304352900
34229862
27905486
18760790
38903262
65914130
61885765
158666517
217593876
163892217
122195535
31840286
267403905
19764533
44203664
196749708
196999109
338049872
25753002
19921092
33505076
198549401
36332473
65907870
14214281
409350939
196962381
57932072
409367244
20611702
36039059
350947137
37193436
66433571
112871323
149691116
50303955
384241739
269928889
308956079
356398393
151593788
351650159
37921321
30203462
33852061
15033759
115441879
236839814
64198695
239187757
212977158
32866277
31499866
81578629
43091419
342717762
42625724
202971486
21288315
30873513
127074628
349306139
149181586
38842425
319774555
63132666
14830189
25344165
202607099
65357795
241959982
257911937
209090004
85640142
37231899
38260259
170336547
24509661
64745948
45919516
45565446
31700411
19157451
142282484
19769863
30992374
28828199
19962340
21921835
30270192
35888541
27207896
116732090
72810008
33988509
14617551
276172272
292904816
282976656
25416669
231118152
31946596
22914421
24119198
199059928
316563842
67120915
266698643
48972045
221822662
36027595
199665432
259924515
53213766
157295717
30941476
71885961
291568131
301105528
7677252
28178236
39478117
22172506
28093496
17691347
28806730
88909825
196089294
14852765
84280551
46081160
69396214
21588799
39219035
14287712
19236875
55390614
32542763
14452323
185343614
90497686
14432975
18046947
67617143
19001492
17187505
35707103
18669139
28094274
27317182
25118559
19067283
21255585
16718406
19354318
33868170
8671202
18970504
20796069
16432083
18609590
14687587
14997025
17813010
17066475
16557956
14340921
18948340
21423985
16542861
44317501
37665779
34898791
22014140
14340875
45806348
58557419
20210193
56184740
82325555
28101138
76292859
18318675
27845999
62266883
48302295
36028993
136029854
42827637
204478853
16665323
75033041
38643660
141709158
77795018
76450358
