757502288
76585270
221691737
905595618
632165452
24157131
29495546
18374326
19077517
23849809
17066475
1934108610
17387748
22920732
82325555
149046826
2264840661
20238626
243157767
37174426
425844959
17183306
73943459
86154361
14131410
38693061
21052022
14417779
44577324
1460642443
18886395
31111153
34972320
26097072
20329693
258026952
136403559
11518832
317991276
302916546
244983461
58631768
359573726
19059462
213647306
14297198
111013267
70781132
218829516
110333
33893796
126407170
23600936
139848283
21440126
15352640
123295415
47423946
61481011
9695912
25862982
106414594
38260259
17338095
102717646
74697891
35789212
82359917
86180543
80848887
74814387
36064215
69565420
27923251
72513495
74474647
74550241
70693777
67903239
67560503
58440675
67299508
30853869
40873247
28809326
45417205
55514756
25264859
50269852
34581357
39581053
49586620
47599028
46408319
46409990
7171082
42213583
22511075
37623914
33988005
20642087
25532316
19762987
35733663
34723438
32899575
4333
31393579
20611702
14286387
18895648
21864336
24758242
21167769
20329566
18387289
16823901
14273490
22613875
22542803
19337187
14162842
21353769
15177999
14487318
8812562
17685876
21030513
