28128082
62060746
1148047728
3987701367
1462548977367359490
888183349864476672
2415072836
539010491
16827148
579747564
2885493519
2932460195
21575717
21976616
262219168
1359532099
219189088
4107939250
2448066042
52078900
95640962
281515223
248613788
208240682
2400294041
155619652
32344564
325007822
1974723090
25053397
950340889
23798120
1174084522406744064
14164805
98474827
1071398514389909504
258416364
312544868
856010760
2425184299
249719099
45321236
63429334
1265850443579527168
4384251
78874906
2248081674
36023933
267848594
1715850816
921291579381383168
1439961201404956677
83875973
337332303
18554686
1332259836579483652
603775254
1179383574
25680767
907517876973834241
48794268
571148013
26798240
1370413813439287301
44335177
265486447
1184234468053266432
461485877
230649466
2169109819
516773751
2996731568
1319757152202952704
518581730
559832949
1178928221158547457
38434400
511707320
1064231754750484483
88001109
18601762
729044071856144385
32816797
746177006
1276242853094621185
819381774
4789896694
14282524
1330892617903726593
2802259026
31405598
819487748
236827326
1450906933
939818513472114688
34013960
2199273268
1096398541830930432
991653492
296433771
14657578
60322108
234678375
1710369548
28999033
2593622234
2766336177
291277159
20547696
426515141
907907450199830529
818127906
918901868
27714681
21188740
416186526
1356297846
1551459979
226656465
92728547
3456994157
91994790
1101681000
1226535060511379456
244707638
921659648
18435641
188021130
68757451
4353260675
728743549
2873711309
15745368
273316546
768426009465131008
2316777825
1058899376
364745131
24913773
37620087
2770497009
42143633
35736185
60862440
1178954312904347648
486051040
1198147228289908736
2744556667
34058174
709557349
28885223
1107021910175633409
3843873311
34285054
242861232
436592526
160867736
17425802
17113249
18988667
55487998
2943688929
1673230436
1299671238
77808402
40505648
138134771
72245600
841288122230951936
1168953414421757952
969437425
2195234310
11302532
60880381
4493731875
234078530
2644372577
323103577
127268367
2326177498
335887533
970510792150827008
30110233
1138388026332209152
1164123522173743104
408360989
934174143939055617
1177270007849308160
22496060
2178744065
385822718
1169077970729783296
22910230
717048221592227840
1678851919
917702559049039872
3071162052
344625593
976077496587255810
357606935
33250655
991997019341369344
1138355514
939091
1029415540694179841
59686920
2570789269
340488075
72198806
1536791610
216776631
29442313
970207298
30354991
226222147
607189859
328705692
708231214
43203762
973772658
18798768
283489488
48302295
34456552
28304157
778923952253112321
82564959
2548072274
480794842
1096055512955793408
2355358625
141277576
112457602
216796248
2795386644
624580847
620392738
365635604
901979438
333903537
23417135
1965420942
152945375
82343303
250722978
150799752
32348377
1079437938897891328
4579554879
3019668651
1086593248351739904
429844913
17216268
217530764
143397784
18264967
789463176576430081
1399302444
28079832
749444851
1864857475
480396994
398908690
38739623
1503343770
28336221
293741573
343911150
31370002
112871323
19648683
513584555
135820177
35056248
159988707
84104574
1872919598
1070979968551784448
8341452
86081265
14302151
3034208524
76884233
3175750240
612972910
32535843
870375934469300224
217217458
39974570
227835747
37633590
18611983
61594707
62574827
2204749911
25144335
2367811108
70632318
26837025
1209716558
420164640
1453024098
523532092
873304134
373983168
25085876
1679154392
31379089
170023589
61746571
80242724
90534982
22488324
1450680715
14431873
294073504
271866986
524326247
473882006
19283437
78589443
125950855
40209152
36747640
606497810
4860864794
85774291
74222010
2424302383
135153110
2379300853
1407151866
18447095
55551293
864406880092909572
245380072
289476444
183392045
74217252
237260418
214809052
722132592754077696
170661467
3419927662
900006349165264896
149109065
27082826
22049212
239371600
1207665110
2270651757
4832963715
471709113
702889758
58458828
74422435
296103946
510066004
2396305586
992974249
19263926
173567057
408115278
628250331
3417993111
762542952
366568757
14291922
281438566
206607111
460093854
44342897
130764266
2687489510
3405574239
19332655
344327156
14260960
34888013
803957559036182529
27835974
722711599367254016
1322351731
12151932
26823976
2882425264
271367322
19533559
822388866770309121
459293298
38135837
44983912
31700411
34893859
26601441
743060426
403627091
57064417
437373893
50516203
3403299357
1107372186
92962860
124143869
193186935
4538466197
65306306
418152332
103280252
329004156
57832321
50644170
4811944163
15084430
6255352
124646577
37416154
425708396
1159597940
735779442711105536
582673525
2395855238
363282607
1355260628
349872308
376173916
735764197380759552
3948520282
784026149374554112
1037031822
733029904565080064
580064293
221064860
484859147
198625434
784455210907398144
87668937
48328236
236510580
38693061
517566043
1706528556
1886301368
1652575946
31374320
3245011323
14283877
221691737
68939643
14487318
14304692
709507176004501504
39069951
4084289230
3985644143
895489674
1019654035
720591283211870208
18264758
306916140
186883924
601917945
35248084
32352209
24891866
17685876
216028542
14291120
318977179
28148610
292875318
82872579
47909519
3289302503
495911241
884539826
9786032
4023469463
249253255
1412455375
77990661
243654450
4877919190
1617493670
3025212148
3117983271
228791637
367861811
368892349
177165508
121756702
350753910
462787317
85786640
33841867
79168131
14300452
27000473
31068930
42376599
1527864668
3118972726
1464400112
2329930499
712175078243504128
433659257
833357970
631956096
69549168
613526259
201690715
1575937554
627147910
3655420577
486006008
3165982823
430685385
195802870
524665153
339055436
14291795
322531105
21645552
209479569
45188682
135917823
461105934
27021630
4707426095
2672784822
54917900
403431644
42181243
29082795
1972948940
600344030
2176309548
77722927
18745106
216114363
2921596305
1007318888
37417055
66637524
48974071
1129236186
272339822
62574870
279250117
20580713
2812762495
28361716
71456208
50393960
1178437964
212679277
563167783
66985635
35462739
242491033
341062077
431549520
90726271
26576066
1962188612
351539186
28075839
70898910
113439411
24890121
966550620
1978694390
3422796922
397819793
38636688
2312553124
14474607
2184343393
48097093
21643721
817978022
4104562179
711094341
229074720
4114140143
122318779
40340459
1850910643
19904252
398606542
28546058
3656260463
430180591
70665468
319228928
34228196
112813136
250089507
979213423
777895158
3196916841
3076779896
3194268285
202733767
70423313
3398557120
570744394
365071937
508628470
74285612
29928571
20662498
64830948
29048022
253457075
483764720
102682139
2800575035
40222141
66654304
398187587
53147958
1354354296
145928789
72519012
2498880522
1585388946
3387892282
545867654
1625128381
1849430029
825040897
3028261660
14349985
78880631
2645220702
3402615569
35547545
16032272
39710427
19237012
22608582
185591395
16884455
382835591
51987179
86805838
2851279402
31074539
2945757069
61429870
793663698
140341270
26980596
64785613
16718406
535155659
2228333039
136392057
95049729
45430410
22660254
21197307
68741204
22028192
20934285
33483219
67561158
90116669
103007195
3046491800
3091378240
18850035
263316668
479457379
404981052
331803536
50952829
102154357
34601836
9550672
429752595
17298219
3216528479
3348894041
35538459
2599837994
11939042
2939438433
62981377
3079733085
93460844
358175397
564527554
95636887
524311768
355447909
108856784
2493865578
265887867
16342984
2924816561
24352252
56326379
62235249
168539771
3044780133
1339835893
309282144
111553960
214049275
20485710
14139933
18022037
123504602
388815555
264125047
2969760609
350813063
22382610
1547416062
1568933640
3030244055
2815349400
3023376779
3047785524
563046788
2923870877
304615761
66335860
40322305
236563561
2174494947
259712905
3244653065
313845197
106197238
371473708
318949848
66681881
1157324130
2691058128
19768990
569346889
236113724
2296352710
1568450005
2590058264
223057419
44609128
350786174
45416791
29938357
330501049
1653771666
286116123
19734035
311385152
26307045
49759859
222472447
19387680
14191622
2772619142
126256491
151593788
22070492
2831427568
9695912
166347579
2971811784
623560628
56454175
2415957962
2467169979
381175489
2888339207
62523083
1119062880
1582853809
740526594
2874173163
29722587
2873690655
19176881
6149722
20889472
28413649
160480752
1273339802
75214773
43289137
936592836
2316905074
155694288
2298151468
546796385
38625054
137103618
397387856
624650855
28957526
2826593636
38421714
110109715
24177970
23941396
74474647
906059119
29716027
19977718
63153616
248772914
39456398
274483058
399026911
55516088
526723478
1512902274
54863757
514591995
145337107
498274246
407186117
1467051680
2782221005
2401898365
78682735
2264840661
761135604
352596345
563534687
384885797
507833512
2647503608
55563816
18632003
19261863
1057485816
1901046649
135462216
31267211
20776064
599541873
14407392
14332159
68942913
42854868
31518766
122057224
26977269
182818748
38769939
61250638
243209633
491297741
2701183771
205863743
1652920406
356740432
86102347
29792081
2724287621
2405130358
1039545362
480196886
471287735
2211286168
877485216
33033900
775676528
35894922
122039883
387808807
1328687432
56342547
14292595
459316218
453381816
281442250
433635563
355348269
1683115626
749077188
190229245
66785999
886683678
410731663
1058445638
60543409
33853827
34672923
22834808
148062520
69059420
253630753
2489138732
269976159
188279806
1662687974
63421565
23500723
34231784
136184787
1556153456
183356975
172896557
2420677705
403320517
28659193
359573726
75870483
34933098
44203664
19529605
61190889
2353286739
34972320
1449182479
198633369
507607913
513019646
510135719
621089774
17625169
70350949
905635958
33152235
26099555
390719961
273521535
1398990798
14259655
17183233
14712588
14402173
14502885
16433645
19585292
21296047
24119198
25051303
32150676
32844394
33217838
33171890
34885066
38628986
37921321
37677256
37509974
44320971
45514644
54890260
71885961
67851742
69156797
114830148
127871320
140962306
202766955
216357534
218910852
274160193
292904816
359273326
386391360
483305140
714997362
869606803
976018034
1920214520
1903996194
1652170206
1676711912
596422929
919160532
480481931
2173021144
21864336
112976272
72228773
2341253739
513028807
602201119
973014943
19760795
2297754898
88649549
103555738
122075638
47298919
172289542
58631768
73662743
41796727
70622590
29294824
78099370
25369915
277561218
27844742
46098040
20424463
347217542
212191011
69007602
18167583
539247839
31084859
941572225
510036924
703140685
55822967
20170408
306360369
33292473
88008243
1546313839
14287326
20918717
376385574
1399419932
414693833
1514087286
40074830
74143933
951333086
18934005
235909800
34954539
459181574
161616513
1670932801
130804139
333527792
766373077
231571986
42625724
5986772
1076088475
33872705
95972393
44597892
1330959913
19240660
351432408
18769714
1047769484
14349487
17815546
229080769
21830064
42920657
822001602
52349399
374459845
374402229
41816215
1510372212
607912970
156398977
23743186
1968841261
17482669
198809288
20001209
23937836
21905404
246816735
30241775
247488242
57133595
1068300744
347849896
402377699
1322732634
28550979
34656014
43071761
31690214
221119581
69291667
1844410172
50588901
426486458
81112551
22011813
61735082
73101257
233532073
60652493
30306330
318610374
597526629
34334830
46888173
186423716
376747336
18074807
1851108686
1243700827
240793406
203669147
552685184
404165469
61051081
15332594
236829256
1513333748
17404231
152417367
29273536
326932218
403272223
39325959
231118152
1351808234
248005260
950556500
33830895
399552743
29686161
1930341338
1083987980
1096143589
237283714
223442298
1329038221
873592891
838033909
29942355
714812948
275965157
251523398
1265004060
99347701
19414413
529320577
189051125
259392379
75268931
252361852
1488840763
452470861
19705628
69126614
63080961
26818369
280190751
25660561
1070829493
519352025
1860429764
33212240
14797187
339532308
1867716644
1200631555
421125838
20210193
101727020
395414931
846940940
196569190
41400023
1851773972
100082057
1514380375
58224806
510241027
478553827
38010448
24264879
539397380
1450893258
45519320
1285983960
827523758
472273182
140423271
25365007
22012466
20432556
81603794
139849067
480651483
1196222304
440741595
221110729
5985052
30741222
345616203
1241925312
454793711
456567492
77264050
915532897
23084212
262178051
28344557
1647329940
475999502
19233252
67565293
297825779
20223894
582592165
1706580698
1365496092
867074204
489479693
80893533
73961195
393881050
92234881
115003484
27704856
28361527
85085159
25091128
22760020
23181952
1347347653
222210665
133738109
551819324
18550407
142018708
32017455
849000080
5036541
22674099
68391443
375646425
20936956
28334899
520626913
32539537
86154361
29251764
80848887
21393069
42857269
31085474
96861734
67845970
204441330
66204249
40547022
348968771
1691798940
47627965
501637104
883921728
57748040
98772794
22895438
369395471
42527958
18426185
20503192
28313926
475024774
61505964
330267303
65621871
51155104
14910506
14286342
125750601
16237223
69806167
1518809059
398613166
31110822
35852829
381136454
89484734
28827724
19646280
45788612
111723117
14277275
404004517
37631582
20441820
62508465
138855525
1153622664
480253925
25346891
17681513
110244016
1320925746
35795414
34703909
500885877
44344421
397169704
978286423
792605850
90848755
62156156
18557271
29465388
260308246
381446233
318271193
18020127
14698968
363352400
30187142
26249582
39313502
65039753
65804220
20425675
39052549
28092056
36423190
92489022
14287085
256625759
200899452
1148709864
18833813
45155843
14420387
236403619
1416156026
215993689
87403396
250435513
588174156
25729216
18665800
2884771
2467791
51241574
3108351
14511951
759251
807095
742143
428333
5402612
336116660
30278532
28164096
18676177
30973
19927627
11178902
22001973
14123751
14677919
427475002
15439395
15872682
462315226
323106443
15895694
356398393
20064921
64366720
14294610
28692401
186351796
76610050
20668817
307456888
408511415
20240015
17969007
35195523
14687162
359863862
27876711
1587759469
45786456
21558616
1049031192
475172955
160676165
176381744
123669991
73862642
1468302512
1120350168
148117137
66433571
1094082169
14258356
42827637
338651001
26076279
53367893
379148749
18756495
78596503
38842425
1340224394
275712732
21301081
398571085
355756622
92581225
22975747
248796487
574366564
261852783
23067843
304543204
47702049
515431540
56328067
468314206
38496097
142777789
503456777
192273401
826941668
28542089
990557340
1500371
47318453
124584132
113307238
1632290874
44328755
44869490
82353528
168691512
585951328
161264651
1611324854
18724292
1477123380
176227913
56913978
38152564
472307911
67881440
497641923
29000770
155947599
44896803
41183221
1317357973
17465186
93914726
78572556
276172272
37193436
14736533
25884686
402107322
436977459
137255314
20679622
1519675345
199059928
216987878
1089238542
986608628
16104345
135200068
86289235
500624705
215993523
346023707
14310788
223406872
136607906
624011689
467720558
966820464
19361192
818053116
164282355
18387289
390102273
83828366
59068624
41380436
1335360074
103097873
21236961
51403907
19234278
132255549
18519026
30714133
172856017
1007279654
17875286
33888220
34355018
1326569053
27603445
210516754
17867748
66685540
90267622
97201069
81801121
19917840
385361442
1394118853
26977191
194101689
629558754
107762215
95169910
6031582
396134339
448764189
1106154284
20440081
30927768
40187767
1005990247
44317501
53876028
28533825
400864184
31499866
39695456
111702288
20191034
28865987
17471820
25313658
19256979
30873513
43062590
16557956
23700852
59548897
224240042
20585218
14196264
98576755
17187058
33467543
991956258
419197802
1281077874
57196105
1359411056
1342246146
28971528
1400257741
531498039
133798612
18520064
51103171
155907359
368846130
1356910440
472620321
14284837
492091238
20176513
42703204
19978806
40422392
519707372
55223004
75762710
32671410
1017380221
342625257
23250443
1198189740
18377085
39965455
223812019
1348418760
219416031
29328279
369360878
194505506
45919516
551730401
36482841
1190182783
221000907
893811120
119672633
14118604
33008891
7027112
1335152090
33667980
1337417766
31088274
64697682
67716188
1321902139
908587686
920840732
49627168
355367095
270248672
573625441
1311941942
1314684686
397943559
1313453989
1319973726
411450283
1095178218
317101757
47140741
27062533
1284028208
1280969856
1032862448
108077269
18797522
14346495
236839814
20523971
50587267
473023295
20861522
86577305
365123712
34357825
1223677776
531531833
199665432
471084733
19903520
301358130
467704840
385881449
25543279
238308510
890481727
274532610
291791225
20008618
873200750
68182931
570067305
27676023
768400561
14822025
287428738
496100055
77199754
478600819
64818133
145705524
270779278
31696775
1243694360
334599876
5636412
187974361
268327245
1232596603
1227221124
18997235
54007671
23365767
70212596
51223521
411847231
118977528
49100964
332847359
42845459
223815338
1198631983
210756211
470981143
31399492
607016620
493574718
480627074
292863414
40869450
30494954
131670765
180085673
21395933
877857770
185302516
914504478
270249151
234373272
172614050
14291575
184722739
31397933
202979322
17997231
48753132
423470022
259291095
84538257
353916079
766385814
1076142313
77795975
36039059
28997544
22172506
18797981
330544213
553400098
36109037
33665050
67021499
40635374
1121861208
388127101
22907043
99515710
214845100
350855528
24509661
575129909
296886527
28375170
37876601
260692284
237330688
164689636
332746072
14378181
48673188
509958717
20431436
72343950
529334746
1028945264
31689568
73110464
848254946
18716146
1004857459
994102586
26710373
500870066
173767535
999657367
31372873
731277528
966585055
740914447
421368016
103065157
407952439
14443826
21086162
33482265
39599815
636535064
29111431
46846804
29440550
84603753
36378384
45810524
473031101
279131939
320766476
38282491
105131651
23480387
49937264
421389045
945514393
83839799
60896067
74128420
57039876
493503538
886993261
36172605
76163832
889949257
48966732
852235668
14273312
815748931
91308486
907401613
27455772
19021419
144452667
38645105
260132760
481201192
82049633
161861146
23573970
212331133
36775945
910009236
242061803
204921518
762154832
871729254
14417779
405775140
395593188
71531727
14129019
87548487
254710359
224291228
545894769
421131825
71204476
17156780
378433833
20001754
14279103
287762680
247262532
468500179
266698643
147918536
145645800
65533777
14297198
453303839
875598973
135606266
44193090
331184960
42952731
448382994
61756804
358969925
408444085
502764850
16281676
63698866
30236460
881829031
350954507
244453672
250171736
38064951
71069347
879954996
140392065
44098080
747854977
340566246
17096233
87493148
288374984
33190091
533405448
19297030
62862693
278664682
194938328
573902646
342652101
387695722
609414457
833979072
47606328
60891099
132506283
517613823
37665779
116449407
198549401
125316960
79958798
381502681
153349651
601003287
27002910
206181354
70372722
29153118
491541422
18319850
49732426
81837587
64385966
324844301
196165072
14584834
24694916
24178967
64815890
388445581
490665196
14291185
47997991
381244920
72642225
31100009
47361819
318531174
50055701
15764644
28796677
189492004
276565825
25805313
246177161
382598137
36434474
534355984
449170257
47967108
18293645
17712364
791323129
181525668
43134418
22915842
234881454
109024259
22475991
235949943
50303955
500754575
201687666
577118931
18029265
44207761
169662017
755712024
33281373
586955005
737075138
237524449
607522030
549900558
492569862
205426477
81844094
417149303
474160255
14379246
158414847
14998206
19762987
30923509
19331958
33832676
18633093
28776142
39554261
427537521
348950810
278194962
15016146
63115140
70919331
222514432
24857319
31994651
495857622
19921092
19237550
171438889
20301193
454191471
31443715
29944820
14377796
607586872
14093978
277496292
6347162
31189481
234818239
40935476
612664952
19667095
14581396
599418395
146856971
92347355
195400058
50082777
527164895
24426957
23651070
309126789
20611702
20015311
41554173
63262403
28397965
74418848
33236436
138376196
18318675
19236875
42741077
30662875
16542861
19107588
19067283
9884412
46641481
268357486
473914976
33497800
188256896
337299890
62806889
39811941
156390474
25171315
24575979
172697137
209745326
450577085
26820072
98139000
17927655
14225413
232536210
34264156
460622735
789580
165018394
135500797
30644104
272404530
110333
426127419
34916912
33006109
16477126
408299067
87164618
14287243
251539097
21082667
288695161
26005952
456938149
94188924
38745028
234093307
38199075
45549622
34237360
69835350
213267399
24175389
555785095
28324711
544715447
80668551
546328229
464213378
470246996
419788091
479828163
19899477
14532064
193207281
303666305
24950478
14341772
38006981
18600068
412469714
278021854
519850279
434203999
22117389
333020563
366126944
395972607
472156651
92965412
32386837
340515744
20152971
487970420
271902473
257129193
55541718
36705949
274955544
23582217
18475198
21253940
12435822
477080572
14330330
67612349
496018754
44881245
22613875
256636985
38646590
188078681
21588799
532759452
339960571
53775814
45342108
43781449
109449921
125673953
27259029
319763464
191028894
59559429
47687511
44870415
17650380
26534538
528375886
14114267
79782607
16904159
449390279
33307967
41181933
14237373
112428297
27692462
48660856
82578292
44869631
226167775
420951546
21759024
16813552
22988843
23849809
247185936
29660732
32916686
271415458
341564433
167092490
516671992
222209875
33888817
22628395
26279353
287340563
34696385
47570946
18016543
364758589
221822662
32831175
241636550
515886259
14303433
21391879
36050996
30505656
35880536
104945479
318289922
513622321
40025776
14368182
114713164
181578488
163813974
274431757
475975180
85403705
66664753
498361688
401601078
351623718
510940138
371491416
25718634
35825746
130267435
22920732
507849683
504834362
38660485
276620747
21021405
36028993
142282484
377421079
36510958
90450146
42396154
18338159
417158005
24965960
327881602
54936850
235060523
503394479
173195708
360447111
487367572
466480581
41890150
337825216
492010044
492287960
374067244
17509243
36179458
14737127
121454728
14617551
31421204
40258117
47965074
402872298
238282279
485568425
23582636
313242999
453258596
14489838
131969061
408711577
30321622
14295600
297833808
67617143
20195297
116697719
40482226
47423946
340852718
48702842
5988062
18760790
481173796
275485351
40460289
74975793
368335899
30739418
17128785
452929950
98863217
476214344
486363589
26109505
166490396
241959982
14291504
436515416
33479607
345503888
216380025
425752806
45673798
415679830
95167761
473263633
276174075
14400454
459165562
305747776
821419
25570676
324328729
460278238
222613350
97635702
478503840
65460298
72331393
28726577
76292859
48713549
27834369
374071197
105897061
239833417
90818945
299584383
383421563
7720472
440999494
266111353
75033041
453758064
311886739
77216162
390856590
460160544
31662242
354863063
24746466
116715920
14340921
14588822
14234290
20667905
34898791
374417128
211108719
16663802
127074628
20681054
46359538
409433600
20969268
148686961
266508642
315450755
106428909
343653277
416615634
48981335
313253913
292944326
425191888
268778341
26307856
389973334
402741602
27601390
14367667
426510230
14360050
34859489
269977837
48853524
3779591
81578629
25966747
317692735
15010349
14277722
20853361
49674652
28757140
45179583
38648525
22415635
71526098
14687587
151857418
165020985
14455058
40049680
33892809
144069554
63132954
45818077
248706024
169201702
42378378
23438083
267403905
47317899
46688502
352534464
44714439
64247948
26886282
373890791
280925842
373416209
22363451
42843759
45878805
112668501
224623904
369028830
25879395
16777566
397959237
34050300
28303450
22790147
54920572
40218843
193769145
38504187
213787697
18867533
14285605
342717762
35915109
17187914
30941476
222052631
47073928
356787756
96739600
351772115
27324079
32660698
350947137
148861685
272953342
383680734
40201882
384241739
55218314
106769293
373545787
34927163
156944270
345909289
45525473
381430471
22857787
126065948
63052025
101758086
62346830
367222196
205645637
46487786
14351105
14340875
55496543
14763346
23777183
74704318
82067621
39460973
33885551
18948063
11372152
235941182
94434788
32357860
34243437
55390614
19450673
29273981
250043549
28828199
251769222
131186123
106245758
221388190
28980822
19143048
239743551
17241212
28194566
16369065
16813012
63266077
92486867
63556295
36476071
18120961
35725947
24856051
33476973
18043746
198795340
81881822
33609198
7025962
32848498
17168052
102474745
21255585
154126748
14284876
185343614
164196106
16535107
36188296
90364513
126252630
45136650
64198695
124567772
20362663
135173461
62350619
20883211
92527660
107516611
24259409
194969350
43140472
90497686
82072534
204525639
204478853
208192338
64995313
57426928
60021295
121148176
34941106
17230800
75060420
143025514
170998924
168992527
141709158
153755367
153756292
155171222
161381301
79163086
20583062
28980283
34920212
115441879
17137497
7981922
28411908
6425462
23436442
27841244
123796114
59569015
14912551
31091894
126875225
36330373
87080308
103334908
117839467
111107965
44969407
64356208
21290360
31097949
20679951
14932180
31111153
14273490
94293859
20039505
83917825
14214281
33852061
56813725
76450358
26754399
30457824
31687026
84703258
22914421
38265914
25262480
14300646
28542010
20582802
23774503
64383802
71283764
84222926
58477132
88636702
106847802
62960046
22512367
35707103
84709356
75742264
95380395
41093382
52369986
87286105
90942958
26971544
74238159
93023614
29659136
42939630
87785256
31946596
66320386
65133486
67120915
10451602
14724983
73872184
18047766
18670951
39793244
37306081
82465557
47974057
4720631
19653874
35263839
19827241
28835546
54899077
27439876
44579787
69396214
40879848
14188176
82325555
80532257
58419696
38928562
14549178
80651095
33503483
81371138
60532424
18558708
19226074
14490887
18669139
77795018
16745360
76873366
24208779
74417600
43297926
29037709
31709436
27845999
29172172
33677145
18714976
23418810
66735643
46746424
72720525
70380300
19769863
63129578
73993165
46940056
27848098
45565446
38863451
63556356
73610824
28872687
14302563
13113322
32147042
44333057
75992393
50627157
14077091
14830189
68503817
72250710
19659689
46155346
21288315
72810008
25804768
37212321
43922664
45565440
14651105
26305549
17527559
70632440
23503272
71209868
70980213
30052557
48766866
28800712
70373458
49379178
24866516
18682262
65924567
34253368
47282349
54854379
38885139
34995656
66801323
41874086
26576170
24161411
23439822
28103763
18332072
63425851
35726870
18773541
53504967
45806348
50455954
61824099
42581615
41460385
14360897
24039596
23176823
31409120
28110788
34708369
35562936
37904694
31101381
20537465
38405053
31386412
34229862
51870096
31779286
35789212
61724625
46644261
62266883
44448403
18175028
20236737
20796069
20238626
14608262
19518145
39219035
46081160
7677252
55450664
55004897
31090806
34885738
31434784
46080146
61119831
17687363
33538992
14351028
20927352
20033561
21879143
16362310
11511072
19764533
18332222
16601090
33166432
29028155
34590806
38638278
36360434
25289729
23419395
28768632
17117147
20183521
36027595
34027223
45594856
42844817
28315166
18394995
18897831
44605117
21022281
41325780
41337693
49073990
19535586
30183766
34565224
47890625
48364168
19901366
38493594
49574722
47899472
38643660
16945575
18780596
49633083
25158534
39983579
27737243
23344953
18213346
17864273
14419039
46099447
19188289
39966546
42933037
44956015
44310390
15648050
15213141
20868447
38146999
41197118
35834084
6012852
23582543
37443725
40665151
38260259
36041901
36015085
23577192
20513866
38903262
11290942
36969004
36612877
33868170
22529589
34284610
17220934
19354318
18948340
14274835
28093496
28094274
14437696
24143353
14125317
16432083
17066475
29187512
18970504
33166646
29908667
19337187
18718423
14224622
26719548
14284273
36307732
25118559
34570148
23104499
34675555
11287092
33983569
17293631
34940413
28658864
21188337
14288773
14351124
28584427
22774935
20859090
31381810
30908885
19001616
29679005
30228835
23196723
14978302
17776788
11625272
14362078
21846143
20588534
23419312
28103090
22665308
28539669
18609590
22014140
813286
14292886
15894774
19099958
20902097
23810227
27317182
17187505
27467403
18627984
23040265
21695947
14499947
19524118
20659166
21853001
14360853
14385713
14350556
19712601
19145380
17813010
20920040
14284864
14997025
18680691
15027785
14354733
14238320
14353621
14349636
14349782
