1115568007185616897
30354991
939091
1250911001836470276
586291040
2754777701
1146329871418843136
33013018
1362331039
1070979968551784448
250722978
149832362
176164976
27298935
923872513
818910970567344128
822215679726100480
206640289
137844411
37901823
2969845907
2229149339
757556587598864384
148440623
352230918
40873211
294073504
2433168042
2525541330
773271914
66796168
196409507
65155682
103792291
40209152
31740660
34972320
4892166928
2218371797
192689889
197959372
3365952772
2992395456
513584555
636535064
3305430418
3864057802
1516796682
808791812
471709113
237767804
35186651
1127639761
38400702
185302516
25152546
2645220702
3334377035
160470820
3305415215
30739418
1860429764
26594013
194225757
363282607
2228333039
1728852367
225273059
183756884
217119115
2372876311
2810327434
333527792
71885961
563126743
140527818
64697682
45335955
44989406
1166829439
25063945
2176309548
924331344
337332303
2363028609
148391437
2731420412
1234906554
22606723
1896738200
14830189
579747564
2731281726
14665509
2966397556
402655240
53147958
334520234
25567003
28535253
72664373
214809052
2434055114
119102516
201248926
33307967
31097949
43062590
2180849438
14547495
19414413
13763992
1952081202
135462216
2816593088
25502622
167092490
67289395
127074628
20627309
459275242
1320925746
96732356
73469705
1219309794
1496672738
391001227
1167061771
47282349
436753317
2097571
2696360370
2299160241
1427401710
514591995
22062371
18330543
67561158
75262008
466342611
31518766
23499901
21689226
1412951510
885099464
35834118
1682925277
17187914
2352644249
17816086
1871737044
18560876
301909979
44863614
191066432
26601441
34258228
2489138732
2538761032
2378683720
198625434
13249702
38412145
310120071
20232325
21648257
40914660
42920657
2444581330
44344421
17424053
35533049
73239217
442711232
18263152
19366172
55360564
18096145
140488453
193186935
1352068530
287805833
529472395
1859727049
497074160
2405044680
35179474
2404437771
2264840661
110115791
496952496
65334576
15010349
14700117
103065157
1534655556
764884
63145400
20238626
2346452423
160665911
24842995
55829145
21629667
12435822
30714133
22476061
799696837
520329893
1329038221
539397380
472830379
193597488
42042554
359573726
81824632
51243315
622601242
240177708
1691130469
431555948
542886492
302054577
44098080
104830341
2240680102
164282355
33170830
14282524
811677463
22481865
57041360
48471023
124427238
436058658
33988509
1852202886
1243700827
966113328
624913111
28659193
132852018
296156896
41908037
577036118
36378384
743060426
1076088475
1482525636
765456692
332746072
351432408
31085474
28190442
303094964
35276169
372765977
113323712
85883333
1923047580
22819938
254710359
208623146
37487417
29568834
848078204
19868115
22028192
31109465
195848365
117205563
1329274597
423358655
19388802
111322128
166242269
479442225
14417779
1464466166
1382743280
14400454
125673953
308919266
18335782
307769592
46967645
873021950
36918193
1702869404
193674090
533613258
322803264
273316546
63709691
1680065940
469389558
1371789414
577420517
1328174474
124281852
22932035
33348473
859461788
1681134008
1336903502
1681311290
830775727
14352720
142213666
14419874
437803905
65533777
25805313
156194729
266121459
106077757
612972910
593900882
335862361
52692898
135955215
775777237
36594701
1339835893
1330457336
157737361
42067731
270347262
98873754
31362865
431978533
1513309351
608828776
299269647
1404846757
79980821
32542763
42877983
161264651
802236433
68948640
1107372186
41338735
45536239
14659667
493964569
313242570
43567825
25103877
379675059
1586216377
1513333748
66762275
142199485
33993612
25813743
32375771
38496097
531744354
919354350
1550720742
40187767
615283724
1195765214
270861170
234126305
792605850
28525763
34928067
27207896
715834782
219465351
599279253
25660561
280019924
1490611147
386391360
198906820
563270577
531498039
32873744
385963044
242086029
58458828
1251561026
47298919
322671086
20986985
399591808
217042504
61828285
237669589
610841281
397943559
126446628
33039337
1198189740
247251614
897506486
1139453720
209720509
14763346
193017662
622139089
52798884
827551646
45786456
19650826
953417047
541522566
300346250
55047054
135006655
249837295
306383187
306289967
34050300
340549419
27259029
1033849844
388103928
23418810
11193982
33281373
28142766
43584730
47698036
33885551
19061893
468221491
1339168716
19394931
1357278818
365998570
906612565
623560628
564813207
1351438710
49596294
67951128
364157227
189169431
291927521
190986017
127268367
223065926
101778501
350370406
1015770294
81844094
1178437964
23415738
457650307
199766003
1281077874
18934005
1322351731
23350656
30323439
340537327
937771610
477145943
467720558
902149578
789126162
1265167464
886561375
57953653
615587250
356853975
206597096
581922956
1001338838
607016620
17368506
23185890
517571655
238308510
437346867
1177059391
71262529
164660376
349186423
37921321
374732809
129116783
49774380
34246864
54569920
428854213
78385212
26192907
38398311
572871250
58477132
35612924
188286404
96739804
14284996
18864959
37776452
28324711
1007279654
609414457
91756062
24353616
492175764
495821391
44983912
333290214
14336123
196802368
48890839
191831082
28959520
17187058
1058445638
1196497765
14277722
873200750
21574473
58139756
50275926
91070309
395414931
992759557
737432551
463172951
361397797
131280612
403601337
744702211
21423985
33645588
282444241
452932725
340613443
34639742
1073140170
433572891
27038885
142011760
478553827
732346982
459378962
49738893
75005550
507133985
40063292
88668552
30705683
21486473
43674570
34888013
28319144
49545899
886436532
93829537
14224719
1119295916
730334082
226167775
47569347
340577078
199751812
1011801686
28997544
31107976
14350556
238315982
1106186316
1090357238
292501187
335922245
452896048
14406719
53336644
32706151
969176935
54479468
20415660
49072458
21991593
276565825
1091516178
398606542
288644101
149691116
126089832
932403283
108593346
749444851
224240042
473031101
222501593
740057864
379910358
1070857573
26231053
21824894
49325431
73998226
17804381
21078664
71824168
1026663847
66694153
43407944
363191946
117347588
420951546
411767237
355063017
171211471
586501148
274483058
360242358
42508097
1019443562
18475198
23176823
125271499
32858767
31439248
64964155
317700773
381064674
509040127
613526259
919092211
196994616
53213766
442244365
373511420
215359615
230457924
27470182
971843630
835504832
17006157
105925524
410731663
30981678
202995424
520658632
142093182
64668831
16388996
66161614
714997362
973788247
66433571
421125838
32467248
103097873
151869341
341564433
315323700
31387825
899800400
816993776
56093589
381981162
921858702
966182575
55857123
366142672
225554655
33609198
221110729
391290777
24460771
394247646
24716445
961256174
92033007
199630651
740807653
77744986
847413757
30703605
20140230
541041079
595182435
348742019
36179458
233253956
34703909
813286
63118794
28079832
373258149
72650927
94188924
82836701
916373634
211129938
345285366
21895134
494413473
562745251
20432556
66456903
223406872
58334582
135913391
47872138
25346891
29715510
887441844
113025802
319216129
73618377
30855150
735780246
382598137
116449407
901696081
197448675
24520455
14610776
15353365
14277275
42843759
33667980
103555738
423358172
355455107
717610795
34556256
78587299
55496543
48660856
28361527
88896130
28625462
236829256
883921728
500929084
379381762
34711815
254063693
20240015
800343649
165785868
563246317
462717171
94549251
31822122
72834743
395593188
67277243
211839867
320766476
42690697
843962900
237524449
254545609
36347776
243994094
279131939
20210193
624011689
287403144
14430843
269896276
84842041
39016975
49959486
49593769
233511339
746943120
24250540
611018042
33888220
127927916
842527298
842799420
784545385
559396889
340400593
360447111
56454175
507541495
819168234
22375073
17712364
236108456
289890368
415701368
36334731
14418912
17873227
40322305
30891188
43859169
66320386
32095550
61735082
28541040
34571000
23576790
135153110
59447358
24702971
95238065
26798240
292885014
386222785
403320517
804597968
308597818
15101278
139047756
38769939
345902145
170336547
23582636
49947442
105897061
20515269
80895456
33659151
14286342
122065283
464697574
20889472
19061967
23250443
61429870
481991629
214937518
124139003
438277443
199809967
18714976
89484734
15967758
35796801
72673185
193586946
25488427
41184497
524325024
19062821
74217252
21846143
733751245
15848266
274452288
516745054
477122511
453158254
209090004
33505825
316563842
57047491
39695456
449390279
58737118
156580448
490545410
481932428
268357486
414693833
595468145
492452939
224400256
548537239
414300093
469268555
106769293
31073556
26719515
69396214
714812948
411791624
31267211
287340563
266698643
453303839
21919347
402377699
16904159
27963906
383680734
27474775
199665432
32890148
397864937
56076492
618057956
314698088
27716729
527719505
465912082
39488289
216357534
14225413
24736125
44317501
57902696
495004140
53347647
83466368
304692002
245439732
352421685
84796534
33482265
22194908
108915816
582663428
33623709
38493594
24441893
22341950
457808887
570744394
344331835
324823441
349132087
419553326
236403619
78330513
582621216
571123006
41379165
584831220
214589326
134172743
26507815
25416669
331559433
45315024
512332598
359859361
93925798
384425666
172697137
174528249
60983
501744819
71215587
238090987
14452323
146856971
20974015
266111353
14310788
151768781
402318872
23925022
411725540
28692401
388143806
32961333
236758799
545902639
39811941
456567492
45556288
136392057
40879848
217593876
409367244
356398393
242861232
41090452
31421204
35733102
90486891
51040408
86154361
106428909
253082981
22261860
319228928
247185936
31737709
24864138
83729686
30951034
56792300
215988566
379720636
254288117
276172272
68408437
252118230
509374404
388815555
66204249
26189309
38841283
157295717
36360278
62058259
14498305
394319239
245753299
161072088
64046841
390921358
33982440
46641481
67864297
311626781
371859767
14290726
117834105
22774935
38885139
499776536
17187505
134221985
409473247
371715518
25996040
307581054
17805385
547896558
28362205
28870473
459260206
22172506
306916140
122994639
67654414
505708997
377578254
278021411
23937836
31689568
51155104
14258880
460966881
460632603
499211936
42625724
38828305
353573924
275532410
88008789
37280930
140993447
24746466
24119198
54609430
159845559
51233047
481096876
392548533
82430415
453021692
259719962
52386128
31375480
258345975
432981564
214049275
27833757
392655700
18043746
27691169
335611554
47685503
223442298
65924567
58469412
452233665
29273536
88255470
386408523
525514579
419437291
36059230
500885877
33902887
310142404
14291795
90929317
35056248
374473407
17776788
516980836
36160117
66700763
289004106
407952439
14487318
42693240
496989250
62523083
438632378
44863256
33993399
23785168
305526449
38741073
137402301
493238295
216666956
20625292
19529605
222209875
233291161
35188077
261409790
212149324
489895922
17189741
53949942
96861734
30853297
88409063
435040559
28127595
135101041
14291084
57083373
40727926
464621111
416895916
449703615
351650159
471084733
436515416
18550407
40969477
99376470
42259381
338049872
141709158
266508642
193207281
59526646
33864543
21575813
39339357
371502562
271575289
148709566
42205444
432292295
256902793
319142492
117206098
169028500
78099370
70987513
19157451
458712259
67617143
38145897
16681117
482971150
454191471
20883211
36039059
29082795
190551552
34348124
340417401
18577435
389973334
193273408
14542929
24866516
32827751
473914976
255098163
64180716
34440940
32351643
32350318
342926708
17230800
90534982
438379241
19405748
36344167
377885045
19523359
291277159
420371595
25171315
373330234
381070421
55203451
252361852
466476991
63385204
276453605
32017455
118728847
133738109
35070516
322531105
422876335
371491416
62508465
177526172
253793922
204431254
108594815
224968087
26527817
142613436
43909336
320829399
38638278
30505656
57696728
381502681
30097577
376747336
32349850
390719961
241910370
19394188
50055701
61263431
21253940
38745028
425708396
33472862
26719548
16718406
252274010
27059901
307306463
390856590
75762710
38439454
17689228
63495252
25562002
396618124
251769222
128383412
385406348
61450363
80668551
136184787
79163086
14598600
136939611
84639315
33542102
1652541
9990932
46979706
115628311
33152235
430789067
48103010
190229245
20611702
40728306
47613193
23480387
225770461
295876501
216889334
18760790
27001972
209753539
152591353
400864184
14998206
20859418
180704610
317101757
36625807
39569606
34243437
27877065
402952461
30927768
277496292
403272223
50269720
26074731
17185007
141744721
80109709
45396043
353576703
299571141
236839814
45342108
20583062
18503146
384786873
70380300
69227108
23115403
60891099
17038090
5988062
39599815
90818945
370817135
14291713
373890791
216448026
65466158
271367322
250435513
123868861
7089792
9708922
29703959
27746541
55374902
125921544
355348269
204478853
34038925
362466088
155829739
22363451
130147182
24509661
68503817
127871320
49394244
7981922
30686053
149635338
37068140
40463751
22920732
172896557
50604877
36624824
20969268
112428297
56467191
172104970
18907026
212977158
21649090
190340244
31499866
24458702
43091419
99983136
68710659
353664792
20659166
57310630
192351986
25968803
85640142
48972045
10112552
44203664
14712588
53367893
354516475
19764533
352534464
153220375
27692462
326041251
280944995
77143383
265565067
153517098
17678392
44943684
21288315
17039630
23830152
19659689
68947198
20374992
36006119
29178136
14402173
41691220
339055436
783214
70665468
15907720
313157012
207888226
18360037
281948176
64004084
317240118
29515339
48070231
291291580
313845197
42844683
306965211
44099565
216796248
122072320
34222774
30941476
204525639
20868447
18029265
35562489
24169740
72292202
239484275
20126976
76450358
24426957
14114267
10451602
15644592
55627827
48075273
21393770
136029854
20662498
100009493
19764279
273575122
230535238
38870922
14687587
14419039
75033041
97868744
23244604
47895003
21890520
49674652
224624339
20385093
116715920
18293645
60344010
269882924
38842425
14287712
28972335
93914726
74539103
18630876
18936988
17482669
18955836
34889570
25056999
41785808
29676819
267403905
47783655
19293899
6592852
193311364
70423313
231118152
169201702
18904582
14692515
19766036
37193436
249262359
32660698
80561416
19061725
29440550
35789212
26606802
19295394
27049467
28765398
22834808
14340921
28757140
21752569
43531203
31101381
259228076
271603818
26214264
30203462
23419566
18455138
17756100
38624201
27704856
37886173
165331385
163411702
21232668
227613352
22415635
31397933
261628723
115441879
81578629
31923207
27207920
33559973
25854373
23694893
145337107
31215429
25805619
48458302
17710144
19704156
19259873
29955145
48091623
45371456
18381317
19909515
22147792
43121311
20183521
48702842
85822252
7027112
34601836
19151976
17780015
31753547
108417952
17066475
84289595
37485036
46869791
45360053
111998056
14116137
22981893
151856844
25091128
31373378
157907219
31821927
25504185
19972884
26880289
38163216
20582802
35698094
17893932
23608172
31405598
32129282
143061537
38646590
18550977
29660732
39738562
234306570
80542515
251523398
260132760
29928571
39726707
77041321
212191011
18334306
44865727
31690214
18948340
193554972
234763492
28148610
47317899
38229056
26229790
42854868
76319586
21092382
19646280
14340875
14274835
18944836
28128082
14718737
93247303
18045072
39492276
18830918
20279163
30342038
15003632
22004630
45321236
21851999
114680005
19705628
41793455
39743376
213787697
210526095
234517620
15895694
18878967
37174426
77573428
70762972
241959982
88915300
218910852
45396246
19734035
40935476
135917823
48302295
25056019
28304157
246816735
18791763
189051125
20425675
25966747
42698033
45845636
34696385
68107468
14617551
28323152
36510958
24149604
68741204
18897831
14283877
39478117
130804139
47965074
22670768
198439679
46106058
31687026
18435641
20152971
48713549
101758086
38282491
236510580
25289729
16777566
17997609
239561620
17113249
21645552
48316845
214059962
26229801
35808591
21862201
172856017
220739751
34402309
60896067
47301143
46644261
14912551
63425851
53066986
21759024
27593396
104555469
57093175
36048418
69239792
31395444
14224622
43090337
31381810
132255549
20853361
14284273
28626588
25498771
19784844
18377085
24044383
84709356
19058275
34575407
19256979
35728867
25365007
47423946
19962261
31410553
63132666
192328753
29182664
33497800
59548897
222450427
89135398
42494407
17425802
67707084
113129471
29294824
33472361
18406149
89267288
26243948
19283437
32115103
17756047
69007602
19233560
20431436
138426121
428333
18213346
228694077
18549724
47326041
44851079
231725978
67557660
21413545
38889145
24010664
92962860
19962340
29437847
19188289
57653188
19234278
23211282
28726577
30886191
17334988
51997943
19063658
6012852
14287326
30923509
19488743
24686706
45565440
18988667
28093496
19331958
9695912
14206252
16813552
33874207
64366720
18716146
33483219
228823899
37630783
200255736
136218318
199767329
135820177
218884515
28303450
19901366
41597644
112813136
36028993
25262480
33524191
28094255
29679993
28092056
40482226
20555875
45919516
54917900
221119581
49370357
27848098
18016543
41544679
21695947
25817863
39219035
20667905
204244400
43071761
15973392
69425160
27845999
63129578
33480259
37231899
21588799
20145056
19319985
32416211
31409120
39966546
21022281
34229862
42844817
142282484
18669139
27317182
19236875
31700411
63442375
19226961
90848755
34656014
19775860
14332159
76292859
116697719
66664753
101727020
32535843
82325555
180325953
16557956
37665779
14237373
29908667
20008618
82353528
49073990
24950478
22049212
201653163
75060420
34672923
103280252
30873513
64247948
36615979
17675609
38260259
18970504
38643660
22014140
34941106
16542861
33236436
14997025
20301193
22988843
34910028
217530764
19263240
211794894
47974057
14346495
36423190
14214281
40049680
41337693
74143933
20195297
20796069
36307732
5402612
63262403
45594856
138376196
41554173
25313658
62266883
19067312
31386412
34898791
33467543
17813010
18609590
188256896
18332222
45565446
61724625
23849809
39052549
37904694
46081160
22961993
16432083
90448119
27105229
822215673812119553
30313925
