3056307455
440632367
811229675758505984
363282607
112150185
1414494862204936196
282532238
2326177498
633686307
39974570
746943120
36683668
137776972
1369343440534855681
3173557971
72245600
1349175483989188608
1079104563280527364
725686324662046724
489331480
2219254012
2569743630
821784477076750338
719555092911931392
734478434
48733366
396010685
1323730225067339784
14260960
1104887179485081602
2285421987
1079769536730140672
1082334352711790593
783792992
435331179
1248996730940448774
7651862
1324878824799137793
1420264670
978583334799446017
120183536
315450755
23748315
1861366753
225265639
603775254
612972910
268665178
1246933577054457859
824787330493972480
986599884341080066
31379089
14982804
31206435
525084684
1173622041112719362
3092016193
14642495
1093245238917955588
915516061444866048
19332967
1247954346114875392
574795929
2307893040
210807672
15097615
357606935
2382227424
247174365
1229471002473660417
14327933
51462013
21753847
29546945
564069706
877981025921638401
460406210
47318453
57266089
14728486
150127569
804015436979277824
174110843
145711196
2849329088
1182358025165836288
22086608
33435693
70144495
260759782
14933304
774407512598704128
120048506
510464011
39364684
1136317807954731014
289253819
981668744920535040
210238655
305073570
1193849958
725925007
268676434
16095034
215015681
394830712
2615899284
51426896
850361341823119365
164369297
241201438
122130797
546254893
250560251
1407151866
150400398
101798589
803694179079458816
2314055840
90610284
14529929
806862084277407744
1006419421244678144
61263431
23176276
72198806
33537967
30354991
26637348
1377302066
87551769
237524449
223442298
1551459979
21924525
820705814906339328
21556545
28092056
779416353019203584
2575205850
1320656142
1579422614
2674458072
29251764
43062590
34231784
22475991
56328067
25726310
40230390
248571921
380932103
20629858
27844742
1248411960
199059928
475884318
61183568
747807250819981312
1929957962
4099171
3179621871
66700763
1049497170007724032
19947114
4516255048
31013444
123327472
31059230
59331128
19186003
293065451
11744152
882871703268982785
36330373
18509818
138203134
87809737
755113
53714009
27438286
19394188
29095803
3131144855
2517712039
981259709356404737
256625759
16681117
494403305
17735875
23544596
43074271
338369157
16378093
26474538
44478866
17965523
1662687974
902169719385587712
2969845907
3247642671
50393960
5120691
837266845673656321
236453099
19918603
3333055535
820378690920058880
820354372827758592
2922928743
816869611480186880
155784594
130496027
40875190
872343314149855236
910492003359760384
329046585
15976705
3111553475
386056280
14265924
2271638589
215993689
28865987
1970966298
340613443
153810216
117777690
19366432
21695321
159845559
110749387
362040694
156944270
20679622
44997376
410731663
174996199
333903537
329773925
40342628
273181052
807357676300730368
14123683
415704389
195802870
293314112
870375934469300224
57304596
750511978041470977
2893511188
33039483
351719895
36329654
1362331039
221674336
14330330
1107372186
3060165490
198625434
62310014
148391437
56199360
400839049
1060110714
1685165665
877944056
491519829
76884233
883476672045096961
61163804
937499232
291277159
19963779
19237012
20001209
22011813
107182526
21890520
65375759
1347347653
45321236
1379801
108618409
3410122983
3211235080
265887867
19389900
2925842572
68741204
38439143
135153110
413876032
35698094
190327803
21447363
21111883
23375688
27260086
236699098
157140968
205915163
2955603321
2404437771
838111239750447104
59936143
32347467
124139003
970754438
2494196874
2479669656
408593180
14284142
214802003
217022933
875262109
26205565
89266393
993417457
1219309794
43996908
1976143068
351650159
1039725918
20240015
122195535
873304134
19813523
87818409
14511951
15012486
1652541
5988062
14159148
939091
15007149
40232418
166669818
32397331
341962652
28822089
28361716
384455509
2414145584
2317725461
24150634
55496543
18292862
206717989
87914827
36329597
20226248
26719548
189051125
221064860
38265914
16129920
16017475
20713061
18905409
140423271
28535253
1180379185
91478624
3108351
2467791
742143
2097571
759251
1367531
19397785
1267887043
475954041
114718372
118756393
563028675
3004068407
2491073516
2776087388
1251538416
1005826836
2457392205
1374416472
1479532554
1047599642
14677751
2439032786
611664146
562745251
859518872
599530439
16789970
14377605
43963249
73238146
15207668
14344823
11134252
20733972
50769180
471672239
22203756
125453969
278925644
275181294
412978698
37666984
1206108030
318502332
2989662887
520449734
217749896
490126636
141084952
633794939
17061263
18814998
3017844172
1860429764
34792486
133407633
19541556
985797630
26857134
352230918
31421204
135917823
3247493613
318977179
29428864
1971165066
71885961
16667912
126722715
4023469463
236951309
557618133
96861734
193611372
170641109
4317265283
23613479
23617610
32959253
25365536
216881337
23022687
15745368
29442313
970207298
52544275
108471631
39349894
39344374
216776631
822215679726100480
1536791610
1513811304
27737368
93752550
14304692
1706528556
138855525
28524344
945749197
742666154
599541873
1426289635
510667520
378433833
911184906
19867810
477672060
35227088
12612432
16683666
37626533
208053246
479442225
900392084
382593384
388867188
437997027
1229316421
270364084
931740456
899364038
412278318
431555948
20197709
491140593
618004081
956388212
1073164934
424264424
480253925
18916432
21867341
42995067
753165526566899713
2310502713
36048614
33852061
503245246
3049282160
312035247
56353796
71824168
64426122
81154009
18681139
172858784
17919972
2511097751
25917171
589265038
61250638
1396623612
64391993
42844817
1204292006
350782341
307821261
464620194
606448747
19346439
131303630
2787881234
27083252
271910803
3197051553
726408395067133952
4155492063
19090188
70996053
38653232
3298085632
30385952
31985912
382822557
537290850
367599210
15764644
18979562
2742671437
880276999
436740472
39599815
193313425
3342929843
19397439
328634628
33300246
84816752
20880169
16708655
19335378
101695592
307456888
1167061771
22518134
1071777608
4369137615
116994659
15912890
45617221
25045652
459594726
3580752436
831494114
200049436
1373958516
20223894
55516088
93069110
2180170945
63796828
16076032
3090998686
815289800
1362368612
392317014
5838002
3245135844
421279744
59083291
414334941
268939503
237938196
273638217
14286624
265565067
3315227825
28165217
199670339
425708396
14291795
56125230
1005913274
468912560
22811188
720335013
15010349
30739418
84352985
103065157
239079943
2835653131
155906551
390115172
25501622
2191478849
966479449
18387289
3245013815
337332303
1037031822
1510235358
32890148
31210522
21863942
19762987
27840661
170265234
3175807619
632165452
3164137415
702723412
64995313
74539103
377563873
1694040764
64415035
2645220702
321970500
1565686081
542025613
252184453
264268489
70807231
217570201
71643224
15164565
238315982
217119115
1158638582
24010664
43531203
426060365
5402612
35248084
349817494
430180591
818053116
1204838809
17756100
199809967
591460008
157299529
26831945
40535534
171682730
19834403
308011597
234915142
299798272
454313925
42494407
177518868
14118487
76304433
15328118
216369626
35733102
29663589
12330562
1490203351
630213240
2425456266
2165470681
59626497
396479812
284761553
24531620
1519675345
1647329940
1137746822
109591967
236839814
236108456
130241363
369629573
250205792
2835276183
20755191
2336438769
986502582
2470504356
82311233
27716729
810788292
1632584934
226771083
753733124
99347701
23749162
53032573
29404918
490545410
1532098555
2637549407
1702614271
79145543
2320921382
373639969
438580560
816993776
48903
251274532
730334082
19646280
2770742737
2311775230
337299890
2619950906
1219865652
88301552
18228898
4485551
78682735
390287262
26462362
18380182
40198892
23588075
330267303
40833884
19341389
292092444
776528756
212679277
311654425
85457858
19674502
2383914595
482540247
109374678
901677504
33052769
347849896
562202110
36107577
2500816501
2359926157
1410993672
2586939154
31267211
1384082689
62810045
398660979
2528377436
26601441
7157292
180281123
197594920
47453114
14584834
36389224
1922788626
293429132
980309666
23236043
2489138732
2394777511
114750492
196802368
62523083
2516781083
1894808269
84538257
17565514
64366720
175126294
2278865772
417212147
205858510
520670946
1089101509
2428305657
1090357238
379720636
34868965
103555738
2375512926
40089769
89670989
359257472
238125536
2355135119
48667895
201894216
747205759
177112737
152402698
2264840661
513584555
31499866
228064442
78910621
218918529
48730516
1560368906
2280635250
285694773
283411624
14332159
245467017
26710373
1075005146
346023707
51091641
1407277784
339040963
1404590618
500704345
25529018
104429111
193311364
1667717102
135462216
1959103621
478808828
1875018320
1726299720
41635520
1229826619
2172517161
1026308156
2176309548
360056861
205302299
63959111
322531105
1482525636
24950478
276172272
1611758551
304914479
1091642166
319228928
32416211
26837025
39219035
292484280
407869459
38769939
799696837
25129391
265949490
196168350
23756613
163105260
860555190
220081875
1397661872
40209152
340357856
1855109353
1858063040
568247551
53876028
35927341
113087150
31700411
560669277
284233611
1157078581
562023768
34717297
314635115
540812894
21212087
38696507
15933910
245513323
230140702
21982720
1111940934
1339835893
818876014390603776
1093090866
1055385086
977383291
1482940213
51241574
248328200
906612565
226179049
904594926
255916523
39456398
115808342
384939199
19535586
237767804
68958389
487573225
15484198
156956367
46920069
27134161
197588356
238945097
469354573
911345070
26588415
1330457336
757303975
1364410842
1198189740
19159932
80596164
380251490
17482729
56202063
324081252
29501918
31090806
320766476
323504130
33609198
18447095
20776064
269951402
227013679
14906581
112390204
33493471
20659839
14285140
452929950
388282456
773034162
711451225
252561101
21078664
1053035888
45144731
341062077
242491033
119786274
146832501
224968087
16110506
43139320
374576642
404110448
292292757
373258149
643443
596639349
59830355
41896037
245849058
68352264
779987268
41211009
26231503
24264879
79980821
518313991
102415577
114721145
184752424
67851742
55204617
60868457
112403405
472851432
792005616
48534642
804597968
77183665
22613875
63451448
63132954
49674652
82067621
19188289
27062533
42854868
390856590
155976053
69007602
497959904
340417401
80515718
318907867
368972590
34903415
487486212
77190412
17650380
56783320
20165293
14291575
17503180
195774751
16745361
42287807
18628277
714901412
184151607
74418848
381922630
15143478
93899982
31113708
25294402
33954545
14912551
210463171
14224622
30271375
136392057
304100390
238162784
19236431
549944033
595694685
130267435
23499901
20585218
24689294
64668831
251939905
34910028
520658632
457640845
482971150
173195708
243290888
27842716
609414457
195409187
26190302
75390864
41814169
22194908
134221985
224027358
196305485
214430881
193207281
153374624
602182869
30352096
34456552
499211936
545394515
595468145
258503796
187510623
38405053
33933259
14677919
324275766
371491416
317101757
421886192
227390518
147997116
481932428
33623709
58228836
377965251
70225982
18982345
19115162
21423985
20140230
246559875
29840295
186345555
407634764
15846407
15439395
36039059
38451208
516671992
111891212
29168612
308325971
19280513
570781063
37921321
44317501
495004140
451613480
20432556
114680005
26880289
24575979
545498511
28087473
39251897
85403705
48070231
24497810
310908605
40117334
53512119
23472117
33201119
24024466
19769863
96424552
215440035
15611133
384425666
469585545
35888541
27698109
474452457
310120071
396618124
364480656
42693240
70423313
22670768
219758949
466342611
96768880
114830148
310440934
14287243
19388863
28099901
464621111
540290113
349262757
503456777
47606328
500885877
130256068
529320577
19583956
382269277
198648935
403320517
524662941
422876335
452896048
239833417
220739751
24913773
324844301
33677145
41218317
402952461
500870066
419553326
39492276
68679842
482416102
31101381
74143933
318271193
374473407
331184960
89484734
19554706
19962340
25365007
21155271
62729230
41816215
31518766
32017455
26720210
202741167
511665645
18330155
37685197
14360897
15492359
24880623
26248712
260308246
215694505
15224867
117347588
14336123
345811633
14283805
31526298
403272223
267848594
42690697
94628304
23247176
86154361
46098040
6307592
466743554
53949942
74778874
340577078
341564433
16575626
42460799
129701292
124143869
156580448
436515416
44714439
473914976
244655353
1078971
140118545
26231053
48974071
15947185
140392065
207995483
243164936
40038478
37509974
414300093
455709392
74236437
295105605
462893360
37509434
108635303
94147874
409486555
459260206
176227913
169201702
50055701
22172506
454191471
167092490
70707381
31121193
45396063
259379883
385590527
34972320
47414242
14487318
19233252
66985635
24152783
317034318
65924567
38145897
255117773
122453931
41337693
420951546
152982996
342861306
26792275
31689568
75029911
29178136
319216129
33188722
26492237
32369044
196749708
373416209
41785808
45396246
19249741
153020294
14293310
20280065
90448119
340393654
26977269
18672039
15105128
137304914
29553249
421125838
417704951
14419378
313845197
338651001
26220173
42920657
24153920
221000907
26565946
57602886
18560876
273632640
408360989
23755856
67262491
49570820
217005850
116904468
369360878
355743494
21846143
387858839
14478814
71884109
354516475
34703909
14279103
402600618
365931694
356095156
401613697
25346891
402983524
33502071
19977718
64741168
49627168
44983912
30842849
39506065
84164033
173785451
259264349
92230224
69835350
19644592
21590690
166739404
106428909
39827882
227835747
201690715
26243948
18127511
28340885
33461832
25996040
373890791
28827724
79293791
302054577
18936988
19067283
355741893
387309747
27021630
306713113
385392468
10283962
17960141
214049275
220696971
85603854
2367911
358382685
21870007
381502681
51403907
39209161
118415180
36468498
84796534
49372138
65447476
17469289
198809288
87398620
221822662
34859489
209022228
25555130
34656014
135820177
14349636
172896557
36362393
216299334
81578629
54917900
277623015
106480756
21746360
23358756
37488920
31898483
21746816
63132666
21862201
45818077
234035533
18334306
307306463
339055436
85978778
75053093
26818369
206181354
50735497
49808014
42250981
53213766
29437847
14300452
31739402
90638985
26367916
61244059
222818835
23747876
181506556
26466214
18696855
369395471
101311381
344261512
53147958
376747336
17113249
352534464
38402974
35462739
149046826
33885891
157907219
61781260
10451602
29792081
84282572
31840286
32844394
23650161
19764533
6012852
247488242
292904816
40927896
21296047
33217838
44174373
277409752
367201390
366113519
108417952
196409507
26214264
219602088
17673981
22834808
361434073
361330331
14301223
19145380
45360653
78539685
25498771
353664792
19949760
20145056
60891099
58458828
239063731
246816735
29082795
27601663
217217458
57333511
23084212
66217612
74402051
74131074
19901715
224947053
266068156
17577273
17710148
80132025
42207894
18264506
23568768
286072305
224623904
24422735
19877211
95238065
35246361
26470805
21187823
29440550
137008623
33281373
68683553
320683924
70352757
39764029
29979814
16017859
315323700
32115103
17308578
19180789
133738109
22904985
788603
36624824
19414922
18901336
15428667
72292202
256636985
80542515
6987922
170998924
267410607
30313925
822215673812119553
54162096
30183766
124149022
183225266
291291580
23661457
31376232
28103763
134172743
36032727
44344421
31737709
96327394
18829430
117801202
18549724
20583062
14777166
112813136
176785011
279131939
142282484
18770744
24752484
428333
195848365
28980822
38842425
140535346
62777967
213140031
247947189
37220221
270248672
123528160
25901577
24716445
24439568
33899446
19261863
241959982
27704856
255628022
44633157
53153263
20464575
239561620
47317899
69361035
231770396
31111153
20431436
14638546
59569015
196116347
71991821
30952976
234306570
227785704
228525621
200255736
228694077
158688517
78572631
19067312
18406149
28324711
5708142
122928781
32352209
18876299
17780015
221119581
21426923
41779464
199679629
216357534
85822252
81605238
82705598
16589206
138426121
213788651
218910852
116697719
21689226
14291504
36412963
14075928
18558337
76319586
23420627
62442994
93847093
14597933
27967515
74285643
53321372
25380560
33464295
14420387
76292859
191209925
14379246
68208836
145337107
14405752
14290848
188256896
23177177
70919209
74474647
144540536
9543842
45810524
39721232
187371887
18844973
112417593
142274959
30494954
36378384
81801121
154456153
32671410
27405283
179091975
31986700
132255549
178920668
32873744
88724474
25861301
107798309
23651070
39052549
20986052
113002313
18957472
17425802
31386412
27841847
15351215
29659136
98576755
18519026
161264651
145372445
47326041
38632472
142326694
38412145
44865727
72814742
19705628
16418188
92596900
45514644
125930580
152980872
15808765
28949430
39812854
24506246
146422421
18683505
28077341
77969494
90848755
14450979
31687026
18797981
110244016
66834399
46688502
143091985
40482226
14623110
69181624
14893322
14623077
44098080
131517603
77211534
18455138
18003818
140394225
96748114
138376196
19495880
50090599
62581962
135173461
17583639
47909519
115441879
64742113
40858409
133669300
33344775
30873513
38400702
30364057
14284305
24686706
21288039
21851999
85545437
19179740
32916686
18600068
21096586
20798292
33689629
57130471
25968803
20859418
117834105
33467543
92962860
34739687
78330513
20225470
82353528
27207920
19659689
98712630
102616697
33832676
107026061
101758086
17268742
22677425
84639315
101727020
61429870
92253146
31452966
23436442
19917840
18304213
43115008
30840835
36027595
4384251
34601836
16487288
14464324
14284273
19972884
20356317
74217252
37034439
73872184
20166503
47140741
40498698
15848266
39482533
18029265
31544675
89700115
92489022
19234278
46081160
33236436
25619794
20513866
7087422
92043674
27848098
35789212
65493023
18016543
14417779
63262403
33008891
31377167
6526412
73717029
45179583
89479176
63442375
65313321
61611674
29294824
21574473
62271664
37788958
20016937
32657414
33479607
23986190
55047054
47423946
66078185
14049906
77795018
68947198
46641481
75060420
34575407
18714976
15027331
55541718
53367893
29447307
85331879
84570744
42405776
60896067
26331013
19758906
19186642
75796358
82325555
24426957
17957492
36028993
61724625
41554173
64993293
30923509
81844094
31821927
40548913
18831549
19414413
13763992
19025499
23574285
78261142
67707084
78589443
34284610
25313658
34242874
27000473
76296106
34050300
28305009
19397942
17099847
40049680
17482669
15734608
51795816
28085805
36067300
47298919
18099795
17066475
72003820
14116137
19068089
27207896
66485074
17756047
71784992
18761782
66696236
30268307
42698033
52457173
22637827
65638654
14590895
26768614
68167836
28184374
20170408
14301990
67557660
20768326
66664753
66331477
66737250
66796168
21879143
44207761
66141629
21288315
10814042
18901235
5912722
27201633
38863451
23320712
33506248
21848847
19233560
13995092
63118794
32864014
31397933
42709793
63129578
19734035
20535089
57133595
28411908
18047766
20366788
14091525
18435641
29023898
44850238
46869791
17479090
23451797
63421565
62732754
26707786
16705659
22975747
62522258
25051303
14365312
20191034
25509741
62266883
27259029
30832279
14669645
61481011
16510479
35739895
61901183
60752645
45311354
18293645
61194405
57653188
60826646
38745028
23115403
16718406
24013036
15820298
53001877
16910591
27707673
28101138
12503922
36616169
38432365
36059230
58956912
17187058
21695947
42625724
24208779
20969107
41813695
23694893
45919516
32531121
26019666
14606990
53740355
47298686
14617551
31378310
22608196
14282524
14284139
48458302
19331958
11625272
19078925
23480387
29172178
48713549
11348282
14286658
50954442
43301041
26079068
19263240
14877389
33950311
45565440
28303450
20441820
37665779
34941106
4970411
21022281
24597041
14735121
33482265
49073990
25829948
47974276
48302295
46626720
46092078
47352120
38493594
27317182
14093978
46644261
36423190
25344165
38920558
46857953
22363451
46604315
17804392
46338044
34590806
28818351
46099447
39269172
20868447
45565446
45845636
14283877
28110788
45594856
17712364
34228196
37677256
14276602
44851079
26229790
40728306
34672923
34229862
14206252
14291842
14763346
30241775
27834369
34357825
42279760
21188337
38819293
31749659
40187767
36031332
25664884
12435822
19390614
28625983
19068679
31404922
39574837
32350073
21118909
34569505
39982489
38397088
38648982
38471530
25817863
39705331
32380855
14157785
33166432
40194607
38844215
18669139
36013002
40340459
39475633
14214281
14298855
23829897
39835146
31822122
40753387
18080605
27838791
11717152
21294436
20681054
14431629
14941840
39757730
39091525
30825184
36158193
28312022
18314753
28765398
41112318
6466662
13698392
14567815
28410803
19058275
27515852
19469553
40090446
40116773
6347162
23582636
33990201
33294143
20195297
17230800
38282491
37904694
21391879
14272753
14320899
18633093
14274839
37175209
34348124
23849809
33497800
39966546
21011375
18186419
34898791
15015340
16698195
37631582
17039630
38853960
28092347
33892809
19450673
17685876
14997025
18970504
36307732
34928067
14395000
29908667
16432083
16813552
37196329
646163
27845999
20542429
34285054
34358574
34342871
19256979
16973333
807095
30872351
20440081
18554686
18609590
17099136
31409120
20853361
29343098
14277722
17710058
15353365
19901366
18489116
9695912
16183455
27691169
29486083
30439759
18955891
30311534
19099958
14687587
18670845
19703579
13768302
8184422
29928571
29716556
14301297
17813010
25144335
23608172
26022773
23211282
20183521
20796069
14340875
19784844
24008477
24280674
18797522
24149604
24154098
20152971
22988843
18213346
19241520
19704302
17960105
14118604
14125317
20176513
20587233
18682262
19119226
21643721
20301193
20374992
19042668
21905404
21245040
15895694
16557956
14712588
17408505
16433645
14998206
6751502
14291684
18760790
19529605
20142758
20425675
18716146
22014140
3801501
18897831
14224719
14237373
14114267
14659667
14340921
813286
6592852
16542861
14287018
