1443520866457956355
141744721
479028155
793593704
1367349592614965249
40713017
1419239296838639618
1070979968551784448
46869791
251523398
291277159
237524449
1048243078014947330
1349149096909668363
127226832
1232692969603502081
1117000117
887364344002080771
251272316
38667363
34972320
193186935
1255234986887860224
501744819
932603165781962753
310626575
981793252453044224
404004517
1243861916
1037031822
1135160811847061504
60896067
520670946
255628022
2952084729
71625725
558797310
1855109353
67257367
3060537136
879314715947786241
64004084
3350410521
244225925
918473521646522368
44099565
1172975564
822215679726100480
818910970567344128
813286
275505184
23576790
2281339101
36039059
156194729
1379400558
735811188714536961
231118152
3410122983
2863714984
459181574
4887555507
3115258858
59686920
44588224
347752308
499943938
340790816
1399330512
2148511611
138134771
189888665
3079733085
778542955946704900
14402173
121420979
2228363243
2308094750
1972165123
2404437771
24564251
233511917
37971791
40903144
291630537
365998570
105880997
48972045
294073504
178862992
102678629
31372873
347849896
2504754928
150763346
18293645
133887945
410731663
19392160
2906152486
434388659
330131498
1125649488
1389263312
2228333039
742258279372460032
3047149218
730763895955165184
3761679929
908568492
1228605192
305526449
22920732
4845326044
702027531529097216
717774036877623296
20210193
191066432
90435058
44870415
974218694
38824745
2562963566
710922568035864576
233253956
393370698
438211624
499211936
1234639646
798250536
67661938
36028993
39227903
2482266432
14304692
14114267
201690715
66985635
10451602
2476107895
2509929174
340549419
703895878013161473
703215929371578368
229435650
2380602246
284693066
20143588
1001671662
3165755015
18554686
55496543
16557956
26719548
26229790
230457924
3403299357
2825914322
26470805
951333086
26719515
20679622
23320712
217217458
156944270
16388996
2818756895
3058719389
403647749
461105934
4133228962
82299404
1878721232
63129578
31700411
90831443
14330330
360447111
2308295399
884706348
1443160158
25294402
227363686
2148623089
3888929553
577301266
148456623
90848755
3757278262
3414509159
3417771364
322069900
2834944594
28776654
3415052757
66693790
67153318
14419039
3147508000
1379005928
27068569
3338662816
93878848
1182666463
2851279402
464483229
26603518
70390732
19584064
3318561401
18671230
3315670816
246816735
66204249
25313658
20301193
138376196
31267211
419788091
3045826022
14118302
41457314
43285951
345285366
3201462239
19061893
40727926
469720807
2949843077
393448735
390782359
575311649
2722321808
241490028
464179725
103555738
338209422
1650662778
55047054
87080308
221476163
77041321
31109467
331760209
67256912
301885971
2596512356
30714133
3012047309
3021157457
3049847352
268553359
45315024
470150436
35880536
314075083
38643660
1473829676
1111405484
32845839
80668551
2491073516
2889242716
1405862790
19021419
410038024
31076081
2599249364
2966028785
2984279998
25152546
471313337
2790774141
38045117
562736698
201641845
110998155
420464033
1272109884
2924816561
33497800
26611789
62574827
949583790
54175087
369395471
19529605
23185890
31371709
1204838809
243206115
63266077
628810304
29746915
111268451
2858411747
545394515
45919516
14997025
2434714023
147920224
175422297
442598431
99515710
26232645
2785325614
85147335
51998462
14687587
24426957
22415635
20868447
23937836
25966747
454191471
19067283
72832208
31709436
37005928
35712126
1867716644
107023340
1534655556
2241341482
2351017312
277623015
44869490
1731333426
1275948258
2467697562
112257491
2563018520
24523390
2172382533
902149578
28315929
2748646057
2799392499
464661883
2754261842
2782321711
42984003
126256491
21746816
99376470
514596967
39713393
2171889281
941702485
21132563
1245760994
761541476
2282250531
2766008221
456490306
2712079471
145975356
372186158
576176230
2790126458
1653771666
28109832
1557647509
335883776
815289800
582897897
1323104856
2780958179
186771601
154673517
499776536
32873744
32961333
14340921
14125317
60891099
37904694
14998206
58477132
44983912
28952277
29928571
2645220702
2433526820
417976767
42143633
223980131
21588799
32397331
2352498354
238308510
1157965518
883921728
39014421
18948340
17873227
2723455848
199667492
198625434
34859489
33281373
2672784822
109271750
2264840661
41597644
940056397
398916864
568305378
1180305138
37387091
900392084
390856590
22194908
2563066458
2526182019
2477906185
48536494
2368749483
31806564
42920657
20432556
2580682589
236839814
211478310
739198430
26307045
2175439143
49987201
364157227
2512551217
274431757
31499866
19705628
932403283
37620087
21689226
84538257
24913773
1870767463
2537608557
490545410
873200750
71840293
1049031192
168602524
74217252
345842262
500885877
18520064
1108291645
1482525636
26601441
18377085
2445138252
1032862448
172054878
1354038852
391069498
1371738488
39716962
1603287684
1381906795
110994325
2322516118
1251514742
2366629439
237303495
338877388
23046509
40215521
250555718
899408035
1091826686
550085442
2355140175
110115791
33502071
602603558
1723379473
320679176
19901366
1545641202
819168234
47872138
2389682486
40879848
2394127855
319072924
28303450
36307732
352534464
66664753
49073990
48302295
29082795
33609198
2240680102
2337771695
39722552
17867748
22608196
1039725918
588234393
183691232
1080803773
89284278
252800692
96861734
358676812
615044048
27000632
30505656
849884281
23531137
402952461
29659136
14118604
86577305
404124016
58511405
20582802
221000907
2256102213
16813552
33892809
40187767
28099901
40209152
310807988
158351997
744702211
2165288930
919160532
266111353
22049212
233511339
193554972
66433571
384786873
204029312
47301143
305455284
1382743280
31396790
1178437964
339271939
33467543
39342472
73483943
199670339
1691130469
1729801471
27062533
19659689
107762215
93818786
41785808
743060426
1076088475
322531105
244553946
18897831
33152235
1728000223
72840952
899800400
1509713220
1381262292
145970009
24441893
156582871
113147061
422571853
2184840142
1299671238
14502885
476684443
16362310
347853730
22363451
481096876
1108637306
223442298
313845197
17113249
47318453
45786456
571123006
32352556
37876601
607016620
44098080
42625724
355487870
382015878
1296216487
107354968
402644147
295876501
496989250
2168202247
276172272
18096145
45342108
46131631
57696728
39966546
607586872
24232719
18669139
159845559
37193436
71553745
395412159
21293680
39219035
59548897
62523083
37665779
135462216
44317501
317101757
101727020
20889472
29273536
26214264
34941106
115441879
47895003
30759351
1640414335
112871323
33885551
48713549
965762185
1488840763
19962261
43540635
198848582
215286052
37771931
135820177
21695947
19764533
32360844
34893859
53328253
330884833
1021935804
470160047
33988509
361774924
1364604146
77808402
333903537
38496097
34285054
63080961
1500371
30873513
24950478
487429328
392971977
20914689
1380368910
46980253
1103808170
32351643
1588030004
40869450
518313991
19744711
9695912
1673125279
238945097
95877736
21824894
58180860
32467248
982442894
22172506
40104646
145928789
38265914
280019924
818053116
358969925
22247697
40935476
61724625
6012852
1281429330
97406478
28128082
142282484
1278873020
34898791
14332159
23574285
27848098
177911444
138427093
803184186
214049275
18609590
150008022
46081160
613526259
192889718
82325555
1106186316
19256979
20195297
108417952
1169671267
38696507
522531461
36006119
1464528619
35248084
1364526210
117456179
770296968
851710866
24508944
219093490
1019443562
1198189740
1397661872
784452517
1140797437
556817505
1246093326
1313453989
146184348
66998183
520329893
14274835
20854544
250435513
35612924
126089832
863188267
234525840
458780627
887106534
42393329
521665381
267403905
14291795
520749508
473802190
43909336
876546498
37416154
319228928
209285275
717610795
835202574
356716524
249319149
314506741
572959348
394909004
31822122
24886897
159258416
382598137
183975242
468733381
436515416
464559351
406588595
223154770
379783759
31464759
29417866
24943512
32535843
35183264
42826539
240366701
349027726
354516475
304896770
206158873
252520547
41904686
14237373
17893932
242484154
169201702
114042360
25103877
307478086
276493304
19017582
38646590
270783189
210046869
31687026
54667301
110214164
116739271
227422242
39514298
161381301
39974570
69091963
28997082
21590690
14617551
14437696
34656014
21760031
45614100
26777438
20229175
28759439
38889145
32416211
194724592
90448119
245320825
91650341
36510958
28292641
236829256
53311530
14859175
77573428
54512275
62224016
38931597
253580293
45425587
71635437
254558676
136390255
242737374
208550443
19126271
39727872
18462205
39506065
88753421
209535155
193311364
19067796
30830959
29000770
33480259
78330513
81578629
20141997
193199064
47974057
31433544
31197149
25803631
42640689
16904159
21862201
42042554
39569606
224173620
29908667
15027785
17187058
16542861
17813010
15022445
17763496
132101779
92962860
31386412
20582401
52369986
16378441
231091947
42954410
15907720
26344613
42844817
23849809
95438097
53066986
36423190
45594856
80917027
195694017
227963921
27317182
27105229
30323439
32350318
39745276
226715139
42100380
141521060
19236875
20984735
38638278
62068465
29716556
20853361
113354849
14351105
75029911
74539103
41337693
21022281
46644261
76292859
34355018
99928576
122070643
106205202
34910028
163411702
30656470
7024192
104432556
16718406
31367759
35364116
31471161
33236436
14407392
14340875
14224622
29028155
45565446
31109465
20696268
221822662
20679403
33874710
22988843
16432083
142613436
58785632
42079950
