36018509
2218242171
2317558679
1262509635778592771
20882045
1495894834200158225
1473763911040176128
101527317
63262403
67013494
992162588233527296
421125838
66671142
41090452
239833417
337332303
45565446
1477706321021517826
4186118775
29685588
583924633
40935476
1136353954613399553
928958202548547584
58790928
14277722
67845970
2596016185
195073490
106479287
1311175608
30322601
2839272071
306360369
1548075236
1265047129850097664
1141418439623565312
14775670
342119611
935703301
2293442938
500624705
268773500
2290658585
397411698
244707638
192689889
1109941264336719872
30840835
34402309
1884197935
66217612
26719548
43062590
1037010780
18611983
568362036
16017859
122318779
1433381830061924353
20586070
885953994568462336
298117197
707511117417947136
861976100
31691086
387029305
2957057381
39599815
49073990
19058613
45565440
357560558
124714920
156201907
380580452
3457292777
14186437
34300228
277496292
152591353
51988258
39332307
768075144
283518919
26708613
396644355
1083105254928011266
249076776
155550336
29731324
1148894433380900864
1120651336259899395
1125352950535036928
90354449
102399414
1451318717711851522
346035066
1273766098316464131
30183766
1105414566035554304
322531105
1331552161
248436358
2863714984
860761097338589189
21868875
2264840661
616894613
250435513
454799703
119879630
970680366079053825
45179583
77808402
1179132783547035648
38923888
166280355
18427924
47979303
1057962382885031936
14360050
18897215
429775907
65579522
117922391
3258437428
45550140
913125264
200471333
210663282
804641780167770112
271045372
1005525991945621505
2186101448
163536900
84319358
19319985
1382970048579522565
20582802
54264454
777546609307639809
1432402780937986060
20392012
2265613677
26307856
58263050
299916796
605291007
112871323
1689230918
62803438
53367893
296371925
17425802
536424586
929451209341186055
20157121
1437379421032288258
608974536
2760004465
1897817706
632973000
469668671
1125479276336308225
494942196
51855541
1126007393949835264
27775847
249774386
1431548416950157312
223466827
18839704
198625434
28093898
30759351
20993044
1221144483590475778
44174373
218289925
15353365
22283852
1237006141734993921
3483302235
541011479
77722927
376207031
20229175
23759065
1429196635377184780
27688574
558884918
1314162811329802246
26982973
101538889
4846803291
1105190037908570112
17070386
62200005
1012786605994729474
171048397
87904514
455877441
374989071
81554599
14047923
495901462
1359291686
1904165299
24367552
91151183
241872388
1271692193238061056
1240350662640250882
1433774016544841730
1306400415278301186
1348249669021872128
18414649
1432689430477918216
409381717
19881538
90269599
171073559
1213112128543981570
1432240741892468738
1425571253381906434
29277321
765932636804087809
4822358643
3515220803
1230052644263223297
36321506
403259436
231711512
2725020430
243578283
31821927
333903537
612972910
20666114
14323217
21864137
34247120
1216061304445849601
889758548
785452122879983617
303031767
1288582769015218176
1958467333
1252127025533530112
30227010
180035504
4185591083
1426177259401105415
91130657
1399069041042542597
28078578
1014798200161611776
1188556611075358722
286907186
356740432
1965420942
398606542
1292390851461685255
603775254
555170718
1316368988302127104
1288026732
3075681947
849237014
289253819
3301029597
39012466
91394261
1182229140235259904
1732386876
1161332155005452288
2601602244
1205768302959759362
1269884918865297409
36774962
148319829
553607418
33986268
1273169171950505986
826519677723672581
1420264670
310111945
31356997
3988550663
388815555
915188967523446785
59064159
792120008591704064
39721232
1422339272565264389
989880380940521472
41557979
2279424897
363282607
34579307
754381372203171840
1413102857482539014
1004074898275397639
946372453735034880
1071398514389909504
272507554
81381193
112820084
516844198
1209777222321614848
624011689
1356297846
340230319
358020216
46688502
341750818
1150541465510133763
29311056
3167575715
1417790201527734273
462751333
545145403
67577128
51118661
38496097
293454038
46081160
63129578
1237298180934557697
1411298722227666948
23418810
3569810416
36142439
1157343754560397313
1414494862204936196
196914679
1315608195776352263
1288762852346560513
1338473818130690052
1073140170
1055457363883409408
76610442
792605850
2665499360
270031753
1037031822
1197601054554234880
897506834080247808
717255066
40232418
2773496200
84855413
1362663147836997644
1327235779798716416
33217838
324558849
425844959
96160878
305952592
23745898
1179332042091384833
188668983
128218535
135820177
749650460
1162505536488841221
985021364
329246770
233511339
38665554
413569328
404128466
755144809
40646171
722711599367254016
416438093
1005550525
1310569909424926721
929734745302487040
2872744630
1264209457808015360
310222442
1393926780600389632
60941854
961347709918760960
73110464
15776620
284419674
1402624881091616776
6285782
405113967
927427437587288064
28796677
269951402
2856508384
925310533
797848262
554337333
317034318
394836017
25716438
549941195
1334923094650204160
76716110
2999569138
1853963959
38841244
1394558005270679552
44875602
348451340
897767104560103424
4771777955
1035058215120261121
26313697
923300200306835456
1030145315737952256
55385513
459990436
2980929738
1392898153402228741
1300505408075960321
203675015
31492792
1290335753709522952
1390279822459420675
27113674
18461311
1878768667
1157195043364642817
1386955438139355145
1291291990701813761
485647479
378227309
743103732
110957512
600390200
1093248857784418316
1239277282524618755
4808519177
1351599969615147009
72643118
1387846842017255433
223812019
856664026327199744
603855424
26879208
1389209223737839616
171642174
1232742531621892096
2796148662
332397150
75108668
2361858901
2826065163
313547996
27967515
14941840
306364482
863073687855149056
149996791
44222407
489331480
196118505
1341331989769666561
1088870463156166656
551779334
30197800
176773900
1215149156
162647889
955474624917188608
3356693759
355759468
461105934
1148709864
21531640
110455341
30008373
2370045952
75638596
602545421
196115443
238542163
2407753855
17465186
13279202
30837875
859576393
1470487032
2439562192
1383091570975592448
74983700
80288780
32816797
1302982926230056961
1300390303300546561
3084007589
1196873391715819525
1267148354817056768
876339898176991232
1194693590578089984
1281394579414155264
1290445750065860609
954093453209718785
117055963
1190983825284837377
1363486404525912073
357427775
1154622892103086080
574636700
1833025285
134230848
1518809059
1513811304
1346193060
103097873
821110070
29680838
2216781705
332301777
1015190662860427265
19899489
62060746
471082799
402655240
45697823
1378003068432875524
416511546
1211413915906691072
48657009
2235175809
1377419625709907973
281532180
487970420
14487288
167049119
23590619
1375750633043718145
941980603431505921
1377015315461193733
2294266685
206597096
30189768
472934797
18718423
99708447
926042002847870976
1156501430179639296
164026255
799588897902784512
15479724
1363893673
33482265
1115167910
2802198908
194289644
36440078
33659846
1373724230873927689
50303955
3310530472
1350448732043681794
729044071856144385
1007425836
1358868183088836610
369379471
1442150053
786866994
27438286
1356356242063634433
138131184
360963923
498720550
38842425
1259205758220152833
1325547667204796416
2289995453
305455284
42844683
1243621045266980866
1209885566743040001
482047422
2466596618
226656465
870283295111688192
223573430
41347630
1224435325512142848
64830948
1309816658597490691
244067681
749565235858726912
426870246
838033909
140350532
907192995585327104
343302105
1073185323264471040
1264925429586165763
511738279
59731457
449892157
1300792592481873922
14279103
20796069
83831809
217060322
16040065
1109952151885963264
886201654391033857
1294327353334738944
2996731568
1085321112488210433
40852029
482062417
2416341788
249768925
193186935
597971354
563235947
14907863
59686920
851654425
512422924
49072458
304608466
908669832
425114628
948480584833216512
1296731627385688064
475024774
4471333827
96019583
2306155972
31708380
21387736
1335706644
75643273
38449766
1041276467269709824
57607319
1096619634999074817
33250655
1263131892318113792
229270836
39733409
21645552
73944729
887494837
14287243
281589495
64004084
14556289
54917900
1146005973062094848
209175084
109591967
1361348775000887297
32113690
577420517
211323037
234387750
1116747379
82564959
99347701
1238843193543864320
4894248365
485041702
1352332285673144320
43780075
1133781622485135361
277431369
24532499
22471399
45822628
186527636
1095016101233262592
11888752
28539272
62355181
751473810411577344
1187388616001163264
1235865516666806272
57592947
21830064
174139819
169201702
351000707
1316289968164286464
1085625532174295040
1205131820951625729
804508860
747811723
265581656
3373870888
19389900
1358680370200379393
28587006
1172436549318791168
2812776498
21863942
18055712
405540437
218646600
22277482
254966135
30855202
2455392525
1355129754983260162
492189880
47134193
1233565816186114048
435738404
224740201
95238065
548739265
948556376116260864
782848396461834240
102780687
857019480
981618483317366785
1198178824313331712
873668542893355008
212149324
1324033007024558090
528914721
1004441753099915265
1240827150653100044
1355069198695862273
30839840
395622170
331894794
823550358
402270411
3558171561
1728936764
125753084
98242707
49556496
1487842620
1352726215568879616
56777225
2660731851
1234568637568213000
91884098
845565068343492609
1726887331
1351459251626119168
54704749
295321475
1001097687092080641
35874316
398294487
2803352923
860129059
403989445
227363686
352534464
25380560
549244700
31499866
16804282
1024370707315216384
1083333536516636672
67560435
39210456
208228686
1064231754750484483
594002485
45136652
36960333
1157294954
1156517728766898176
2827406607
28336221
1347486283854209024
1219394320027045890
18186419
249539943
510968482
608220476
38402978
167040021
40015068
33099288
619282123
147606771
1346753419927834624
985926334374383616
14285288
1223966867930435586
520335150
390052434
373577007
1192712950278164480
886282171
368920797
325732523
127268367
315963019
369080489
236827326
60851166
605490628
593900882
59580884
234264341
31994651
88332163
1343908334597001216
1343528100735442945
945228552341000192
31898483
4887990227
1337317208087785472
851714244026544129
204277480
932229984
612458528
983337755123048448
592708614
95640962
373030787
1242811304617938944
3099409123
44325798
831156816994238465
3135899863
124425604
49720422
14301229
940876952
1315532028
64996483
132507208
916370070
1239238620613087233
31379089
546400593
381108794
2181866944
100082057
491337097
3107889622
1328361942986141696
1196461306712383490
835187418
6468422
370025586
30739972
1015731654873243649
137645763
82825318
42233416
29759248
4847963694
422026588
174418778
393263994
1570799510
28774762
871730290531737603
371204919
533274334
960446329502740480
46635562
138154628
66323459
31513972
25810793
6706182
1016326604987957248
847075831
415852109
2248081674
1328497409253642240
1247264787643404292
2929647544
795929759200976896
705365742
60896067
45890946
29928571
1278387600420679680
101834804
538071783
419197802
268733546
342732871
210941372
4098982643
80514185
24185802
328445838
21035347
211525422
18714976
94977449
107475104
88001109
399912856
1151495744672735233
33917045
85149846
2285421987
561056629
1555185668
28082879
92965412
781771268131401729
1331612044429287427
966582247
3217013621
217989224
26474538
57947720
90375766
2932581963
37237610
222550666
24027430
37220221
50792307
303750270
239414748
1324760563491155971
1154673797276065792
20672548
3075948994
16779119
21695321
955539915097460737
1222690958
28759439
820412423874220032
26591786
358732354
1313840839286808576
515428278
739884478848466944
270525535
1326441198404456449
22921649
390348359
59065675
307800081
1003737695502458880
212312734
10107052
2226136414
94851288
512332598
1091951781276540928
35562489
31372087
22700193
109665660
881980041743171584
773099576039473152
267279541
1028721876078682113
1171468995871920130
1465754400
2466446442
1320381948653654016
1053108241
819539254896365568
882556526594019328
1377302066
2162377251
746943120
182473771
1323889031449632768
734783080888729601
25551003
1218305440049778688
816917165068652544
249262359
930334254864764928
324844301
430180591
1151954555053203461
2308601929
1299415736851607553
598687339
19017103
1314484336998191105
4848320060
1290184602385108993
2723308582
29659136
135764199
851707592
1049294365645033472
4821045029
451825895
3439837403
1131618389187813376
1362544471
12648002
334727399
479026352
802855060912930816
23436442
110998155
1682968609
1265720684862492673
2343876352
1011764910
3431468901
125420403
19103
461488537
358175397
23937836
826743615875604482
1134224611015569410
454191471
378526510
1032968195777482753
528604548
473733565
28535253
1268304630720716806
537370399
122195535
1192211184445018113
29417866
1274944542999904258
1306957674794430469
2608336555
27280432
197313613
3237384219
170023589
13712
870846147669229570
26204702
1281288101718081536
527884521
4155492063
859895225514414081
1264203540
886984651922964481
238148491
846940940
17120510
267848594
18530620
796822792037629952
18557630
1278959099221344256
1464466166
516391385
1173622041112719362
14285368
78878002
4836064754
23319109
99794435
1621674679
2410945122
193047385
25133766
174873393
1303873858936737793
239484275
796105848565145600
1682952697
2805627770
270864720
26258861
1114905321724575744
3782277197
790879650482364416
551902006
13241742
1206652132042199045
446285253
1071424153440395264
1059947583026749440
256680279
833201645840367616
767992958
1225825410
1283091627104448513
28161435
366899672
375518355
92334394
50446006
31700411
2693499308
2425458465
1007545047947075584
1326716731
164203061
2265406001
1708477874
1119421249
2718593403
943820029581291520
1303016868043784192
86817568
779221488067022848
30439759
1162823989733052417
778989402366377984
1301932215350288386
87447470
250171736
464645247
238179356
1169104243
33260668
2665163007
36143835
542070097
362476203
1146875828854243330
818843509084082176
901921784177586176
48974071
33033900
1205755958
237835698
15872682
2470136607
559782377
210039481
56044169
362730653
4047322641
1265599884
604689867
56199360
1596679861
3374114717
2580785555
1092919297888976897
217217458
22251051
1290914712566337538
1177556704327811079
183770525
831377177362984960
29660732
405775140
266698643
556188088
576065826
480311883
1403553835
1033304871741612033
827799606
6468612
99348139
1297605060990468097
3107638258
378833246
2440746904
284025416
1362331039
221835555
14310021
136679286
396010685
547838242
51396153
1294662682075893762
1626858728
1127890457135124481
1338742111
1211306201671012353
1217492185710579712
1055383095438950402
349020235
1545946591
137253291
1257389194986565633
2326177498
1140276261111107585
36307732
873169381299191809
2230834413
233980905
96460530
3611114536
82483735
478906441
1228374707432456194
237622407
54952597
802843822271168512
61739138
93492974
41579993
173771856
1073262134140772352
36627732
1271541572274999296
23084212
758090167899025408
436258543
40873247
65460298
620304984
77969494
1124722333208457216
276540738
44196397
368554765
19667095
262150050
1601886788
33805522
521586628
47285504
1275880483835056128
25360288
2715434333
1274388863222525953
2954695313
602201119
14311109
257147949
968967770
3256475848
1272848158805102592
1272853590764408834
19918603
125284155
2893384960
1269380264939130880
1267770165506330634
1234537300224303115
392291731
1141466150582272003
173567057
2506171157
1949202570
14298855
925426686459547648
1591670852
140392065
2612248771
54854625
42475937
1202558058293059584
14561292
14292342
428177460
1195065782301970433
1346428878
14642495
2268946439
43567825
60668345
256661551
24613972
258323144
366058034
14561422
430087192
3094010496
957831662
873802741889609728
79748689
970467794
1185489858
705064346
1188387206559404032
1126898944267694080
1021994352
927837001
309823855
102338579
864724196
366126944
18628277
901911151025549312
91101771
776597503
320909369
986599884341080066
961911430139338752
498186158
2828842512
1238541519205916674
2926812311
27315140
1252898826140233729
437573088
434203999
24158592
31444149
2622300532
1211315855809642498
28819395
44210206
783286669453717504
53904799
520658632
33109812
214114429
1126198074
387118980
14286342
776186960
28419934
3093001579
19501332
42143633
43583994
29692369
366826890
608240952
1253807589332320263
37275216
85146182
299829753
27601663
25857259
1382215398
31687026
615283724
240367948
32868622
1904627455
234314751
221399303
1152913150611730432
1525921194
3468542895
844876405649391616
1861366753
1236936045058457600
1237662415606685696
173587074
24554142
234673244
246193149
22680070
770714441428197376
1185290496236773378
42419494
1245043927905980418
190741481
895629781512974336
35171710
3261070824
47317899
95165086
565710092
945772944
18367551
25489204
1241731346181087232
14790966
46397919
1468302512
1240932891485515776
709762913901404161
19178884
14287208
780084102280208384
414211400
1156676037385883648
68413635
276453605
248613788
842527668084133888
1176959013193420801
424529589
733302599571648513
1332896540
789643599289937920
816993776
240003465
63119470
1144902691660976128
756041997757124608
386436142
16351191
473822717
24794366
1029255676181340161
2229808803
95617258
46366799
47974057
1228239241588756481
813385664
2605255273
3116109856
58180860
1511819288
72330076
746989710531305472
758388160699269120
22012542
3095271921
926799286620241921
1218146251113365505
1346611350
166976303
1214907373481054209
122810360
276192120
3068850442
808461440
18122971
930330348579409920
14351028
1006419421244678144
2584158192
906036786811420673
1205216088016982021
2906108529
16316226
1182358025165836288
2349494639
450574310
971883633698066432
234551450
263248969
36030396
18146234
1928654744
1861214934
99328544
994000663
245141167
14360752
1200051732543418368
65587410
1111405484
277021023
89025622
303128871
167757224
42965295
959158733900218368
2836075654
877886524532109312
22159078
1192874565409689602
309126789
1186560733238255616
1630501411
616100261
30249703
1951333489
532699542
24564251
876779088802918400
14449797
483834979
1131558006766931969
176381436
141747181
522268751
2841711645
2574703070
22361715
1028563724783812608
1184099033465458690
338168409
574379858
120183536
409084047
1209715326
1058710457979166720
455736304
868469821
91068242
365635604
806963350643101696
568333276
1112764383959150592
551647462
883737404519186433
4698184195
24539363
1470607100
2308879053
932785156284350465
384825486
2792649799
135037235
30861154
234517620
53039671
30921131
710987184820625409
2770497009
36023933
126359384
77327384
722268040025477120
792135518
2412324578
2362433956
949310133091422210
1171177479085723648
977844647505653760
38282491
1209776934
547760037
858681127770443776
1157724981347913730
2841229259
25984722
19388550
116803942
3873668207
340976159
243094490
382015878
184750349
896815042628386816
852497572367413249
896184445
4874650295
395735532
24959402
1048924999678083079
1114932482602876933
1856841686
331290171
28068543
1165301903070289920
68917038
42627333
1112817896890273794
25883605
1164583964004290561
1139836531676524544
605593658
2589643260
172040187
873304134
1162451309699772417
64441038
1139599356976386050
16032272
387566525
3179715741
452960073
478026444
1160590054521212929
610371129
34058174
88357631
36757012
51016563
911184906
19085734
3125033591
1149436057433378818
301068764
820271773
88934044
355346476
1908183746
165386051
31431520
301668630
30934541
23123452
1064236103484547072
499952560
2207665960
278021411
85529693
459491139
939530500670132224
948869413314416640
21617138
394900362
2914195097
797430152976334848
112408379
1154279078473674753
2527019682
9035752
1469308008
916215618612973568
464862320
1138056003390443525
1003583730194239490
1317154446
737876050487709696
2318961447
488701527
590163099
217548444
563582975
4173956932
769167284
307940450
839644495
435836019
541612179
472119088
217520524
1208941832
78237632
391992693
1128288551655878658
105466370
79330484
1126087070538174464
14694707
15186015
498130171
2808799599
3182718009
1129236186
66664753
25061860
3157879146
177917586
968431281750016000
1108804376582336517
1106332671536295936
14309834
90358647
394830712
1103185636331347969
2784760795
3947463328
1029415540694179841
44560100
623956741
50632994
743912230375276546
18724369
24475435
26979187
168508977
2434354652
14420387
220045663
941812010899116033
1553545567
1450680715
861400639
30347777
1116896808
422628082
3042958539
4194163403
1710465048
1015288708789161984
599496968
476692736
3079733085
2880696664
4845326044
768426009465131008
58175343
18818960
838051663336329216
3304849108
34605396
750511978041470977
34972320
3221210499
80668551
3131209293
69705717
138203134
2449534405
1233763124
138134771
133798612
884402650514694148
438516978
18425625
98995029
142648302
984530767165435908
1891806212
19107588
946755042568261632
1413790861
156080170
35793144
37182603
3176516824
885444640127823873
67309300
548745678
28786884
812431372174454786
59569015
748129052880437248
34889872
4179613355
26054690
512547268
860519796
2857031329
756895303
1417780758
954411663167549440
1281656090
252499243
948688610840252416
914399134064496640
44470485
51807708
520631494
364533170
891295074746761216
112428297
25860612
147912637
27485335
877627635014217728
243145683
3282859598
20150850
913200373
301355849
1683115626
78326026
571701781
250722978
731520737220153344
580858056
787004818384625664
67299508
63107218
306426609
838815124454588418
42495946
15857285
23606104
735007174804525056
701547649019809792
788840847748005890
435655715
813854258756014080
806472261553242112
402878940
1900648794
813397858460323842
3097396955
810585577519190016
310531748
84634624
798791739565740032
29463057
105925524
75231971
720587938741035009
18029265
188017434
723468866731520000
1242517302
755460007538352128
634537522
14894302
633303672
3097251287
1227221124
3015910280
113354879
762909319142703104
41820304
21672426
728543288932847616
2369864674
938748572
611753647
27874518
137255314
723968820797444096
550114487
28545350
2412604330
377618572
252527513
1245696955
732085535666212865
44442613
729081905732329476
900178939
24441301
219104432
340549419
271538326
347513252
773294197
254236003
20191034
38439143
31109467
194728517
214514159
2826681854
45144731
3971247742
456952793
710105312825614336
29716556
17867888
2851279402
187933231
2815661442
138890465
1561808412
703895878013161473
2484236408
453973328
4808031586
28155008
2872701496
31367759
37165324
24913773
4891935562
221000907
126089832
498983659
352408058
17066475
625913
390301340
58228836
3888929553
403646524
394703069
42981470
75742264
261259816
4703043256
4571494167
16668912
74401155
1208771636
29746915
501171764
3412460583
28694069
4287453639
288181499
276861149
833391229
4274931916
2201942391
1174486392
2214558101
3345330291
289571852
1394118853
1272109884
2782321711
4099469913
901979438
29416057
198797029
4061060465
1958732592
262351826
16344620
71526098
3978616251
2296352710
1106154284
112472551
2916305152
1150716061
3770203821
59285702
48452487
252609089
78558201
411467840
898143270
214908497
1683949898
349872308
138140150
219093490
2646422656
116784503
2181350195
15673229
554409511
40842941
898026139
464750378
25729216
163145068
33954545
2537978100
36055778
40505648
344327156
207474521
2830349344
13261352
28338371
2591327856
72277469
21857414
82393302
407200362
14417779
18377085
101056701
3413172718
3548715735
507541495
2379405302
261367858
104914152
45919516
373298847
18716146
431042106
46384158
257379193
2790262849
274033171
24746466
184205574
1691130469
27858643
1470723050
3170639242
453024279
607211007
3403299357
25336045
26344613
38696507
14407392
2633018244
3389986961
1875878606
3233964449
130241363
47606328
3344349220
2822367942
55203329
2590058264
3122006626
2724543123
3050633977
3310072072
469720807
244225925
2156965750
3307063912
140878985
351451899
1158038419
268982264
413817905
181692935
19337505
3176081885
3111076468
2217999593
3115828558
442916427
2870490614
3031249050
30739418
1258017566
1551459979
3093079390
3088499916
36775945
276948853
2398597992
19077517
471425301
3043601734
1646076468
862125384
45594856
194724592
16362310
1462976336
333988810
940056397
241636550
2797857688
575311649
96010420
474186142
245761094
11835452
999240134
608493635
264486867
306335068
25482639
37387091
25301665
2870757669
1227661518
740914447
490650354
104827309
2788607889
500753985
851734532
1195765214
2795928873
372735335
2772498981
64777319
398801868
531201617
2764297421
873200750
1425250626
2736398236
82072534
85158691
142326694
7125512
175852362
2572793480
2702696422
155654120
100181495
21230104
108411968
30505656
2418978379
2590055054
2647810559
1872344700
2352498509
132475328
305648891
193611372
20938464
112257491
24943512
2369245121
1962538243
2569868458
1666011540
126256491
37928643
98944763
361774924
477923742
34573200
54884531
559306887
109664014
253990013
2306042956
1901046649
365964778
2423500972
165485532
2401294028
66601062
36018369
238308510
51323199
411776651
21931773
18868070
355129079
33560195
2345094797
78874906
2341253739
1603930832
82683712
1934108610
1384406011
1479288002
2279941701
1673125279
2257842129
355194903
21537443
80236131
388719277
609414457
850749608
420910348
155907359
38139034
156455133
15643631
221476163
456587892
25103877
100043287
1968443868
29715510
46612326
372982089
16745360
28584427
1550183576
440209308
340515744
155947599
517749787
1691798940
340473383
283543285
1516480104
135200068
1655921341
40869450
1632323064
1618621716
149955780
1316676050
426486458
378729002
34859489
115488878
64995313
1524141276
586671909
243087788
38631842
179484918
1525406113
237566213
18797981
31806564
954462930
18725283
307456888
397943559
22012466
238615786
19744711
42843759
1460642443
9695912
36705949
1436846612
356069702
108378133
631191258
68529875
38265914
273837244
22172506
157085872
1039725918
227241501
487573904
1397661872
1388978040
159487734
600339457
1279871724
55061116
318977179
30494954
14284837
1374392004
47601462
1371935064
1357499828
552531848
818053116
190194315
39974570
76746844
365599404
1269317226
1158565782
60260237
340393654
241030270
16718406
39850889
18773541
48536494
311626781
1339864664
223457359
3532411
905595618
323897337
275686656
1324426416
25821865
26710373
593137995
47134635
37620087
1283065658
573625441
964266828
629155400
66998183
22415635
1005990247
1176542090
782934
539019138
1222832911
391069498
60889124
135173461
31189481
1198189740
1180305138
1074135416
1166829439
1007279654
1060352586
192889718
981223466
1118849732
1109098232
1032862448
45614100
222324955
154588112
793865526
18767216
978286423
488584741
17096233
760928006
400313120
14906581
53118513
408444085
496420805
464559351
819330024
387677880
477900781
737075138
30627598
210046869
946234831
560474859
381159574
287302106
92492339
286750097
919232666
830650993
340407419
215303159
422611664
93595608
398916864
30867303
21417088
201499192
104777995
413528095
28192865
589158587
343965728
48428880
897767959
410612386
552803044
328845868
572123288
855346620
863188267
370103895
870023551
19188289
196982811
10141402
202727065
358969925
418789278
757502288
50389557
122072320
20233660
732891373
744884196
714901412
406921372
606448747
318422208
135606266
118857835
461388002
585807882
617168640
26018502
66737250
17867748
40727926
61250638
594880529
36172605
30941476
574530642
531287475
30187142
110244016
411847231
436882575
53845657
60891099
539390737
390115172
130544240
553717026
354441345
419767551
576675658
43521289
25901577
66685540
42851485
33173363
15352640
233911965
570781063
14159875
149046826
56783320
565319977
36061408
124149022
546328229
17776634
547145561
516671992
371400280
395209972
388445581
556237896
69361035
320829399
539379222
159845559
133082411
529472395
35248084
347274313
452932725
274431757
292944326
106769293
30714133
300885842
533259165
275528788
519352025
529261960
531360171
289437437
525847459
41989543
132506283
14691953
36189150
365484281
524456280
40104646
16087575
34788980
440849789
57696728
221914674
21689226
20044495
319228928
473263633
82096934
36179458
393001171
427537521
51223521
14274835
487429328
486520888
234881454
483894276
436515416
483923486
283462239
139711581
14131410
244553946
35612924
30077419
28128082
108635303
14542929
29414682
353664792
199063997
155976053
202352940
18760790
14353621
28330830
238945097
287624563
356731161
85458166
74418848
214049275
354516475
14291795
184485805
446388595
338651001
21293680
72343441
28997082
435046409
107516611
33609198
417704951
31090806
59548897
29697649
33888817
33988509
272131753
35880536
406584504
191066432
64148350
388474833
282229433
165940771
134819913
20270952
23476352
38646590
92468637
163978389
325492568
378188972
360023817
388150853
252512857
260308246
90267622
378876132
386141583
34673750
26200047
232623507
32397331
276062334
83629216
73369604
16904159
21087831
23849809
30311534
340433481
33047854
48989928
238610479
241686118
29000770
19233357
370130139
268272104
314635115
84538257
21588799
346720813
19962261
363524561
27603445
24897827
336113971
150167715
181476245
356751901
80305201
37631582
168893318
14112682
346023707
227835747
273094818
347881921
10058212
19965881
51103171
346513207
34229862
17813010
31386412
51844948
26229790
25144335
20853361
28305009
239110217
317991276
332847359
142475608
101533139
306777752
219593416
297898634
17183233
20854544
21227658
27834369
34299686
30952976
308553492
38693061
27207896
18043746
19813523
20868447
20238626
21022281
201633096
78093564
17187058
79990120
296201860
22493307
29495546
38260259
34672923
21864336
83917825
70372722
215944848
41185194
227294412
38638278
25803631
19147731
37416154
124477890
256504306
35183264
222867271
28822089
26470805
195711488
286175588
33988005
88724474
63115140
264988640
196749708
284531672
68169582
42136556
19762987
19237012
21776475
22895438
22521284
139848283
20329693
199649742
258026952
136542096
161381301
193333987
7723532
45806348
28110788
16432083
36041901
128167392
36015085
44850238
217389990
250832485
35498774
221456554
28103763
34922204
106714708
41896037
82359917
195694017
72112212
28571625
25966747
56237214
14389922
86819049
26564673
14552909
21017854
97210423
130650688
19117213
72870819
39966546
168662544
221174297
72577480
74550241
136403559
30744205
39471579
216634872
244983461
222209875
54936850
54636281
119906002
68738139
34941106
62266883
23434430
35587592
89700115
37174426
20144046
20667905
18761632
47423946
17183306
36027595
22613875
6639792
18609590
18213346
17673981
21082438
17958927
20329355
19337187
6134242
42213583
44577324
36025548
17650380
49674652
76047698
30917680
46535220
122159467
17471820
237895680
28092347
34863049
19764533
7724452
216639000
177885644
90610284
64470512
21574473
75130201
48709777
36028993
42741077
25264859
42844817
20555875
25255918
27912314
86025796
230547000
36635372
13768302
20701231
22511075
14273490
22612223
21861363
18886395
14487318
23442357
15017575
41325390
19762390
46646863
53169615
21525504
48815812
39581053
96869759
86154361
38730168
14332177
35789212
61481011
14125317
18834399
31518766
17387748
45869298
36099106
19704794
11519162
11518832
21440126
14286387
20611702
86180543
46408319
46409990
31111153
17685876
20329566
20642087
26105248
37194823
