2346621292
2398597992
47448389
2166618921
325470794
2857114647
510241027
2828515516
38693061
2833807601
2833637878
407029202
23050496
545498511
2303477106
25336045
2696696082
356742723
35067421
21410757
2792886741
397943559
271321132
24693882
353236993
85085159
51484603
2413942142
2502315821
858736418
2502465766
1245921590
64385966
2723552947
826960248
1962460590
501080386
35722768
32361218
2378520908
155829790
14237373
14332159
106682777
63462230
1264014362
15857285
20144046
14349636
34599188
39695456
18292862
33497800
19646280
75060420
295557175
33467543
26719548
42843759
189051125
17650380
76292859
18627984
2415920848
588234393
1190182783
2230541959
21942750
22920732
16718406
20611702
37174426
224156880
30268307
59180070
32657414
14687587
20425675
36067300
267403905
116732090
14114267
122072320
10451602
33236436
46081160
34941106
18609590
18213346
45594856
381502681
62810045
101873636
33443916
136184787
17220934
1023897120
21906057
1330457336
1339835893
56672488
114037325
23798120
1091642166
1855732260
466451275
29425679
2228333039
1329274597
38679652
19734035
239561620
269263554
19179740
154456153
37876601
851696592
58769618
892818787
888799832
63693385
2204480663
34898791
26850290
780075728
454191471
35162704
818876014390603776
1093090866
19337187
19068089
19496771
46641481
23641557
28305913
34228196
361434073
385365440
447459255
485879367
22601784
606190472
45374228
206132198
502801241
1362187238
1185036859
92049241
2359347586
1971544902
27526395
17616430
29428864
25051303
18938530
19341563
62569436
66485074
22834808
19975445
19241520
29716556
26720210
26248712
27714427
3801501
52011246
34740114
16921761
17960141
813286
23747876
114830148
46076684
36616169
182852575
149253205
110244016
125930580
246816735
158351997
46841914
71029886
196078867
36373652
228805938
42198971
74217252
71543266
198809288
20441820
516653023
599279253
117790910
545107731
534337093
29471954
532526473
488451207
821607619
233562722
785296753
517946726
843476762
305642167
303453059
1133598816
424264424
1347617761
1313453989
1178437964
483432002
467482777
561073117
1969116079
1514349330
454691156
533552084
1534655556
2381900504
1328963744
62328563
893090246
31985912
214049275
317034318
14712588
196802368
42844817
122195535
23189168
514845434
35888541
36320315
351650159
310440934
20301193
454232244
37390830
2428687678
56511759
462337913
384770994
452091519
26974318
259823469
41112318
61868624
33217838
22014140
279131939
469629417
465700933
135786521
191867394
180105135
197655763
196749708
36113599
30311534
24553627
112428297
1550720742
196409507
19119226
62266883
390856590
22415635
491519829
48713549
481399170
28160325
210463171
21078664
33885551
211129938
873777366
21391879
36028993
14340921
36389224
46888173
44633157
36107577
14340875
756881286
18955891
22475991
32844394
14291575
17410350
421125838
217404729
20142758
377965251
29792081
17813010
34672923
14997025
43525582
20667905
196999109
14985736
44423487
32660698
28101138
2271764906
374387515
473914976
221674336
29435492
27021630
24687109
14287018
42920657
112813136
21155271
323902824
197085820
851421218
27501700
29908667
19078925
2264840661
27716729
586346119
18760790
50604877
41337693
130267435
247488242
297408430
176342453
575252095
61724625
37677256
21905404
32647633
92278397
605807186
25144335
70616293
66217612
462332236
21746816
34285054
1157965518
16542861
20586070
18461311
32535843
21695947
27501524
134425466
18716146
18455138
266081789
808386320
423784667
6592852
1322169571
30759351
6145432
1391453264
340415749
140967340
1204838809
304434170
128584951
92379366
786683443
581806449
1432735376
819430442
266068156
199767329
19077517
27207896
118663223
497991107
378059510
398658777
2404437771
16432083
188492803
895021435
21883718
102635870
773170507
801323118
491646903
52676786
632165452
55496543
124427238
17038109
24531620
219758949
319216129
14365312
31210522
29343098
16557956
524292954
43874688
45292725
396645505
422542949
174943749
14824752
33464295
23849809
2212944565
34342871
739052340
394216440
65753684
18669139
844342957
517410637
493423591
124174002
61319365
36234926
513505501
23084212
407634764
486034697
20585062
29406632
20796069
250255836
921980875
1103808170
1356807554
24544566
25313658
19529605
90264586
22975747
151172456
21756705
18079528
77321736
1395530712
491192911
14205900
2335846132
