37665086
920783642
845043991968174080
34893859
3225441058
828773456
20696268
380932103
50079902
221812405
21864710
48154045
1302150288132968448
912746546
624913111
4349609841
494955455
1374546126
520266902
317101757
347792540
1080552605854638081
26458162
38150247
30439759
1426394996807241728
60826646
13298072
44196397
49935296
87551769
1291291990701813761
42827637
14304692
599541873
374176832
1412280144614547457
1346506400252518400
471709113
1179090530300518405
1350439382
3439128682
1083747621485887488
95482576
14286342
125982839
1349154719386775552
1349149096909668363
17494010
33537967
821784477076750338
1323730225067339784
2428687678
30257547
803694179079458816
187855395
285282053
166739404
3459051
1006419421244678144
138203134
30354991
356766431
22141866
612972910
2181866944
331184960
62060746
19261863
252468595
250884927
19834403
23067843
869956405645717504
76746844
1241402697221386240
142213666
1941185760
1175016485703618566
1119837845907177472
35806355
61734492
3536107937
1706528556
1029415540694179841
2477031240
932603165781962753
3426210274
1082674824114290688
125960653
21833728
4155492063
18554686
18818960
217404729
941812010899116033
1413790861
19107588
733029904565080064
105765992
226222147
338557070
784407217760006148
46348104
1030454876931801088
85774291
45321236
20793816
783214
10228272
360168342
722793491059769344
2461810448
73238146
62524886
1088806730165825537
31821927
15015340
874581773430272000
49068924
241959982
729474538518384640
20240015
1357561580
484727990
3130976345
1049634970526978050
46207429
906294173199937536
832695752476405760
795298542323716097
1051254429473808385
5987012
165391600
30352096
19647809
105140705
351482318
28361716
1432311829
2336517544
148268296
231770396
910875612612583424
30840226
85822252
157907219
19705628
18330543
1702830144
106435867
37928643
589338754
765779887219179521
381446233
216502965
1026080887
146619371
201638879
18896828
107019200
76304890
4744197497
867997340
19496771
510223355
27914274
122078343
68400371
330178251
3148330871
2695721295
18761673
372142346
886514941
277496292
61735082
38135837
817503786856054784
32570563
420264272
1448916583
4633850189
515684979
3429865683
20679622
322531105
405428469
1281349465
1037031822
254944386
2185062985
593900882
354821938
1391978689
208019751
1005836151519891457
127871320
1243700827
2926993218
50952829
109315305
463710793
54917900
34402309
2456350303
42847427
2410945122
30927768
60896067
37416154
59569015
89820928
93069110
267856525
74286565
19380829
2425151
615968086
1305778674
2265718090
350813063
33171890
21643721
565418442
393904653
386043270
42011088
28334899
580740355
156398977
961184969812008962
24509011
337332303
833800521601445890
14420376
756895303
417796510
18979562
3089095589
319147226
18838766
295585853
321522177
4783626555
18772273
124265424
102963465
108265251
28865987
3315015587
940876952
885981547421204481
1976143068
14547495
361126944
927892320971878400
622914337
973846258598236161
750511978041470977
426533630
28075577
377302545
3020331495
16904159
2440746904
1693860668
839082941036789760
75974281
79293791
27042513
133880286
62290422
50374439
52551600
19140661
858496435
1328538222
245293080
938106132148649984
2825914322
860252715531849728
18425625
199670339
43296812
108705070
19914894
268254451
89165429
168986242
1208771636
81801121
999240134
19917840
2515387286
510280981
4876107863
815188041308446721
79438299
3295803586
1498907990
54689544
34223270
228005950
3091250139
3061927799
1055602146
3133141222
470315798
108856784
77156888
3247544974
3288720346
1089932388
98608805
2644470826
1550749266
3437642525
1185154880
76297792
3537807256
171481634
2508108198
2811396930
1134228492
2420558392
256442795
533552084
3305430418
53335272
3955984043
3045067516
347898710
1331384604
720536501642268672
723060761522638848
199604190
759022670335897600
237260418
1971165066
133738109
2923220398
285458354
2299444174
798213112621109249
68978345
29682466
1219891364
1035593226
840918154746437632
704154210129018880
791335158221799424
145393051
2243587407
859868997684277249
868837876540243969
881929190995578880
96349996
192689889
819161837618991104
909896628156469249
306095145
461105934
912623448039608320
913481217684725761
910030727638593536
915500188093083648
94537415
277374238
915124547996839936
938071058351034368
946823185269444608
76891850
37020771
163424424
401613697
29440550
19962261
28726577
249222350
23062843
163433596
39725842
1384448286
28145721
5119381
30974447
82067621
26249582
363352400
116449407
2745382714
18601762
2391609793
1305336720
1068382032
356095156
1338591570
90855234
153374624
208053246
3026568364
48680565
202741167
29692128
453338587
586291040
17230800
1478328960
202175362
841247130803138560
93247303
195802870
820018290
2560618001
20366788
123504602
27021630
21423985
26594013
844268114393153537
354836354
100056658
14330330
367201390
56125230
24693882
346035066
19386796
38648525
287583301
877636300265881600
468912560
28161435
4179613355
54614824
3438394485
33892809
1048734506
19909515
35765463
14417779
840198864665772032
34972320
222867271
19147731
4216927337
349872308
1243374858
2611902877
19397785
409486555
206452431
307456888
278925644
28535253
137253291
78237632
812431372174454786
610405401
471672239
516773751
54003579
467482777
19352552
537370399
31210522
72797562
1391453264
252509500
1490541247
2396130890
1279871724
125597708
2751551987
3897682997
2789399330
2293272063
838111239750447104
2953299622
207983525
2710258530
51200901
25171315
2360986863
224946141
872396719589400576
15223359
269951402
631186337
193116688
147512019
453030125
98853413
966113328
16153562
85289376
556735092
1187593033
528775907
104501205
3687322943
19867810
1464466166
3406944178
2939356893
32612852
21148293
15485441
15846407
103549013
932723172
624045559
50134916
742317982030934016
516576138
620419148
1147681724
825671224978178048
62513246
146145613
185598379
711236522
844954464616353794
1352068530
430180591
33852061
818053116
24943512
428910745
739364313475977216
3332407131
778336197018091520
4009247249
273660191
1417914529
177911444
280019924
126089832
138427093
30249703
2256102213
1547482063
26201346
584831220
30884771
68665783
836280884676411392
836263036843343872
2960348032
2873711309
491646903
49623591
582673525
14293310
14511951
587241476
21883718
755739804109770752
819568089184530432
3652233677
228482831
217478400
413804411
15644592
14224622
52785255
198648935
153455906
2900546859
20140230
2898519772
364377121
1375075806
53367893
38842425
859518872
44344421
1875018320
140386534
218884515
74703373
730334082
29303433
47319350
34246846
1329038221
9695912
1076088475
951333086
3467468237
273698154
1207665110
3684629956
3207380837
41312208
4717575922
877944056
4765522161
2361113993
3071929954
2997736287
38011784
2443452229
709294430193381376
3187381696
2857114647
755428846539767809
54868753
41833054
774998901917179904
58733138
785544488169111552
796055740041560065
800280270058319874
43963249
172858784
357606935
970207298
14377605
325830217
790296008
793767566854553600
1542667759
44877359
4804448313
197167810
41384441
465042501
3246671657
38169186
15007149
1536791610
29442313
216776631
1330457336
1339835893
763629905603100672
934150158
19332451
58477132
2404437771
1415292331
25801787
727534384883077120
718037690281799681
1274553907
2432009508
752969589886218240
409565957
758234468247343105
35198153
723431759807832064
218063694
31123993
347301316
707519255093321728
26215133
1893344941
252800692
254223352
18387289
1428281953
26141383
519707372
117461300
2496766502
733590045521813505
722132592754077696
1630097102
3134791149
498252033
3334339865
408598612
2329930499
142613436
475069106
718039685638066176
194532313
312907732
305496121
706142147054051328
934591746
178920668
712241609161764864
1126198074
276565825
374402229
2991879411
249639403
31898483
2286980393
398856226
1887063715
1669948656
32891924
4141040326
191429904
257160534
129757809
707560413601394688
1071915895
19708641
486838551
19018191
48333044
3368234146
4815580065
31671750
1364526210
4885557448
102976177
40714381
41636619
1706937212
1669736581
4846699906
462175720
840386305
40869450
577036118
1934416759
793890254
2944567881
19246061
20666013
14797716
7755862
3116109856
28076994
2872234588
109591967
117188759
1248411960
193848886
634103583
23568768
1864857475
74791219
2303686894
17870332
1206137136
33172836
2841754995
3367350142
223786083
3428732945
389610972
148112377
45411556
234760699
2308295399
2275356317
4114844583
40513258
47317899
374473407
69835350
23499901
960027342
4382868867
217801435
31418841
1154846822
849265614
3613145608
4322166857
2345023467
1966903339
2468198215
2271932435
2810731666
2525860358
2246980766
1855732260
4185944362
4228977520
383733023
20700289
2148956842
70372722
56787463
873200750
462245762
4171921041
2801247624
3131750351
4228951284
3897524902
3806915314
3402786209
3328604457
1391504587
213042015
1037760452
1005931044
285008517
2748877985
2526633620
153005612
194062241
121810227
33459600
1148709864
3367608383
33192221
74677398
1233763124
3211235080
3074553622
3429746482
3410122983
1024608451
407634764
1107372186
72814742
136184787
49627168
561914359
2474091721
86154361
20431436
43062590
402655240
1163973655
69273072
210807672
22047351
113021465
1001254195
342052637
1690375392
2731206984
464208949
329279088
459621104
3349969505
66693790
344255725
542059826
206208318
518325640
2650747847
515057552
542801995
27062533
30840835
29226551
82939891
1959103621
1026308156
84709356
251523398
743060426
19340799
3296831806
230457924
2321715557
34231784
25108602
3255739215
3227874557
2733084339
324081252
28084565
39026205
424197197
23338496
64489186
3164137415
2985854230
194240073
3162705705
3162696545
1347756012
453831934
2219254012
3129856853
350390986
2812762495
3110648746
3108613005
511789725
22660254
21197307
2706616051
3092828015
2260287905
1146141373
285736521
400839049
92725349
370583315
471837649
3085006624
1722670962
130884143
270861170
3108351
66987835
1073164934
125065949
19646280
382593384
390115172
454191471
21393069
605807186
1502686501
19532745
355702635
376147835
347849896
176347104
32398376
44854612
2958677033
1917172627
30973707
2993973969
27828996
603775254
2893676032
385513728
28953356
2480707737
930456918
29146966
410038024
21579466
20702279
251524687
79145543
38021678
69032746
70385068
18814998
2267523598
188855653
306688987
848000336
56511759
23580389
45678606
18689293
2196117435
1256945389
1294180303
38170986
122389303
568291444
1510361372
2326974966
882091520
2393664785
606190472
72980163
76883946
2411986947
2431688411
109978400
91804842
331799590
123847169
585652470
1327476901
1343955192
2478050641
216697791
2543226111
36464330
584696763
283007710
2510800130
567235158
463361089
2562960687
414264502
2550788876
2571649316
2571727878
68357163
350786174
2664719747
31385377
319702753
947567384
453021964
2697673232
2711552720
2256388107
2358756994
2580232429
2739839998
50811356
2784109980
115391375
2769354876
594891391
2436034453
2697508813
2828515516
2308085260
372456377
2874129025
2248373565
261848659
25602865
72954874
2892265173
2892647931
2861342350
469266163
2901992926
231854502
169045766
2359157224
59180070
224156880
310440934
454232244
196409507
18461311
317034318
32397331
21110655
61781260
2915909049
1907840868
2558685318
304543204
2873846015
32016073
805301462
28973543
241490028
17187058
42207894
23084212
195774751
65804220
58228836
792605850
516242512
307821261
103555738
811677463
347787421
355756622
1036776163
75033041
271902015
1647329940
585896820
218517052
2371893515
1115360708
2833807601
458451553
2812822819
17989911
456966162
1389229100
2637258154
1089927732
400060778
17572399
26344613
38696507
14407392
1336903502
17691530
18717184
17675609
117859085
198502068
72116210
404165469
53876028
208529499
131251062
217351039
30284835
18982509
112503796
629155400
954462930
2565241680
44863614
339532308
919354350
487490783
311974150
342757131
1682925277
2456566951
2319724689
68741204
39456398
410276467
38840072
514591995
229255822
621000336
1161061802
2335846132
214918055
181145860
57026218
355437937
1318969658
54868543
235338010
1514200855
606448747
42198971
19764975
431704893
277482902
555875130
868404072
17756047
791295241
2180126766
818837224003289088
19287037
24150634
157981564
169426475
196994616
376819013
17675072
36434474
330544213
582663428
219463667
1389057204
51484603
1338522338
1432993051
1531615836
46875416
19642213
40209152
22757839
92278397
126323872
21670830
470512463
2367463763
337353018
1524490177
1093090866
9624742
30313925
50393960
223432784
42507551
40503719
719698015
2293082260
260763830
1157993916
196171644
2151189468
2256969177
37678196
1901046649
309004251
997843778
35426997
2433412088
570257278
112436228
2431640408
34656014
26073581
19701803
354516475
249272921
415866479
883941420
17973604
899730194
2428650736
114037325
635277199
470346198
2228333039
317050298
264105257
477217653
111298157
56341511
34559946
383226690
261837414
123669991
19648683
804597968
19179740
20165293
45565446
45810524
18016543
25365007
76588499
22011813
408511415
20432556
28310757
74128420
432598512
341062077
17650380
24167894
617430060
404981052
124174002
260308246
28692401
1482119364
92742473
51900256
581806449
631265656
199286109
21846143
93879508
45818077
154456153
451815451
396618124
135462216
29928571
47976282
22834808
106428909
307776899
756881286
18938530
34228196
280925842
18335499
78330513
34575407
632165452
50604877
32344564
14395000
81578629
22604909
14277722
103938283
851720174
31687026
20853361
1510452512
322803264
19256979
56377143
38282491
42843759
385130568
607790530
1248306882
1326123536
1356807554
36234926
1395530712
1469307469
2264840661
19900973
16717501
1831826072
181662928
94125752
1004882796
65142510
1462945333
1875196105
155146357
561129859
2217103024
2286150154
87507839
306246650
485502275
2176309548
29028389
90534982
873304134
573535964
439007766
1157965518
843962900
1713637440
45526406
870522505
2271764906
368975894
18669139
1691130469
34859489
219758949
14379246
18462205
391550846
20976857
21864336
65306306
55204617
19237012
28110788
759251
807095
5988062
612473
742143
5402612
266991549
15764644
62442994
9855382
7402662
36042554
490126636
29471954
26719548
17685876
34599188
37665779
20329566
221064860
81837587
20238626
18627984
33443916
72292202
20144046
16718406
17509243
68942913
54869011
532576506
128220859
116732090
137101867
28533825
37174426
47606328
1091642166
23236043
1698834463
886561375
20611702
313845197
47423946
60891099
101758086
75060420
27317182
82325555
418152332
96861734
34696385
126307605
224240042
2233727015
1849062967
470112358
1428946586
208507477
351869195
60153508
862893026
1878447194
112666537
63080961
5646582
2228363243
707927607
57932072
32526649
37443725
838545979
869623386
1460627353
57592947
28658940
66204249
404354070
369395471
140423271
74143933
63132954
92253146
35462739
529320577
402211975
1241271384
35246361
146580117
127794184
33307967
23077541
306713113
74217252
20223894
43525582
19077517
22613875
59548897
31499866
49570820
74418848
36059230
18334306
132183701
352534464
223194178
533113167
81112551
386104689
1209772700
280661221
832999183
33585774
18377085
2191366282
31109465
24707400
355730350
1962514562
32647633
23747876
52457173
1379115673
1200697603
19085734
18725283
1315206667
19764533
368362313
17563414
843740000
965197754
1350232856
527914007
36038368
113087150
1249701835
509172472
474833009
1552766556
31837410
464175890
27317711
465770552
20001209
480253925
270364084
956388212
36624824
345380001
128937895
287829637
778601281
251255180
1505862542
503389550
483255933
1548786721
1550720742
209682903
361740245
26719515
294556162
21286904
1103808170
465369432
34015717
1190182783
248796487
25660561
136187846
890557050
82825318
221496974
1361664696
531523808
26763759
311899610
41473391
266505086
241073459
14259655
186423716
601279686
1432735376
31070011
54873729
20880169
47453114
1407062461
24157592
21895134
377262278
28818351
38260259
89172908
25295208
19977718
221822662
76292859
64366720
19975445
55496543
27844742
22028192
20934285
14114267
36378384
33483219
31085474
14283877
351432408
164685236
47564626
61319365
358662721
294073504
29435492
1359969757
1359017606
221000907
1348717693
563732826
1007279654
265117224
251261899
26837025
28202458
275686656
490650354
28309209
117455117
322223957
599901697
746003702
270779278
32361218
1313453989
50675382
197465571
14214281
337299890
90848755
17113249
34888013
1175238181
423470022
12626962
1084640388
778391401
70622590
1285729328
41816215
561214543
51998462
271606257
34229862
23438083
29343098
21155271
122195535
16388996
351650159
1178437964
757303975
500704345
339055436
122072320
40114528
373000572
17410350
21746816
15848266
447321101
404704096
534337093
134484552
634775461
141917008
1204838809
370635429
890481727
588234393
1257510800
304434170
1145788860
151172456
206798919
77321736
486034697
895021435
374387515
305570912
130790218
193611372
58061525
72245600
219768304
411847231
853065212
34342871
222818835
26470805
25498771
19901715
266747070
221674336
27716729
373890791
27068569
46746424
39052549
14118604
154045657
28141471
1212947088
23189168
1139453720
609414457
485165730
45919516
46099447
31963968
953417047
92606323
531009203
18971430
31421204
702514656
262071350
185293003
199767329
487362197
353803829
1073140170
216321863
72504988
24533962
48342868
1163436944
1114157726
57333511
80124668
65022843
192548349
941247872
231118152
24523390
14584834
1011190292
516407266
307844951
351766493
462338468
407029202
351865964
31498215
19297030
22956419
54479468
62638331
773879119
770292660
829493760
897582175
192991385
134425466
169743686
873777366
575252095
57653188
106682777
65589220
477001149
921980875
517410637
250255836
983436464
57283507
68026155
36107577
36389224
531147750
28957526
36179458
501233130
53197280
19183305
197358134
517953828
28822089
27082826
19758217
28309911
30268314
375728842
1068011426
295557175
1106210244
19078925
223608608
29792081
40340459
26720210
22975747
200097586
243251250
19762987
142699672
340410642
25680365
1079581004
45221306
59580884
101873636
62806811
124427238
107414992
319216129
135917823
26527817
46081160
52169203
1034562774
18714976
65313321
27260086
18988667
20182089
238945097
246177161
29000770
1023897120
85368208
291630537
266906865
95238065
33502071
242491033
20762666
425708396
198549401
171438889
64385966
38693061
30873513
172896557
53475651
939235765
247185936
434791328
596639349
28611776
292308910
56476569
377965251
22300646
851709559
29659136
574447897
31526298
519786521
747455791
81327291
89796448
358098874
45907718
44855475
484750980
413012476
31372873
573643334
112714402
103792291
84308429
214214086
491519829
62559134
45374228
851421218
325470794
823060357
889671126
393497577
833539568
23755856
138174242
89749480
20513866
7087422
31985912
28303450
37904694
87655238
14763346
381502681
19236875
21022281
14284816
82331901
399766950
421135307
176381744
424521701
78840788
447195837
472395321
405075412
68981621
66785999
53339104
193207281
407167383
472481706
190754087
423416866
452896048
577472022
579279962
240341558
464621111
191484247
525982660
346668321
295274758
801323118
18162596
166228103
312022582
472017136
813403256
827068044
343983889
858618398
33190359
472763674
42690697
37448176
764124031
420280593
14420387
30981678
163443340
263148226
112813136
773170507
23986190
516671992
473914976
214049275
196999109
196749708
33236436
44633157
19529605
110244016
36015085
63262403
23320712
65753684
26850290
21607678
33464295
245511607
18761782
485569240
21245040
36041901
20195297
72285083
278664682
855137917
863188267
843488641
85560450
780421208
235476412
117834105
69899519
109859732
329144374
246559875
265411104
307819903
347144137
42920657
32844394
397411698
36320315
6012852
44333057
14296042
266111353
23641557
14997025
42955578
494417962
38632472
19450673
27405283
78099370
23574416
270893167
67707084
17741383
112428297
217604962
287593539
197383762
586346119
31923844
467281169
141233637
385884408
395782230
279227035
144565134
612454647
19706987
574533714
358382685
88713350
436515416
87810246
343571176
318271193
18020127
366113519
53373138
24661842
35444091
38882731
352230918
32352209
87815830
939091
424264424
55699126
222877666
40935476
23937836
53949942
19234278
18633093
535661060
33235771
160894995
22363451
410612386
61450363
40529709
174943749
35434494
32478390
187555217
21078664
561073117
564354056
598376398
18549724
308094016
436906897
28311175
14286624
121704404
364140259
495004140
554688849
196802368
357686363
14285605
35248084
65447476
27829732
273638217
66737250
501080386
37876601
453973473
308029134
495322344
23185890
78307926
31737709
535358160
33208145
20839964
39576434
452091519
212361837
60084776
38828305
33290241
385406348
22920732
229080013
501833776
466268040
516653023
390708088
524292954
92717199
220721993
267103358
276206088
88508809
19949760
34569505
458460603
485879367
342721685
491192911
492452022
493423591
489509978
21756705
234025728
495880954
138515707
96090926
505714971
31077787
28071794
142282484
279131939
247947189
35888541
27714427
210463171
353221849
10451602
240812602
146422421
27501524
236108456
153391909
85085159
25416669
78539685
22622189
66217612
30077419
465565280
465805621
465057285
55371235
467314762
206414062
21863942
27730472
220772200
38432365
466451275
455709392
423784667
116833304
52676786
79448511
31343887
267403905
222492561
54203492
417975405
85666077
38730168
48713549
33467543
353664792
291291580
14698968
184485805
89158410
167722931
390856590
43866860
247488242
35552419
85853194
453932564
37390830
38229056
19556426
32657414
421072118
107421802
101209815
423668406
421125838
148377611
32351939
55208684
186373810
448127207
81605238
256504306
102616697
217217458
211129938
18016823
32866277
29447307
246816735
304881111
77159004
216357534
26616538
169201702
28148610
188256896
6145432
138376196
45565440
14125317
48702842
40482226
34928067
80542515
21942750
116697719
41112318
239561620
237330688
141709341
198809288
105566105
206132198
82035277
35162704
235743135
174959371
47582349
255219386
137292619
20415660
2467791
18016691
30923509
27834369
66664753
21645552
25966747
36423190
17673981
36307732
17066475
34285054
23574285
46688502
14291504
62328563
36028993
32671410
39966546
114695393
1442751
28594152
180407593
33506248
119136840
19067312
48302295
18760790
14237373
18609590
20176513
39219035
36067300
40049680
34050300
25051303
20142758
19025499
161845770
16813552
33217838
49073990
41554173
23849809
63442375
27845999
42844817
30241775
31386412
32660698
42741077
14687587
22988843
28103763
19901366
11372152
46076684
33885551
128584951
176342453
16832632
85545437
135185261
17813010
24426957
55541718
20868447
64993293
36027595
123517092
18907026
33497800
19119226
28101138
20374992
92962860
31840286
19784844
17408482
83352280
30186430
96152988
16945575
58595642
53123462
28542010
47459713
37677256
47448389
62810045
90592494
90264586
38147896
24687109
14471972
29406632
20017714
14676022
28757140
80833156
81844094
80256689
57107167
62916317
63084248
63129578
40463751
19414413
29908667
20441820
19067283
21695947
20642087
34898791
16432083
14258356
10390382
17590338
10058212
22950063
28630284
26213132
16104345
28584427
65579522
28593450
17687363
50639486
46857953
47974057
14084472
16276033
28305009
58469518
63155239
62266883
20585218
21905404
20667905
24154098
26248712
29716556
31502319
28323152
23058290
46604315
46644261
21391879
32113690
47982188
61724625
22774558
20301193
28917815
23050496
46641481
55627827
18970504
42460799
30183766
15083490
17493157
56330699
28189211
46888173
58205605
20969268
34941106
18955891
30759351
34895385
14419039
18264009
24169740
14583593
8184422
46071066
18716146
34357825
14284115
32482854
44851079
45594856
27848098
45845636
30861814
28088038
22475991
34672923
44726549
41337693
29028155
37902781
32535843
17960297
19113803
26243189
17038109
14157785
34703909
25313658
14284305
19337187
18213346
27963836
28364125
18897831
15428667
25144335
24143353
16433645
7677252
26588415
27207896
19188289
29425679
28092347
25619794
20659166
14365312
26974318
7705412
28160325
22601784
20585062
22415635
14340875
25262480
14287018
6592852
17408505
14340921
19241520
28092056
20425675
14712588
19206253
22014140
26229790
813286
14224719
428333
15895694
19042668
14998206
22665308
28413944
14274835
24149604
17220934
27005677
19734035
18627589
18455138
27501700
20311299
20796069
20586070
20587233
24544566
3801501
16542861
16557956
14332159
