60896067
912746546
624913111
38745628
442711232
66700763
2400052052
223442298
25346891
237524449
3006888796
259540958
14642495
172694845
301358130
47305738
40215521
470073947
4503520823
137616565
407796664
18554686
1120038111738777600
365635604
385881449
4155492063
30110233
404004517
377377594
43907682
912566684
135820177
93069110
991282713163452418
197464906
2548131272
329004156
17189741
50769180
2334193741
29501253
1008377520729870336
30699754
33859960
20611836
1896738200
1167061771
2925842572
74474647
19389900
2268946439
206640289
826780051777654784
29938357
19107588
1970966298
22771961
29676207
1580243858
309559389
31101381
56670898
195802870
48342110
805132622338916353
339055436
13850422
1917731
18227519
21619519
14529929
9300262
20386897
3696479717
124139003
475670120
217022933
14284142
21021891
36665547
20663500
1648024394
4263130319
1087176427
536316090
127268367
415701368
291291580
23608172
37651226
53949942
804015436979277824
840198864665772032
2922928743
294073504
1632248070
155784594
816869611480186880
174110843
409486555
500042487
23544596
16017859
105265572
19659689
607016620
4717892303
357606935
148529707
471084733
48154045
19282128
2985994372
17756100
135153110
82353528
19705628
90848755
36700628
1697143531
423529805
232936540
520329893
90354449
800109657406590976
103280252
1906998888
38693061
62508465
20853361
22604909
471672239
22203756
108471631
39349894
39344374
970207298
216776631
52544275
1326123536
21759024
45565440
2311510516
244655353
130496027
14412533
25365536
196168350
2310502713
22801923
58363352
567915703
14243708
85403705
117040167
632165452
3175807619
37685197
3165755015
1156820016
22677425
7587032
335455570
22129280
148653311
252521025
191066432
743211192823517184
613526259
23925022
21393770
407186117
26611789
4384251
3666388277
15945351
21423985
2264840661
44344421
156944270
220230037
25289729
21648257
405775140
31397933
570744394
40833884
292863414
223057419
1339835893
1536791610
822215679726100480
14330330
18948340
36015085
65804220
31405598
314698088
553880577
176542303
2433391021
1625128381
1251767978
64366720
403627091
452815967
236403619
2966702806
28361716
15895694
25171315
363282607
478526242
64986997
2560618001
529334746
1399330512
67845970
1566612524
16714443
33852061
45818077
118415180
62522258
18025377
110445334
1367531
16343974
28785486
5402612
87818409
742143
14173315
1683862166
499867856
518934246
46688502
30923509
33892809
134551793
116249881
166739404
275485351
461941436
2417351493
2148623089
19091173
34218423
154456153
1683115626
1193849958
3234585566
2176309548
241490028
3107666883
26601441
2097571
125928871
78887628
2787096129
142326694
40545809
3410122983
31874937
759251
2467791
23320712
18949452
22613875
3108351
317034318
20562637
91478624
23022687
14293310
113047940
807095
15745368
1652541
18916432
213795411
33750798
216881337
1074480192
51241574
733751245
2317351705
316389142
16303106
158414847
16129920
50055701
40209152
350954507
14402173
14589511
149180925
2319108198
2835653131
227837742
2988033940
89284278
24693882
30179137
2613246072
45810524
153220375
75060420
106428909
230457924
18475198
34266037
233253956
14230180
258715014
2816636104
260132760
1037031822
78539685
217351039
20666013
27062533
89484734
583114172
2843406262
17873227
188021130
441307591
459181574
1261462266
19977718
53367893
14284402
43071761
1653771666
99734015
28315929
2829608963
1227382669
334543679
17404231
916791637
473185962
14410685
37231010
2879290480
269310464
31267211
45315024
17987852
78326026
62574827
54577364
31371709
64742113
133887945
1278794138
2404437771
15101278
2989662887
245887065
1288773914
46106058
223416400
2863714984
54917900
388815555
2825914322
1279894765
21864336
39599815
2918416437
43674570
277496292
75742264
17209005
410731663
1382743280
102390704
35834118
432553631
17471820
261632571
196556689
324844301
127074628
875262109
42693240
2494196874
45519320
740526594
47317899
33281373
28533825
153455906
27844742
25687704
136208159
45919516
416354840
338651001
67557660
29440550
47909519
20385093
95238065
374473407
32347467
38412145
13768302
66998183
34972320
475172955
2339056750
320829399
65880609
20696268
25295208
288785556
227611752
265903306
2203677920
29461929
197835683
1224650256
2164458656
438626233
33217838
21905404
1178437964
743060426
81844094
2228333039
2645220702
23481859
26220173
749850007
78864889
208503935
220153580
932927287
398606542
883921728
93637914
33483219
112871323
318977179
266698643
46751223
16813552
18627984
23104499
233511339
96993423
421125838
38421714
425708396
1943614650
2413425671
64979211
319770046
25938285
122318779
33659151
561952437
428854213
1329038221
334527749
97406478
116715920
32397331
6307592
33160558
58631768
217530764
2715434333
23185890
819168234
135173461
14118604
33497800
2614246221
224240042
18716146
31518766
144922260
62523083
1057485816
193554972
262164620
37876601
912904946
191682499
36307732
595778866
112813136
66433571
40644000
2213108150
1269837428
42857269
627949093
38265914
82455213
70740986
944835650
944203176
127377113
21393069
64385966
212226645
53694024
1336995066
2352264009
21853001
2368749483
14291795
33609198
2355140175
531294024
95169910
24177970
2348975609
1180316755
60087311
2462457455
320679176
254242153
80668551
1859727049
28659193
90116669
719248456
188707980
65161873
31700411
65306306
340417679
103555738
34696385
122029522
2353286739
287330908
33175300
1901046649
2388417101
1346859277
391894872
14296042
26313697
1356942170
340549419
37416154
35890178
19180789
51993431
602626619
1303131060
84679163
55047054
32991016
26798240
81197942
541522566
2368501193
148112377
20238626
1205602513
96861734
1070929081
873304134
14407392
31085474
322531105
38769939
1076088475
126256491
1693820779
174593380
63666891
27728157
245109774
352306584
1534655556
2320122514
41636619
193186935
212191011
421368016
27716729
502859895
33250655
252800692
381981162
31080039
51243315
238308510
362548917
33464295
20672704
241959982
1122904824
21003895
225341716
136392057
20039505
28148610
50374439
26565946
133880286
221000907
1847395646
317640263
2240680102
56239802
17673981
175357776
143582713
21870007
2217999593
36179458
56800327
53032573
89172908
61505964
117859085
571156590
134450015
19529605
135462216
113147061
112428297
19509064
22920732
19904252
1354704650
1691130469
707927607
66985635
599541873
138535158
104945479
1182390182
23748315
381063195
1241383956
2193867849
855345091
30287258
38260259
798379566
186351796
199670339
142613436
757303975
17482669
20679622
21746816
23574285
26719515
37168047
951333086
1157965518
42067731
28170408
1122192223
39966546
81837587
31662242
36172605
193311364
377833790
316006432
25129391
172614050
33152235
21022281
14906581
161616513
1148709864
23449774
792605850
141744721
384786873
317101757
954462930
93247303
44588224
363352400
27008101
96327394
34243437
1196581969
1198189740
34599188
65060314
29082795
24509661
122072320
356398393
1009813400
19337187
306916140
26719548
17650380
358700275
1412455375
377945346
36038441
69392154
20289872
19450673
1630285777
247185936
21689226
292904816
73959997
28997082
86154361
74143933
18292862
14283767
20329566
17685876
420951546
28631172
30686053
36148979
230864549
1654018680
126013251
28657864
22608196
250435513
36378384
36039059
1000262514
172896557
57965972
1600935918
18387289
17027485
19067312
14287326
482971150
66664753
54387680
52939106
34246864
1100427314
66681098
36729848
204525639
61724625
63111107
39835146
1244790386
94094742
289004106
87790167
434111231
397943559
65533777
260308246
1033849844
29273536
428015716
747854977
624011689
1397661872
18435641
769434008
390856590
1135357525
7027112
267351536
1361706828
292308910
409182280
72292202
74418848
728713500
33610158
456921481
34867203
483923486
236829256
280925842
500885877
18002106
56377143
38540306
30313925
822215673812119553
23970102
770296968
222020393
252250876
336086555
432981564
248205281
121208305
1017017384
1090345610
39227903
856715804
266111353
18671230
19969822
95925869
1005826836
160470820
272384240
38222845
469780703
887106534
252118230
461116121
580051751
312035247
476683327
857685373
223450008
151066153
394247646
966057043
227247782
60993083
33292641
1005968785
111283153
271606257
27754737
57333511
228694077
357686363
23785168
227835747
89479176
296876586
64773558
725925007
45305274
63132666
353576703
847234362
633242862
40063292
863188267
15402344
529472395
14310451
49937264
589840479
30583657
312326409
146327085
344078494
770989208
776529696
87320290
74778874
558376060
177658536
301487007
221064860
436515416
354508292
454191471
355643629
407952439
106130754
405105621
477643223
359513242
595587491
67555935
607586872
28818351
38903854
195082698
17187505
216448026
453303839
452896048
42384390
586167941
40342628
164596794
111702288
185260477
29691032
323897337
23375688
27260086
242653461
378433833
241641578
214049275
385978534
507890976
17197838
521619306
79293791
364488011
501923483
352534464
92253146
44714439
28692401
47557462
32352556
279131939
180777812
373890791
194505625
381502681
315963019
369434390
343906721
476591541
14379246
89143485
33472622
18074675
9091622
33832676
522179395
28726577
24426957
422901718
52457173
33188722
419788091
19731606
24439568
14759152
319228928
297295848
419861852
453156523
453334841
203864281
93737032
252602823
152722669
34703909
71669304
41310213
44945747
465469081
465912646
201653163
245469664
42467503
481096876
424521701
481399170
33917045
446505294
485686519
95482576
24119198
17744272
63262403
419437291
482310080
478553827
19764533
198625434
12044602
28087473
425553421
278778939
331816614
56353796
258471477
17017973
39490510
341991404
362002586
18714976
102375372
41793828
371502562
17681045
14284559
383308690
309549816
183297292
397278412
17156780
407815579
385963044
19556426
226895603
308345846
250060173
65907870
84796534
244493243
107762215
30840835
2884771
32647633
43714897
276172272
354516475
18934005
31367759
71207909
78888818
42668098
354327403
166066343
73378500
365002589
23921403
349201661
10283962
22895438
115441879
87666695
315455134
370277273
369815195
12471892
31499866
174762419
23747876
10810102
17867455
86121240
20505098
203860074
338049872
21743069
20144046
313470195
130418123
38646590
333223818
273945740
18680691
333903537
335846038
19748566
131881648
19637934
15693493
130794267
14114267
21391879
24291858
169201702
81619329
27601390
317240118
140118545
14286342
155829739
311936077
313973008
316563842
284025416
260231283
143017191
29086657
46371075
64004084
19764279
46428170
312874652
29170587
304350468
196749708
62156156
17898461
189051125
44327211
267403905
19157451
20662498
27207896
26231053
222209875
93604188
181506556
28757140
12438422
68947198
206597096
247251231
236839814
23244604
224352840
30941476
222818835
221674336
137286606
237781500
40536836
271065600
271423129
105392624
167092490
47974057
91894424
236437112
20195297
70380300
196605849
268873849
44863256
268255764
201690715
266747070
81605238
144101019
29065207
87155774
27207920
13486222
33197224
22009309
18377085
20583062
55537734
239561620
41646831
121710200
19330445
191209925
260231896
260232365
34018136
132215409
61250638
8184422
14230524
259379883
72054152
210604806
20008618
45396043
108617387
232367733
31384122
188256896
5988062
52551600
63132954
19067283
35462739
155976053
35246361
31898483
47895003
40935476
209120689
36624824
102662518
27667040
36026602
19262084
28114870
68107468
47423946
101727020
18760790
221822662
20611702
38692421
33217921
92722440
31694260
101838522
22900000
150788340
14552909
27905486
182081797
14615934
217593876
32135414
30912791
65586084
192677835
32467248
65628806
31687026
41544679
27105229
23937836
55496543
20145056
38643660
25313658
245306197
63442375
92489022
25144335
48713549
25996040
36028993
92962860
48702842
14224622
14125317
36423190
42741077
14353621
142282484
100429894
39726707
29928571
29343098
18293645
26229790
33344775
185343614
141709158
25262480
28110788
16542861
48302295
41554173
16557956
28092056
14237373
37904694
23849809
119136840
14340921
31386412
34656014
21695947
42844817
82325555
19188289
22415635
76292859
18970504
14997025
22014140
21923882
18639301
44865727
45877859
32416211
46644261
39014421
41090452
19236875
32535843
56887729
62483934
30759351
6012852
63129578
26488494
70735847
38638278
29659136
24010664
34910028
58477132
17066475
36510958
27317182
108417952
112204442
24950478
36699681
75033041
136029854
190340244
34941106
46081160
14340875
62266883
34229862
18213346
39219035
81578629
14617551
29908667
16409683
25750334
138376196
51900256
813286
142414817
146580117
33562987
76450358
30873513
131801058
63145400
20796069
21952889
90448119
99523780
19329393
20679951
32894317
42625724
64528676
30898281
69056665
85175332
17067257
45565446
81109194
20672548
61732252
28913073
18076905
71824168
33480259
34679635
74719076
74980279
74453165
77795018
22194908
72386836
17813010
64697682
59548897
49073990
45594856
68948640
32542763
20868447
28103763
34898791
21288315
46857953
27848098
27845999
62916317
21846143
65607792
15447199
67900711
26885200
32867036
30183766
18408669
59827474
22533453
25477368
25803631
18264009
37630783
22049212
10451602
14419039
64356208
27834369
14598781
44847865
58557419
17687363
17187058
28160325
41500247
51870096
43784864
51309153
50270386
18669139
46054287
13698392
31420119
24716445
34285054
14284924
44317501
23480387
26526361
46750342
45342108
40012741
47134635
47126217
19394188
31395063
21698000
20210193
31976183
20974015
19700322
24048368
25861301
32873744
33279564
35612924
25817863
33236436
39478117
21588799
24153920
29028155
19388863
38822086
42045125
14687587
21904772
25416669
18609590
19697415
14287712
28178236
37193436
33988509
22261860
37921321
28092347
16432083
22172506
37665779
14274835
14332159
26527318
16012783
9252212
428333
23176276
16718406
