4349609841
227611752
1252940012087324674
1414986446675615746
20934285
89172908
25295208
402644147
14296042
2751471255
46397919
1444012141669978129
55203329
1443900473489113088
1291291990701813761
34247309
2907066404
1108733396
173567057
29674426
23438083
34601836
1124251221919961088
471219547
14464119
54972400
65579522
1417027277943156741
1414494862204936196
50303955
936944212234391552
15895694
54479468
22277482
2191478849
36334731
2408073695
17096233
395209972
1273409378859843584
2240680102
225341716
2834944594
123057382
1404198872906358785
1404139422317219849
1402624881091616776
113707249
126406217
18724292
89425108
96768880
1364939998051598336
2246879349
1334923094650204160
3386298503
35412685
177529111
4808519177
532666723
307752452
2863523277
43673022
1215149156
1108804376582336517
56044169
1043946313149280258
21850674
356128400
365976605
214809052
765932636804087809
1243621045266980866
103097873
59580884
1288762852346560513
816993776
3308599215
1377419625709907973
1211413915906691072
984530767165435908
88001109
39733426
1373724230873927689
102971895
1371389206904373249
1103185636331347969
177917586
37165324
1350448732043681794
1184894840087175170
20425557
464152345
565710092
110373312
35736185
74217252
347849896
14365312
81844094
4216927337
21643721
366113519
26837025
27716729
1219309794
56125230
410600310
395955415
926799286620241921
32539537
398308504
1289540178
1192479630701289472
703738537
2509929174
2882733429
967169378629378049
1172975564
3757278262
717774036877623296
150008022
40104646
33192221
47606328
1349149096909668363
3861146861
594002485
1039815754730950657
933938082
561056629
1331612044429287427
603775254
27738856
238308510
3095555487
796822792037629952
2326177498
2179102812
1137353412
510366393
284761553
623668058
4704033470
1107021910175633409
374176832
1127030407076163584
2160749516
946872876329832448
939091
931187167811985409
21789463
2162834480
2349494639
30828842
309823855
1237662415606685696
1097885787562172421
403646524
1486326908
580788304
946474817871630338
1009736005996482560
1182358025165836288
20845242
96741105
1222690958
538104730
56875220
234264341
742948855
2775891832
263900886
1073189514619863041
1184099033465458690
864086189330116608
2562963566
58769097
43525582
948688610840252416
1164583964004290561
14279103
422628082
80668551
3077698764
165386051
3097396955
36111221
3172358831
1103207294207176705
395306456
141177073
801411622187204609
952084876861362176
552163607
2407763749
34972320
804597968
1154731855
1058404093276889089
138203134
609040861
100748802
46060658
394830712
1200976808
45197718
30837875
83858081
909849581592154113
67257367
875135017
2294723540
81197942
882556526594019328
1227248784
1015288708789161984
1844716188
1037390368839544833
45919516
70926231
126325202
981793252453044224
221064860
20868447
601775338
455785588
1243861916
864406880092909572
365342126
27443562
260379826
21890520
297499732
319026346
193611372
514595706
417796510
2959164681
21553753
588174156
918901868
4179613355
19762987
48989345
4341463937
59222464
2850099226
68796311
45342338
63536938
110998155
1882413344
1414781538
204277480
57947720
963753378684788736
3099409123
221691737
14487318
1174980612
31117053
482851295
35547545
205858510
46734983
286033267
948869413314416640
195802870
916215618612973568
135173461
312882833
726408395067133952
750511978041470977
889447082637099009
28092347
29437847
3405352799
1347418676
1876679257
53951960
51900256
3198865865
524665153
88520971
1863358536
2863962724
31699644
302132169
194724592
515431540
3046971411
234840906
252468595
912746546
2775412947
1092794108
1901732377
493504114
117777690
2483776753
4891935562
2281339101
824244081282977792
474843888
520329893
20157017
28599806
43285951
609414457
841545427900092420
366201496
844635349112541189
515428278
731520737220153344
1137325104
27265882
243273285
34873510
4135398260
304395881
829707154856800257
30097622
153517098
346725337
381977950
403989445
834131438677155840
819924701199953921
62089927
67323889
3129620044
1285552890
306426609
31740660
32467248
20392012
51103171
2809976003
1023885056
2906108529
30313925
1093090866
1339835893
822215679726100480
1536791610
19107588
2356252917
15894774
806472261553242112
271367322
3410122983
142648438
808345428949401600
27704856
4274931916
3116109856
256942105
1465740114
54093282
962741839
773080836069556224
519707372
67577128
798791739565740032
189888665
23582636
62310014
2976146075
2721585793
24943512
355487870
13261352
34400885
4133156927
512547268
4845326044
864348236
188855653
306164588
111553960
3433890016
2831872284
785046548883378176
540158311
781830128150147072
1272764510
38199075
2344763217
326253384
2784760795
1724713926
26231503
1007425836
39599815
777101668315955200
4502049395
1058445638
352408058
629228339
107757506
794720893
82670042
735007174804525056
87398107
24434307
214376701
34020451
66985635
34927464
3420148205
2969456747
37182603
550114487
174239827
748129052880437248
36903098
82825318
745713039731613696
61572179
747112842365702144
728543288932847616
433313677
1336903502
2338957718
73461246
2289915268
1871737044
764124031
2584158192
1060551176
280925842
363352400
900392084
38515613
21611368
137103618
66664753
1222281936
19397942
44442613
2218242171
39063731
414334941
968967770
3727658121
538250385
63115140
39054516
14284146
340549419
485041702
722724938919059456
1329887666
549232373
1442150053
41566304
4804269040
21257384
17805281
31109467
1407525890
1108291645
313476356
606244302
41655509
3741469037
708234169017638913
710105312825614336
40505648
434388659
3955984043
703215929371578368
25740759
423317838
3186816527
3466668496
2174271466
493146414
38824745
2815661442
358676812
703895878013161473
344929940
214047156
4871773635
851710866
26737064
1318827577
414300093
4830462742
859407446
2548131272
4899343648
45933654
29204394
54483100
38010448
2493893630
2882648201
1362331039
29396601
821419
38229056
2219254012
197321792
42615788
707927607
398801868
340473383
2326241356
1193661704
16668912
46727991
115372501
27603445
45445295
253931138
172314716
3208346663
21640915
1904023196
29082795
96967820
65587410
204966318
178862992
81887285
26529713
2782321711
36055778
30284835
146956305
366298215
18334138
403416149
19648683
41183221
621893520
2434488744
1460642443
188078681
409084047
58270484
19178884
2328651867
44979005
3169146755
347217542
47453114
71526098
35456283
1106186316
1019443562
132101779
372735335
20150850
3079733085
48989928
37387091
1148709864
3415116190
3501634342
2371934127
964266828
982442894
136761166
370300256
19867810
1683949898
3149562779
3301699703
1618621716
217570201
20469238
18850035
2974810649
353569626
3413172718
3401310232
152820790
15711290
1278842107
22463542
52021221
21672426
3403299357
40209152
78848638
114271466
30705215
78926518
1224319040
703186637
2590058264
268405074
3352146993
1227221124
78307926
286422646
41368771
19340799
68922471
1691130469
409142878
265887867
20190719
2985854230
515057552
33236436
221822662
59548897
1457630024
3102378405
919232666
211862856
1964643900
1425250626
2785327907
2212580829
41151842
992909214
962216773
1890317186
3118980028
33560195
3299698887
346035066
1141852772
394956344
3233964449
1469308008
14118302
42843759
329004156
106108697
95238065
141521060
3240095865
23932523
569242449
19127726
3131089659
908635753
2324664291
2766410823
719811424
498712475
48291718
28319119
19061893
3201635961
312907732
3175807619
18079528
16395558
1240593024
2371826739
1901046649
29479380
2235175809
268982264
3194112287
716609472
2949843077
3157879146
826926157
20099779
345285366
221476163
2870490614
3031249050
233875036
2483931236
136600161
499898666
3088702120
2950765906
24688238
1831541460
24867486
521315433
72643118
267584248
335883372
2903856183
461488537
20938464
44095473
31367759
3093079390
1299671238
37620087
398916864
1180305138
1566602761
46604315
1532954144
975959892
40879848
151960903
41082885
2966028785
26214264
26611789
3034602533
1673125279
915441164
140392065
612458528
21863942
862125384
1272109884
41457314
2785253445
180315164
14659667
632165452
280019924
31076081
18016823
1156634233
63425851
25966747
37177804
221756777
2976644129
358020216
142613436
108382182
24443591
2951678446
940056397
19265627
2591327856
156455133
96010420
2440746904
29805136
26554415
491504791
25049947
470150436
24475435
44863614
2840994646
35186651
14432975
490514482
42853391
2161391206
1322229337
2797949782
118455532
1316676050
16835853
25044370
30505656
9791742
2729297006
20901079
717255066
371473708
18839704
446505294
792605850
1096143589
126359384
830650993
1731314083
575300737
1195765214
2773741774
1245696955
83785987
2772498981
2585546454
16316226
1165385486
2790262849
461105934
33307967
873200750
155657693
85529693
1842844484
462287332
907401613
597386446
2455995311
17410350
42611222
2633018244
1275782689
2434054144
1705451886
26248712
31362764
376423327
2713191328
14118604
2656984361
26719548
48702842
44344421
155654120
595614225
14997025
18716146
2637258154
304608466
2175439143
1551459979
30739418
192889718
250722978
2488800914
35722768
2398597992
318575386
1666011540
1456563074
18177126
130544240
1357342237
2479224200
2494081446
24441301
22051005
72245600
301911162
324844301
2345094797
242042239
27967515
2426814174
90026224
2344071269
478026444
2380528823
255961843
2185941753
1894038870
2319032405
53290662
588234393
2264840661
256625759
26296624
2296352710
1715850816
1032862448
224156880
74401155
440209308
159845559
2310502713
24250540
2306042956
1534655556
1470607100
548598414
21023618
76883946
19767232
1879327742
2169216274
619863166
507541495
38657519
2168560282
236827326
819330024
259523529
26818369
76292859
1550183576
1545946591
602326872
296156896
797752596
1120110816
98772794
1442188742
94803906
113087150
26850290
225745312
16745360
33033900
1271862985
593137995
1628651550
501171764
6347162
25137672
1500371
200097586
23202866
1689413918
230864549
398613166
21288039
575311649
34573200
219093490
20876852
471425301
1601065406
25660561
1201879783
1485423715
19059674
1480247844
22471399
757502288
478558728
1431291788
1477123380
1525406113
41093559
74128420
1538341615
24857319
28090915
1103808170
48713549
605415156
401613697
25974063
1222737793
19978806
40903144
378729002
932403283
1091642166
34556256
342625257
260308246
398571085
18377085
233511339
168612484
276861149
185321011
78385212
905595618
33830895
1338742111
784452517
1174487840
30322601
423298965
631313695
1319212291
32153805
886647943
1324426416
77808402
86290053
1272437742
1264309608
1198189740
22282690
487573904
240998240
1023897120
1039725918
27605155
95603573
219768304
866832062
306335934
46071066
26018502
529320577
818053116
155550336
25290690
21078664
15439395
18761782
873304134
1139453720
75578188
531287475
35795414
19388550
51223521
32844394
464621111
20432556
30628239
1109098232
452896048
27082826
407029202
1081132590
28122204
58469412
43510949
388343967
522268751
573643334
574427027
770292660
898402652
202695830
23189168
19705628
45536239
358969925
36067300
807629196
24156016
21592373
132475328
31822122
451643787
412985752
116697719
19659689
38745028
80248689
498177017
40220998
25680365
341062077
242491033
865078416
61735082
847066238
24523390
315450755
1006404558
14455058
90659457
37305791
223085732
198797029
89675714
26588415
606448747
75496206
18937302
14389922
331760209
31708380
184485805
32991016
46746424
589158587
36775945
18907026
65447476
46099888
429313316
427537521
11518832
236839814
14542929
25313658
496282889
425708396
44325798
30714133
412482003
159158744
411847231
838545979
33502071
832256240
17066475
319228928
23587179
240732751
21155271
28865987
14340921
33467543
756881286
299517976
15667802
802171141
222818835
27062533
106428909
23320712
21864336
15022445
472017136
57304596
34342871
19975445
27002910
66217612
18798729
610315274
738463951
250435513
20165293
221110729
1442751
14131410
291291580
373298847
36023933
14284837
19523359
737075138
63418858
318422208
66998183
739198430
299829753
222877666
19670805
714901412
525982660
64995313
711924318
469205447
122072320
23908002
471366603
118068841
461388002
701803766
494384645
14341621
454191471
382598137
574674321
31267211
14282565
21746816
549900558
38125251
15027785
58175343
602660815
20976857
14487288
29435492
391069498
63579758
390115172
126089832
55189997
599279253
39974570
29675467
340540979
577264585
607586872
9550672
333290214
109374678
521721190
268775310
123504602
454306181
145928789
267848594
563582975
563732826
360242358
495004140
293954275
372936001
28888955
59180070
419197802
36107577
567959657
382701373
408011272
19529605
308565504
37190586
109859732
37677256
335229416
47646874
35888541
100181495
254236003
99354329
464520158
547145561
36510958
31372873
25860612
538122717
244225925
388445581
28094274
61239779
37509974
274431757
422901718
347711817
34788980
424903704
452932725
513505501
505714971
197315268
43671722
35880536
170612254
497641923
75742264
42690697
304896770
193254238
29471954
214845100
41091317
56524489
33464295
146422421
16362310
499807352
6012852
353664792
75224818
20839964
72367230
223768604
32113690
66485074
473914976
49674652
35217477
56783320
67851742
487429328
76618997
486805090
455709392
189560985
14291795
445895031
20270952
51396153
20883211
20523971
45614100
425752806
52765131
46131631
217217458
17650380
16913083
273638217
355702635
56485582
57932072
228228134
467608135
470241316
31709541
459181574
14287208
466480581
111704194
207995483
81605238
304881111
429028624
461988922
106769293
23921403
459165562
419437291
34703909
53028510
289437437
78099370
191347568
172054878
56636606
436515416
434366376
20231161
48746286
25663580
370183322
33917045
28338371
448764340
403272223
282937493
28157857
340417401
416615634
390856590
421125838
228429835
25479354
369997571
53213766
193311364
41540963
19018815
410612386
106077757
107762215
31806564
324328729
65460298
234517620
28128082
381159574
33988509
191066432
118415180
212587221
28087996
64146627
252512857
14291845
39722552
36201019
20914689
21188337
23755856
50370131
35612924
18897831
24531620
42461484
45872489
18379598
196802368
314635115
31399492
68529875
76610050
30748585
21617138
306777752
250868030
352534464
45838935
361784529
238615786
55420169
41083775
172334818
61484959
24422735
44878703
24913773
244884856
356119038
61450363
21588799
32866277
332196861
18669139
35721168
74177860
325045732
125059057
168097265
229860762
336113971
2258631
30759351
38152646
370532678
34031185
18761632
28997082
87286105
33490695
365964778
34034031
18716024
206452431
31770436
48812440
66204249
217354217
29505383
233501327
20191034
349872308
19179740
64004084
125753084
134092224
33609198
41093382
124396979
57333511
209120689
164762341
165940771
42826539
19388802
256562308
7027112
317991276
340406500
91173739
35725007
148456623
38907460
296704796
180905379
17525882
341399686
19962261
27437465
31963968
19642213
49587528
22907043
25986491
88632027
162647889
229801704
18675926
312925796
210039481
293954269
31499866
21672256
33598805
292904816
19962340
317343164
337652975
320829399
14723606
43857766
19103
28362205
354516475
338877388
31840286
306713113
46857953
813286
18549724
293438817
320782433
35431540
34247120
114042360
28202958
60907043
189051125
330544213
24015311
288841599
85556685
273437662
266111353
11936452
30832279
70665468
262191989
22187463
249262359
144622386
319216129
21301081
33190359
142282484
277151886
49738893
285005102
20366788
314756471
40969477
160622652
142475608
313470195
38646590
88753421
277952606
76896093
297295848
28065624
33168267
25507691
29944197
281522749
23476352
81625369
297898634
85458166
14491535
176877741
32671410
18627984
33217838
112976272
25081726
257847392
37876601
16945575
247488242
29170587
84538257
49798977
18043746
43062590
53845657
67309300
25129970
38149130
29792081
240731933
34285054
276885727
81381193
191540463
134151372
40322305
14746144
14712588
44170103
15747938
234132789
181476245
193333987
134484552
293430103
25289729
103857510
138174242
234881454
191538030
269976159
245511607
76450358
28990857
63145400
18609590
33038410
14291684
227294412
34922204
31111153
14641711
17471820
196409507
24544566
21146043
61781260
112403405
29659136
239484275
286175588
75823713
22475991
71221235
72832208
279131939
161381301
148391437
35183264
14736025
29800686
20586070
159472444
110244016
189969305
199649742
133842767
34268915
140350532
27714427
248706024
132183701
14314495
61466158
24044383
26768614
33506248
38882731
26719515
25619794
246177161
40877768
33885551
19017582
23084212
34898791
19784844
40340459
19042668
20008618
19646280
10451602
14290848
17572399
22898618
74147047
135153110
34357825
30671172
14291217
1994321
114435368
14284305
256665194
267403905
33479607
219602088
193259220
31090806
18955891
203675015
19256979
19764533
26470858
136184787
28141970
31362865
23747876
32352556
211794894
185196487
260983412
107516611
71069347
258774661
31687026
18228374
29473801
174959371
247219231
17673981
41429272
216407903
28818351
48302295
138376196
61724625
14125317
46688502
21695947
45565446
45594856
36423190
36307732
36027595
41554173
42844817
16813552
22014140
110994325
36378384
19182501
226515216
17867748
14763346
14114267
14407392
25425643
28292641
256504306
72504988
19143048
20936956
76075302
87677875
137292619
34859489
22975747
28148610
46081160
155659213
5520952
20431436
166115189
18868070
24169740
21358560
18503146
41793828
71840293
224625395
21746360
245320825
125750601
103280252
254012097
256509674
27845999
72277469
148642486
197371275
20425675
782934
76082510
65392389
36099106
38638278
35444091
141709341
32482854
49563981
76319586
47582349
57592947
31696630
48536494
14276602
31386412
76884233
30528129
36721693
24552908
75325209
72870819
47358896
18264009
36179458
246816735
154456153
21179460
39091525
231520543
33497800
21391879
24154098
82035277
235743135
24687109
43521289
245756291
20507688
22988843
242737374
20513866
42143633
233928762
33497345
7489012
28103763
243034223
132255549
26720210
210463171
125930580
27405283
19119226
239561620
241686118
224240042
7723532
39966546
20859418
193199064
22920732
19541556
29979814
63155239
18424289
24149604
18561093
24232719
28318668
7724452
244211009
28110788
39052549
14277722
196999109
234306570
38260259
34613288
17776634
88724474
38693061
74233121
198809288
238945097
69291667
39745276
25264859
46384158
102390704
39506065
216357534
177911444
44851079
63129578
31085474
37904694
49073990
61481011
97406478
42867495
222209875
14291504
19813523
32660698
227724626
112813136
125933257
28303450
22363451
26713113
61012500
20659166
224585412
29908667
14287018
188256896
27834369
16432083
14340875
36028993
155976053
18760790
222867271
169201702
70122141
18167583
26564673
20555875
23641557
40049680
63262403
19337187
142199485
20238626
35789212
112428297
27912314
219593416
38265914
215944848
15017575
30213605
64735000
20542429
14282840
19766036
84460774
211129938
47974057
31443715
118990489
20667124
221504193
82146768
35739895
177501286
20044495
82325555
19734035
62266883
20301193
76585270
39581053
53367893
32816797
38696507
20176513
21574473
17187058
16904159
68801651
41820304
77168079
20142758
214049275
14237373
9695912
19077517
14567968
92962860
9990932
84139037
26344613
23574285
29000770
69361035
69312627
40232418
32397331
109945500
33279564
30241775
77270870
32461388
45845636
29716556
22915264
17813010
16557956
18970504
140423271
84639315
21905404
55541718
15353365
47423946
15015340
23236589
18213346
29928571
25144335
13768302
31985912
20854544
23986190
66737250
27207896
20853361
31518766
22415635
28822089
21022281
23849809
20611702
41337693
34672923
30311534
139711581
35248084
32657414
25365007
20642087
19840393
36440078
63214819
64148350
86154361
21232952
106080935
50389557
16575764
19147731
15688424
21002140
215993689
64777319
37174426
25380560
21689226
37416154
174178926
19078925
34941106
34863049
33991786
16542861
20796069
19965881
28305009
19782206
19899477
15686802
25489204
17893932
