459714637
2279386694
425271390
1706937212
930456918
107140486
58733138
25294402
458564205
59070658
19867810
2336438769
328799911
2754251484
529334746
48316960
293950010
3320927933
3260668613
50604877
44344421
31700411
322531105
44175851
54869011
76585270
25962645
14291842
28099901
47606328
68942913
20776064
1959103621
1076088475
120036979
18443986
38282491
42844817
17756100
74143933
19234278
135462216
234291108
392207801
44478919
38397088
65588447
14395000
390698632
239010786
18550407
484133979
521619306
34972320
38840072
863188267
515788199
398616191
54917900
90269251
582663428
413076542
67274483
75344863
214064340
1322351731
38869092
2270651757
191088146
1364410842
212149324
376855170
730334082
231118152
452896048
36160117
1437488456
74722122
217351039
485029896
513584555
1704511728
82311233
461381294
743060426
488384295
1482525636
14118604
347849896
847066238
248116126
388815555
471837649
14584834
707927607
2176309548
374473407
112684216
764124031
17742015
454833099
156201907
404004517
1691130469
14285785
194101689
2228363243
65451223
2236337098
1267930682
20943905
2197989887
136184787
26721980
330318716
96861734
1965625789
53290662
368972590
2170975910
992759557
464091002
62234710
2233171623
27704856
337690989
2388707402
2444263505
220070310
133887945
619863166
2445050869
88896130
410731663
1683115626
1702622119
82825318
1975003459
38163216
1137746822
14290726
51200901
226227000
55357588
310831238
2264840661
2382135181
20149199
47305738
31267211
241109011
2747436220
290144168
40221011
861247634
305242092
381663135
269216440
874162122
515484736
63266077
17756047
2414145584
2873529886
1167061771
1351487371
2966397556
2404437771
2769579078
2473548408
3021157457
529279516
31109467
62574827
40192418
328069545
37685197
1534655556
44317501
15100833
740526594
34656014
420464033
2800867986
19077517
40935476
574456130
155014550
70898910
72650927
28075839
51900256
94538562
92015358
373258149
388143806
275013845
1204838809
24143353
28128082
33852061
122060074
492945622
81390193
47763215
20674488
17230800
33832676
126572232
122320328
258379696
798432768
30886191
206640289
460267802
20583186
223442298
219267576
24909190
522135735
1249695476
46857953
21642976
1171559262
199670339
632165452
1875018320
63429334
886561375
1219309794
510931885
1329274597
26837025
93879508
92742473
93247303
53015487
306713113
432598512
34569505
15848266
1698834463
31821927
43531203
157907219
18293645
65924567
140423271
134221985
45810524
19705628
25346891
31499866
25063945
23830152
33892809
29440550
46869791
313845197
401613697
221119581
23236043
181662928
576475109
17113249
20432556
467427906
56065607
34218423
18988667
40482226
49068924
49570820
310440934
374403514
431549520
20853361
216796248
242491033
404354070
39219035
428080755
38451208
404981052
477217653
41777935
1175238181
193273408
70953641
1091642166
555519656
333290214
66987835
39456398
240620349
41636619
61617051
341062077
468679492
446065347
715600740
859456027
573535964
14997025
16557956
189051125
25262480
369395471
45845636
965762185
47317899
500885877
30927768
19962340
14998206
66985635
35720552
1139453720
76292859
43296812
28313338
1669736581
21695947
20868447
18970504
420951546
23937836
24169740
19042668
25051303
36048614
34050300
39052549
247185936
48702842
1178437964
228694077
27845999
36423190
28757140
35888541
19764533
407634764
101758086
14114267
38646590
31109465
14224622
34703909
26719548
20934285
14659667
37631582
20555875
25966747
66485074
28092056
21645552
19901715
14125317
14277722
60896067
29435492
19067312
30923509
34601836
63262403
18609590
42920657
14276602
81578629
609414457
110244016
82353528
122195535
57653188
10451602
74217252
20223894
47423946
19319985
116697719
14332159
18332222
37174426
21689226
28103763
214049275
36041901
60891099
20611702
436515416
122072320
516671992
40049680
196999109
19236875
36027595
20195297
23651070
27829732
14274835
23185890
30311534
6012852
19256979
48302295
239561620
74778874
19090188
255961843
317700773
33621899
266111353
29704091
830775727
382728860
579901281
123827815
357357049
18761782
193254081
519812457
14932180
48273667
31689419
136218318
1095258624
91762993
243693412
21859509
29000770
744702211
236350910
85534103
165386051
56328067
34342871
221822662
22415635
14159148
138059250
394830712
23314419
17437431
20240015
37904694
28110788
18714976
29908667
23189168
67707084
20374992
18213346
188256896
25144335
196802368
59548897
19901366
14763346
19067283
33467543
22363451
28303450
19188289
49073990
18897831
17410350
24426957
241959982
381502681
25365007
45565440
19078925
27207896
18716146
390856590
29343098
14237373
46688502
28101138
509172472
20142758
16432083
34229862
373890791
90848755
189560985
160470820
351650159
606420713
603766307
25129391
73962939
483190825
16575852
613270385
811677463
23084212
452115335
244225925
248348027
117556848
972575588
847363598
37443725
33201755
55496543
305496121
102390704
33456670
238945097
390348359
20165293
39026205
450583343
21219720
600827909
407029202
1019795018
21592373
52169203
808791812
47134635
33208145
463016653
1056042901
371957781
787763208
351766493
289890368
41556663
250255836
1070982012
33909965
16388996
16418188
94397645
431561080
44869490
1089238542
38402978
1096143589
537055853
30833224
19711897
381442508
993417457
34334830
594491514
42843759
16824078
527914007
32397331
379325620
524486038
68741204
41554173
14340875
377965251
22956419
200097586
873304134
243251250
221064860
529320577
29928571
58477132
33236436
42698033
575252095
225012678
18549724
33483219
22300646
211129938
62266883
81844094
17066475
20425675
279131939
14340921
19529605
30241775
26850290
25498771
512447810
14782968
633157221
454412792
246177161
22975747
16433645
217217458
36028993
26470805
34898791
21022281
21155271
24154098
35555613
23849809
34672923
33217838
291291580
353664792
18555180
246816735
23641557
65447476
82325555
352534464
425708396
14711437
31182307
20513866
14712588
20659166
22988843
6592852
19179740
14365312
32657414
18955891
29428864
24531620
34740114
35182104
18907026
22356192
19297030
32482854
27834369
35722768
19758906
19068089
46099447
20176513
46071066
52011246
48713549
26720210
45919516
25619794
61142736
23320712
62537209
63155239
20585062
52785255
61724625
33464295
36067300
73693511
77982733
23574285
66737250
31985912
40061433
23052230
9990932
70225982
73469705
73870810
83794037
25057707
65602721
19018815
14169957
14687587
26495204
19703579
28340885
17187914
21286904
14687162
24575979
17960297
20515269
1782951
23576790
68352264
6347162
22839051
33252604
30840835
75996103
14277840
85068151
52378463
40340459
17678392
23986190
87237306
32017322
56048102
45565446
29417866
91382711
94188924
53367893
90448119
89660415
28645005
16657004
96732356
110115791
17673981
67582395
92043674
24044383
19642213
49447562
17648646
19766036
34566979
112813136
102616697
61444575
33885551
119141946
19340799
18669139
86025796
22611343
17408482
19659689
35444091
27317182
21643721
37448176
14425205
135447842
135185261
21895134
14358915
18667174
28202958
72685784
13763992
19016697
39743376
18633093
17776433
125930580
45514644
140453257
174959371
56636606
37462020
22014140
143770866
187510623
18334306
136029854
115441879
90582877
151840799
28421699
27405283
203032271
202597933
28169911
72002611
208466420
14820456
197933144
82035277
19734035
21290360
43071761
182852575
218424203
216357534
198809288
34357825
224623904
211794894
181970954
20008618
67557660
33849335
176155262
172896557
240617726
135917823
58911829
209022228
29463057
123554931
75060420
47311333
14450979
26768614
245481553
26564673
71212082
135153110
34285054
31421204
32671410
33981095
24544566
38882731
36476071
232485720
44333057
301315129
157962885
21245040
245511607
43187396
52653687
30872351
320374844
9543842
23503272
272477014
50389557
72504988
340566246
89453487
134819913
342637896
64146627
164762341
349262757
350204862
37231899
92747619
49085204
32660698
18087674
37390830
138376196
44878703
55175377
24915751
308325971
31086346
28957526
45594856
66204249
27438286
78099370
385365440
22638711
18721327
27834886
45335955
16745097
402013643
22486381
21078664
31387825
21141465
47358896
32844394
14406454
410276467
411736918
33497800
25313658
235743135
393429748
421125838
95238065
250539349
21890520
15895694
366113519
55541718
248855654
14912049
24522482
117790910
102963465
345842262
32613716
455213346
455709392
210463171
21662383
39599815
319216129
47453114
75638596
376097286
85403705
462287332
293430103
464118576
28157857
372453139
421737708
469323921
14283805
108375433
28165217
471841642
42690697
267403905
36389224
470149278
392266891
73405963
255098163
474833009
20839964
319166121
423298965
277496292
476063838
33482265
252361852
44423487
24250540
63836368
33307967
65142510
20143588
484146044
71492397
137292619
340387185
455235738
36378384
19240660
28865987
18628277
487429328
486034697
169028500
17362488
493131991
481539254
20431436
26761938
74469448
458665448
498136730
355702635
45396043
16912793
66217612
121560206
467529664
54936850
39334968
146422421
18760790
20666608
19233560
480651483
33190359
505714971
54494589
473914976
14284305
60084776
516319197
15736172
498712475
476053260
24687109
193207281
29471954
14291795
14242271
41112318
377421079
33916529
170612254
43671722
520423797
19949760
37677256
191575271
247488242
40099928
93847093
19119226
538479138
21649090
66796168
31709331
361164843
39966546
72245600
34928067
543659936
214845100
19670805
19897898
132885078
17986412
41908037
35306702
54479468
89484734
325499505
17987516
85883333
103280252
539397380
312598961
414334941
64441266
25499969
382701373
18016543
569788630
510223349
33502071
22774935
28726577
26248712
16813552
454191471
523000316
21905404
99708447
133201357
34303223
14296042
396618124
495004140
577249224
61735082
577472022
81927608
31195903
41816215
23439822
44174373
143208102
256504306
212679945
46217923
361126944
521659900
588234393
34893214
58469412
20133350
123504602
29697649
66664753
599279253
78926518
160676165
14284876
261750054
247251231
624128870
399591808
25974063
287132287
44710412
359979092
725925007
557794380
615968086
340384279
63118794
35177755
607016620
273638217
433635563
30873513
103555738
46081160
744841262
612664952
27062533
402655240
749773826
34941106
193311364
21746816
28186346
58769618
739198430
594047993
20437900
314635115
31737709
116775679
767309946
312623575
388202325
384770994
350370406
72809688
756881286
63132666
73415651
29679993
57304596
779985062
472017136
49627168
481458863
33192221
20673130
42722464
31402588
122072637
20301193
208673104
634775461
31271133
464621111
138426121
9695912
22920732
819547784
20145056
20662498
84271489
38643660
819430442
33292641
43062590
835751600
15396365
117834105
381064674
481932428
44851079
748846567
47997991
56467191
473201314
20667152
233511339
13671842
21229126
15064455
44311474
413012476
16668912
92033007
14859175
862908228
478619105
7823022
823719428
21866798
28087996
222345297
429313316
447475707
211839867
877944056
576117848
884539826
325470794
58224806
248447267
887106534
873777366
502801241
372741260
197812912
921822648
927237186
77710385
515267370
371761871
17471820
28818351
27712483
64489186
22830267
210046869
83352280
86577305
945514393
66620848
394247646
20524936
32991016
19784844
22028192
27848098
36307732
31386412
61450363
67723513
41337693
63129578
33008891
30829613
19975445
7677252
32113690
17813010
20392012
29716556
14287018
21391879
26719515
20796069
27716729
16542861
