907517876973834241
1382754621727342593
804597968
864822148770168833
64848181
945640543593402368
1050726893064998913
1228584361
1192479630701289472
937253471266406400
1002095225752387584
1135223517002240000
237524449
207608019
53492181
435308853
126738625
17931154
18750941
3248864326
42279760
1417201208578748437
32557949
44089129
87932876
26667326
56044169
225351793
416284690
3758934681
299522516
1250499108286201862
14287243
57905771
319072924
955456516659859457
1470607100
87914827
509162237
935033864
97925972
1450680715
190191502
1373597254678945793
2912696357
90354449
1373247898515869701
932692603082104833
85537786
65309848
1031447001672478722
1176514771983773701
707279214
783213066813046784
1460470729
868328140438990848
1316289968164286464
56662593
1362331039
1347295592523984898
1355970421250781191
607946179
45480824
1304361770539266049
1286294355020521473
3747320115
852998983
838426953287872512
38265914
2935943441
905403862462410752
818927250284433412
516657593
421738303
148755634
555848992
1124377114738872320
1192785575260119040
1326826122345127936
31356997
34996638
88909370
1303645922858016768
414693833
76746844
2834385621
17492763
42037146
213999793
1318432419586990080
1103233672680013824
1205244043745214467
331612214
1181840582169288704
1482000162
2240680102
484083569
38908382
340474192
538079747
1374827906
3034092143
1173340108306755589
624759846
214809052
609414457
27719997
577472022
22956419
3364210756
419001174
3434684175
1734653000
943820029581291520
4096198583
2883782007
713990580
20672548
1048085844
1234733314503823360
15988876
3405323709
890156624303849472
2369854828
3429865683
29511854
818220743985131526
3116109856
1127890457135124481
1860553332
1060471235673550848
1020915620
763371074
29700872
2727531531
177917586
901979438
765456692
125960653
1166762183763615744
153375577
76716110
67565293
1011165246298324992
1009349311249944576
34898791
189051125
319216129
347849896
871668595
997944410624155649
247750463
1200110624736456704
88236209
584061583
1193925240
29692369
852494774
36124905
54917900
19705628
40935476
18016543
84709356
51103171
546690781
223812019
43594318
251523398
765932636804087809
623956741
600428126
1435262418
4012924839
996362321780932610
1181109953295196161
17187058
14118487
980092177
1164583964004290561
17298219
132852018
52675259
827831879642529792
1118573235183017984
1162659741765648385
1163704011301838848
17867455
61489446
422026588
796712285305798656
2741907000
971308589687156736
902911894444527616
100037680
790879650482364416
26470805
24523390
1133852052185145350
487690141
1382743280
49778495
1382215398
66073037
72675026
911184906
807732456887488513
265486447
1116034307540291585
135153110
2590058264
46101484
4827921938
744792649245200385
98995029
221476163
19923066
445134974
12648002
21850674
44331626
19061712
906294173199937536
782848396461834240
18425625
136184787
1070979968551784448
1049634970526978050
1075349590851883009
56976488
1143974095
226159916
217856290
18333954
81578629
2335360295
755459920431050752
3889768415
1277542093
64054094
338369157
37509974
106347399
66782852
3171065183
317643480
239066858
36775945
27707673
812431372174454786
4579554879
37416154
39974570
2586939154
449971328
102976177
398571085
34038925
247574859
177177776
60826646
28973543
74539103
16575626
253469738
2545609297
2559002312
2645220702
2742671437
2765706774
2766008221
2785883318
2792784947
2976644129
2991119034
3119889670
3307039066
3387267375
3391710796
3414509159
4155492063
4791778277
704056943195906052
726408395067133952
727069075541745664
932603165781962753
902169719385587712
2575140636
1028275856937021441
19389900
3076779896
397411698
25346891
1087204423
983989400148332550
1032283572592361472
37379693
1254926328
1006451373456744448
475069106
341132281
2826485094
147950518
717631478184681472
421974447
438602228
2369032636
7677252
32535843
1024370707315216384
3531876797
33609198
13360822
280033520
27845999
2219144097
214845100
1157993916
926533159977652224
32671410
37904694
1248411960
36334731
944272351193124869
301942559
514455738
2257035344
513091074
362942891
1580499726
4435960516
38410436
39472243
738051932447723520
2813530168
59569015
9990932
14617551
21574473
20611702
221064860
38496097
86154361
221691737
14487318
14125317
241959982
106367656
20969268
31394950
1517334528
137253291
38632472
365976605
1731175884
51403907
22674099
848824298
274099629
87398620
209022228
577249224
40322305
14302151
1251776179
940876952
284761553
22677425
430180591
14420387
1685165665
981875282293424131
483806349
520658632
1432993051
398616191
1055050484
481401647
2980929738
52378463
24661033
384825486
1169104243
2953127843
2611654956
947072792612212737
810974096850898945
728681272000794624
96861734
21245040
381977950
1518888547
17776788
895021435
3027267779
139109080
836188304320172032
4306470088
828927205837246464
14277275
866766916773457920
29967293
874736502500200448
900794784985608192
860129059
902730610728423424
875818268757504000
23084212
804678572870930432
27704856
28128082
1364604146
1570578072
971076507786469377
236951309
63107218
1362907921
149410514
59896145
28084565
631010196
182777714
51576063
172544356
3129875193
932726724
725925007
894284359821398020
840198864665772032
2479505408
2464733534
73914963
34580764
38016658
1546679395
815188041308446721
19386796
273823715
107182526
112436228
2271932435
877944056
285008517
615968086
2439562192
49720422
52765131
14473462
605291007
1545946591
515384751
32144904
906524430444134402
603775254
78539685
248706024
188279806
224623904
18387289
24693882
34725952
1469396366
230649466
1187602442
712645860
478026444
467482777
44320971
437373893
3354083716
192689889
722711599367254016
92489022
2839846324
263847903
18519026
1240805844
1129039813
776212818
275505184
1880776908
417314545
589840479
1340224394
369981489
47140741
463292755
62060746
3164014775
122072320
824387931460792321
138174242
57932072
34342871
26248712
60021698
16824078
838111239750447104
380932103
818106263175393282
21863587
20629858
34050300
14997025
38282491
140423271
1481711304
3621570015
33190359
324875767
2250607685
76891850
30927768
20195297
17113249
47606328
1706528556
45565440
82353528
31110822
138855525
5434252
382076873
87712237
37172109
272457158
3410122983
61202269
862954835024515072
72228773
19764533
1426289635
267204162
2267523598
807095
3108351
5120691
854963407828725760
85594944
993417457
520670946
348733384
48316960
21890520
105265572
219465351
844115353181601792
53876028
494429348
2298151468
951718802
14574520
1068740580
47629361
122334031
2341253739
240003465
19256979
21645552
1193158483
31087581
824943694549774336
28190442
64677507
606448747
36510958
1234906554
822388866770309121
756881286
260308246
31963968
612972910
27603445
282267798
818738174746890241
1962607742
25336045
817028683978461185
4012264515
20667905
875167784
1453024098
133798612
34013960
31687026
400864184
31700411
14230180
27844742
299691449
202741167
63145400
19018191
2985854230
34972320
14998206
2235175809
41312208
60532178
24531620
9695912
247185936
379325620
3060165490
38842425
801022298509680640
62523083
199063494
31423389
408636835
18213346
14687587
329773925
180315164
3419833193
338557070
1691130469
40049680
20679622
387309747
1384082689
44865727
156944270
398660979
66664753
304914479
901677504
17756047
3768264814
28170408
769258254421618688
28957526
2189498315
39599815
4609200143
19233252
23500723
88200293
43062590
525150755
515431540
1882689842
20140230
4023469463
22012466
63421565
36329654
37928643
22475991
21196759
237260418
404308550
761521434170654720
700612595452026880
425152354
2612248771
1464466166
497245511
49072458
349872308
48291718
4163681117
380405533
703901676466540544
3138759781
1479532554
72814742
3026568364
727235377854070784
1329866688
88874208
23970435
2561668698
402655240
19706987
4614309443
22604909
23438083
1265167464
865404804
105140705
46338044
28075577
479442225
20223894
707991528208207876
29178136
159432732
1440727904
246816735
69835350
356063063
560965705
36027595
28148610
1007279654
40936532
30385952
478557274
23430760
702478602428944384
40038478
3214237948
4823895034
32352209
3237384219
516455269
4216927337
34231784
2812762495
14330330
484679547
4891704117
1662687974
28726577
491297192
78574896
453127118
240664803
45818077
513708433
223406872
19762987
184706066
2751594014
75742264
324844301
144622386
4329666095
219824450
31397933
552525727
4179613355
4069521958
4228977520
14291504
47317899
66693790
14763346
33885891
28110788
63451448
292484280
2215734040
39026205
81640103
587652947
15643631
2715136377
4136485779
60891099
729127914
626586144
461105934
2172517161
134425466
3684104357
2526633620
2148623089
582673525
410658281
21100803
36708366
108893642
210807672
221110729
404093446
3634848856
423301388
3543405195
2874398938
471262541
350370406
407634764
69239792
20176513
527875212
400839049
36352388
3023090697
2489786870
3084121947
150763346
132183701
32397331
14894302
74703373
340904904
170747491
21022281
20853361
17230800
31499866
74143933
238125536
230457924
1107372186
27850535
1108509721
32416211
834073916
2949875338
966028940
142613436
1536791610
822215679726100480
596346380
3063627815
494384645
732570222
14314495
10129252
3165790233
634537522
549327479
342052637
579065545
3352344382
819168234
31109467
1731314083
2855343141
47909519
960775387
342652101
34575407
40869450
292162091
37387091
3315227825
55496543
26719548
76292859
14224622
10451602
14332159
3219052685
1167061771
225273059
908580050
14284402
3080936239
2449981266
226541566
3247493613
711042579
3082403241
497959904
3243403067
33852061
1037031822
280019924
148391437
3081380669
19061893
194943460
3115722097
2338201185
137292619
404010565
3175807619
404376094
414334941
799696837
155947599
3177581944
832999183
277438321
2957149359
14159148
1093090866
818876014390603776
1339835893
20596281
91382711
18850035
76927088
1322169571
23236043
513584555
33236436
15857285
28090915
88660961
14286624
1176513984
14274835
378833246
339255742
2358808667
14349218
730334082
272507554
166739404
238945097
122195535
2850009906
366243118
2341297653
189254362
2752846128
42468279
862125384
61481011
66985635
313845197
204814566
2188281660
39713692
98940882
703186637
362360582
811677463
319228928
2425456266
22014140
265887867
236350910
27828996
470253315
873200750
49048476
44837562
756895303
2977909707
2966028785
3004021095
2180532753
815284470
103555738
39219035
2491073516
905595618
478861586
349262757
2512551217
356128400
2404437771
64366720
562714668
1477365528
562736698
210463171
2435945576
18360037
623560628
37976578
71240937
619863166
2951678446
1510235358
2924816561
2961964816
48660856
1405862790
297337092
19867810
436592526
1718204779
70953641
529320577
351719895
2910987309
38155506
68413635
94210419
540278521
20165293
368975894
76883946
18096145
33307967
1879327742
74128420
707927607
41368771
27062533
19659689
212191011
72245600
18777708
2180608131
1698904650
269976159
19093789
2336438769
1180316755
72880522
1363948086
852524497
17410350
31371709
14659667
436644188
64385966
2747436220
25966747
2454973858
223751058
364157227
92993245
2796944234
59083291
268553359
2801985807
446505294
14196264
427685011
1842716472
45639284
2842554298
14296042
2849330795
2860805657
513589540
2690765206
52539097
2213108150
19712127
2546353465
28529735
1322229337
74847406
2785327907
2892899405
2894558961
1688392058
221119581
2884528372
629203047
1632290874
34285054
140952381
35186651
196802368
2176733820
390115409
1519675345
478808828
56199360
32352556
471425301
18293645
82825318
2864493395
26611789
2724488470
2601566029
193611372
1627160990
2690956560
926041021
883921728
393623128
64522546
973849231
96015722
1238170286
153758747
1425250626
45565446
838545979
63979471
374473407
486346035
2414145584
198625434
403601337
401950939
2698191974
27082826
2434054144
952609081
47618117
18335499
31512292
2491148766
2565041722
18377085
291630537
2589341443
83199512
1557584240
2615033302
603827479
6626182
1324175449
1971544902
1329274597
30662875
1875018320
1219309794
1076088475
39456398
632165452
2228363243
44344421
420464033
2398597992
238308510
433635563
2445050869
1357561580
1204838809
532576506
1091642166
2264840661
2310502713
42250981
29715510
30266226
1534655556
148686363
46734983
1698834463
2236337098
14118604
34928067
26588415
1175238181
199670339
62574827
31689568
45845636
1726299720
891754482
32922138
48966732
90855234
255961843
407869459
545394515
87179667
25504185
26761938
631313695
1662674941
127637736
52103766
87183142
44869490
475172955
516671992
491519829
18674986
66735643
25858578
1535937890
19642213
90870093
58469412
47282349
22834808
46644261
199767329
390856590
45810524
18374073
38160722
36067300
517750014
18680691
30842514
41816215
420951546
19042668
366126944
381586990
464202341
271606257
48702842
481539254
313155338
573535964
873304134
885816277
1178565788
277954207
1103808170
1546575727
33467543
1546846512
135200068
458203852
112813136
19077517
510931885
29659136
1077700136
1316676050
33497800
21179460
17137628
899800400
423298965
575252095
1338522338
371715518
464621111
20240015
19766389
490191091
14277722
186762172
19975445
352534464
42843759
19949760
30923509
54479468
1178437964
1313453989
1302099541
522157793
634775461
42698033
15848266
25380560
39052549
404354070
39465867
75060420
116697719
27317182
31737709
468449073
18761782
63129578
41337693
17673981
23185890
102616697
172896557
27829732
29928571
873777366
110244016
454191471
18714976
32844394
56125230
291291580
196569190
33464295
20513866
14340875
20374992
46688502
188256896
14114267
92962860
381502681
373890791
26720210
23849809
32991016
221822662
216357534
33885551
48713549
17066475
135917823
14237373
14116807
101758086
246177161
47974057
82325555
57653188
34229862
46081160
59548897
32657414
46857953
45919516
29716556
23574285
62266883
21078664
30241775
200097586
18669139
14287018
18334306
18716146
239561620
20868447
21695947
495004140
18897831
21746816
37677256
32482854
31386412
42690697
370103895
36307732
20425675
28303450
33208145
31985912
536070719
82172048
425708396
357099003
422251258
36389224
36028993
61724625
19078925
66217612
835080078
33217838
6012852
473914976
48307015
211794894
362452907
351766493
231604412
236842303
399905956
321473098
406892131
106077757
403001521
412384570
69273072
415579647
421135307
14598600
34334830
66737250
425245157
340544984
38844838
32816797
56328067
61781451
34859489
434101971
267403905
187142414
49627168
43171024
57304596
16913083
304049189
241122170
148861685
70474879
20883211
307353084
479528463
486885624
87320290
491589246
470375599
29471954
424903704
32113690
531575799
532759452
538451806
191849073
31709331
235743135
231205532
112428297
40906588
44207761
321904302
18319850
560571749
382701373
587685448
49917790
577279660
306916140
21301081
525982660
34295699
29507201
429963689
73979041
599279253
332496275
14407392
366113519
103097873
30311534
772267837
44135812
21426923
291305246
33292641
34672923
23338496
493574718
85087812
747228499
770292660
55184137
852920305
359569481
839847986
14284305
66204249
863188267
864302522
44896803
871535269
838033909
492455263
858496435
281492251
899632334
902402563
266111353
85557412
129819505
913125264
918785168
878664715
925959997
50389557
18907026
205863743
421125838
34357825
279131939
44851079
588234393
217217458
19901715
63155239
23320712
41554173
47423946
46099447
45594856
25051303
27207896
20142758
6592852
19188289
29908667
14340921
49073990
18609590
21905404
14712588
19784844
25144335
22988843
42844817
19179740
19901366
24687109
63262403
25313658
21391879
16432083
16813552
24154098
27405283
472017136
25619794
41183221
145337107
95238065
25294402
81844094
58769618
25498771
26850290
35444091
109859732
38882731
243251250
23986190
49372138
58733138
273638217
23755856
24143353
26719515
50604877
455709392
20301193
474833009
32085536
204781248
38451208
398613166
37483907
154456153
27716729
193207281
61450363
214049275
33502071
58771301
18342303
22300646
369395471
19529605
99734015
18760790
65447476
22415635
34941106
19119226
169680131
17075534
16388996
37468448
39966546
231400572
32837700
17813010
24169740
38742564
764884
35453508
33836973
43242212
34249307
28537692
35012937
14830189
19125743
38307490
28160325
19758906
15895694
39299317
28091155
16921761
25315706
25043855
24046713
15776620
29028155
10595272
28093842
36320315
14365312
16542861
20796069
813286
21942750
16557956
