42844683
3025589007
1003699123940446210
64422514
807692136
34656014
4894248365
93370588
32352209
167344031
1231000394379251712
53732896
1011778051468873729
1594702040
81578629
1858063040
1285952984334192640
428352489
14617551
23418810
31976183
810627417488297985
868067207380709376
270249151
77721730
1414494862204936196
2929647544
636403702
908669832
1269956479387344896
1373597254678945793
861400639
28998776
860188105982320644
37696624
3671138595
383786444
707511117417947136
148319829
26207988
394782575
18669139
571656776
419788091
30881344
1291291990701813761
1326818344914329601
981793252453044224
141341375
1420264670
6285782
32816797
1218939998243868673
20672548
418947798
116421375
405113967
261852783
99708447
39713692
374176832
851711323
612972910
2996731568
29715510
287785714
52680590
1706528556
2586939154
315749809
475024774
631923595
337332303
23937836
803694179079458816
30354991
226222147
1016242304
1316289968164286464
19501332
2615033302
22356192
819839177596485632
1311296533720072197
3351661713
2863523277
714056642
349872308
38483841
291277159
45565440
265414216
577921890
137776972
4691276118
1661058085
125960653
57832321
186404031
280183942
538491906
3179621871
1192479630701289472
23700852
188021130
1275457709702348800
30941476
954646879932952576
1548432379
274509836
19157451
134450015
319228928
36594701
441090098
27987687
1019212616630177792
472187700
45822628
1398404742
36747640
833800521601445890
333903537
72292202
59569015
1198189740
895171476
981668744920535040
1225716518870298624
970207298
216776631
357606935
813286
939091
2240680102
24044383
471837649
37416154
943820029581291520
44983912
385881449
625097838
1172011488795643906
3198010973
35426997
147506433
2185841
47317899
14420387
235113182
49935296
502930299
112457602
28304157
227241501
318977179
1240932891485515776
1205100582
55258706
17602628
340537327
62060746
725925007
130597727
728743549
464067119
2341253739
1189852088387473410
122072320
1191222626976444416
30759351
56199360
1908183746
31499866
28303450
18714976
34575407
1052460221707313154
513091074
26708613
423301388
752536534486843393
1072550388384059393
36329654
796283701277638656
811522664
4179613355
150619311
19107588
17673981
503455592
840198864665772032
1073150909637689344
257715213
44317501
82825318
21423985
177917586
18387289
250095166
574533714
1432993051
18611983
33609198
34990338
3399958593
138035990
515431540
461923194
2469018804
3531876797
41310301
4283437995
3645023901
208240682
812431372174454786
33852061
764124031
30439759
26214264
779042405664362497
860078012192219136
43084246
1148709864
564046508
230649466
30445875
1557584240
25129391
2428650736
603775254
58733138
39974570
14330330
361126944
102633179
467482777
390115172
893240806261366788
218805884
111108589
14602541
112871323
824387931460792321
82850644
381977950
2291729183
817509478279118848
22488324
2796944234
1039452590
2910779123
792605850
811349395
1329274597
275181294
14286387
215993689
44878703
29442313
276675433
203669147
1536791610
1339835893
418542485
238744430
379325620
2423551669
28807544
107140486
707991528208207876
2576987428
1442188742
4699029164
1901547852
2698191974
339255742
14360897
272457158
64391993
769258254421618688
4891704117
342652101
19867810
67268011
707927607
4216927337
347761854
21296047
88909370
42748309
159432732
449697258
37172109
19164987
204422762
130267435
317100875
454232244
47909519
765557752202747904
39219035
3131144855
237524449
238067126
21086162
268254451
716002924481093632
20611702
34972320
19764533
17756100
462287332
699208531464097792
2236337098
606448747
112428297
2610923680
3353894614
17756047
3082403241
2521784014
1681228376
887409650
560386607
3436701363
21022281
40869450
34894264
3315227825
772267837
307848443
297337092
75214773
471709113
211862856
187517597
28535253
47974057
19061893
1953886286
351650159
169201702
420464033
222867271
19965480
1598183094
2858465921
1322229337
125930580
3032242409
87932876
2978119762
393623128
2964662309
38265914
299269647
561926974
14567968
160665911
57615054
2886607203
449239964
2892545969
1238170286
2858474723
2213108150
127501126
454085699
2826245454
2828212916
2824726050
62523083
135462216
1534655556
1726299720
1875018320
937726141
789004010
54848187
434594499
266553628
51383987
552032678
806398674
193631695
2340298376
2575140636
27082826
41368771
516671992
33201755
19297030
112813136
64668831
74143933
2336438769
199670339
494429348
44344421
1698834463
1204838809
199767329
54479468
1091642166
70953641
296494341
393416189
2446833296
370549342
417445713
35813632
18079528
464507252
39951851
388347913
528770155
1156461199
72245600
247185936
324844301
27513352
539022829
2228363243
2271764906
224156880
22956419
134425466
368975894
1662674941
389361041
886561375
575252095
1867716644
1860429764
73979041
1579870908
404354070
838545979
246559875
236350910
1682855882
1535937890
1398041738
1058955836
1265167464
1409688163
29700872
260692284
401613697
1357561580
369395471
863492995
176381744
982682695
22172506
92742473
1219309794
57592947
32991016
66664753
85545437
1274590567
19756545
300791550
202595986
18628277
33008891
1181561850
39091525
403636945
34703909
31087291
570763281
74553443
17873227
400864184
112503796
82584761
1196497765
560997111
77982733
491519829
14291575
509172472
481458863
425152354
347849896
182852575
151044755
1178871319
577279660
36468498
1178437964
376148268
377965251
40850801
602603558
730334082
899735234
32987343
77199754
41816215
517750014
904069603
86154361
806356550
29000770
241959982
302184211
549327479
17410350
55184137
726822912
819106128
32397331
18761782
1116299047
47606013
1134623658
27405283
873304134
17804381
76746844
14296042
319216129
20165293
27716729
425215998
14282840
20240015
20176513
95238065
31109465
74228136
609414457
243087788
554537549
153353952
412469949
318931392
809301240
57029446
561464565
397853609
351766493
19659689
19762987
221674336
22363451
38715001
408102170
45295778
196569190
55496543
873777366
154871126
42843759
45919516
529320577
228694077
30927768
33467543
36028993
31409120
25294402
27845109
27207896
23849809
34941106
33236436
57304596
101758086
36307732
18609590
39966546
116697719
60891099
373890791
402952461
89484734
63262403
117834105
396618124
60896067
47423946
34556256
18264009
14358915
31391886
45818077
33841934
425708396
38646590
353664792
488493877
18897215
472017136
18907026
925959997
16388996
129819505
895579644
45614100
878664715
33292641
153783912
48660856
30829108
276660414
292904816
804597968
622139089
34573268
279250117
17756941
35453508
404124016
247012851
38163216
773464316
267848594
18293202
103901554
246177161
134110126
28093842
234345348
176227913
316418426
30529301
57932072
32085536
16575626
267403905
219592402
494417962
29704091
407634764
425752806
500870066
27844742
29471954
429313316
532576506
19256979
560964866
58769618
307353084
307819903
223442298
46081160
478189835
28110788
36027595
21078664
385016913
197371275
286072305
24687109
473914976
47453114
19901715
25346891
23651070
64441266
26588415
402013643
25498771
30284835
317034318
66485074
29447307
22300646
221822662
454191471
310440934
42250981
15848266
577472022
90448119
29928571
59548897
90848755
23058290
261750054
116711007
626277494
239063731
463016653
42690697
355702635
474833009
495004140
25670311
43671722
338651001
103792291
268450658
19078925
35248084
497641923
613295770
58469412
525982660
388202325
36510958
34601836
17957492
352534464
19962340
138174242
35888541
65142510
14285605
475172955
42274760
185614761
95859095
25353273
560234891
464621111
586974789
321904302
34342871
573535964
563748876
570781063
84796534
33208145
466342611
19968763
37483907
37668782
195279989
142282484
188256896
380273789
399905956
26470805
195279438
32113690
34218423
109711031
31737709
521142005
34928067
142199485
44850238
49248859
29343098
204781248
479528463
78099370
304881111
46688502
308094016
93899982
455709392
436515416
366113519
223608608
401628224
14464119
66737250
196802368
217217458
34569505
15907720
23986190
403610517
420264272
421125838
235060523
17113249
214049275
37880184
61450363
350370406
102616697
381586990
397411698
24507421
56125230
33836973
44865727
45877859
196409507
109859732
172896557
21179460
33502071
291291580
31840286
19067283
65447476
41554173
59580884
37059159
196749708
21863587
338209422
21881359
31386412
41793828
25144335
44423487
25619794
18016823
28822089
16813552
44333057
16956767
32660698
46099447
18334306
26850290
19642213
33497800
24439568
64489186
31421204
62271664
53367893
102939147
25380560
45594856
26719515
196999109
247947189
247488242
135917823
132183701
200097586
216357534
38842425
210463171
65368576
108014618
279131939
36389224
14365312
41112318
19529605
239561620
44851079
224585412
17066475
24143353
59180070
63155239
14340921
57107167
23084212
233544676
32671410
279418771
35441218
42844817
19914894
20142758
16557956
18213346
37904694
21155271
62309239
32866277
222818835
33991786
17962467
29908667
125679745
22014140
16432083
19188289
33344775
27714427
110244016
277952606
30268307
28305009
29435492
18461311
243251250
66217612
71543266
128220859
6347162
37443725
29792081
20586070
22975747
18897831
16542861
43319571
29716556
32482854
36067300
21245040
22988843
33217838
19179740
19042668
23574285
41337693
21746816
23189168
21607678
14712588
7677252
19063880
30241775
25155468
26837025
31443715
31985912
23185890
36201019
18016691
26248712
24154098
14340875
31110822
38160722
20513866
34357825
38882731
44633157
30311534
37677256
45974616
27829732
45845636
19766389
48291718
46071066
18264506
56530423
40340459
62729230
62266883
34898791
19784844
33464295
32657414
38451208
18374073
110724458
75742264
29494092
75060420
56636606
14349782
33887894
146580117
180332645
33478251
24544566
19119226
23747876
21695947
37665779
82035277
72504988
17960141
127947675
23641557
233853754
211129938
47582349
122195535
235743135
245511607
24531620
21905404
22415635
265411104
23428607
246816735
20301193
18760790
25051303
21391879
26720210
34285054
66785999
17776788
91894424
35865866
48382350
62777967
101860396
17688363
48273806
124437217
44393944
20425675
15895694
203047673
41224274
49073990
273080101
231786198
231366260
216428615
93477141
19712127
47282349
26796141
28529735
20796069
25504185
236556983
21764345
14286624
20233660
23338496
17064280
23320712
18293645
14287018
17813010
18955891
29983543
32844394
29553249
14284305
36320315
18680691
37468448
16921761
63100709
36352388
46857953
63129578
66652165
34672923
30675675
69538062
146422421
89165429
25313658
6592852
78574896
92962860
81844094
228805938
37390830
21942750
