849964518
1443831115173830656
52920859
1055021191
64798737
118999126
859363899291742210
1295704479581511680
743501348
869103596419383297
26792275
907907450199830529
746256359063232512
216361540
2179010672
65357102
1576808508
32472513
902169719385587712
24909190
912746546
25227444
1433759651397472259
2181866944
84639315
33475848
21905404
1182358025165836288
1414494862204936196
28877969
709605394285518849
897368852451004417
34357825
61450363
868067207380709376
60532178
410236677
2886663105
725925007
366113519
2326177498
56125230
1704846721
1072538163887964160
44983912
141709341
25346891
1350150750966603777
34696385
1311296533720072197
635716830
3162364654
56044169
1053108241
156580448
976057988
190741481
95238065
17621447
2173779986
94701778
2425571623
14642495
49935296
2393844469
23606104
14290726
192100065
1612788259
1183630219
179181381
329666643
26349198
72675026
392683955
26470805
324657871
44455957
218063694
4569304528
1551459979
133798612
132475328
1347250338
2559002312
21100803
2282453770
19161627
304651235
415910519
14277722
76746844
23587179
875439319342862336
68741204
3179621871
740526594
3247642671
2269004974
24664027
364377121
2228363243
18020612
32557949
2964381029
14417779
56199360
746943120
42920657
24578146
416135072
1621271
955456516659859457
134425466
271094740
3429865683
134755464
19762987
21645552
1382743280
2250607685
19764533
838111239750447104
932603165781962753
164226176
195681218
20508815
29658846
811229675758505984
337332303
309559389
834609484781723648
28323152
29792081
196802368
27207896
44649930
384572225
137985152
966128442
60907043
31109465
34972320
17710148
376747336
169426475
266111353
42690697
23428607
771437611927891974
14360897
1726628515
241959982
2741805903
2742877907
764547597520568321
1479703394
4791778277
33609198
1037031822
18475198
1698834463
357606935
353939828
36747640
970207298
29442313
1070745218
117834105
62060746
2326241356
291291580
20713061
2428650736
1329866688
1849010060
28128082
48302295
188279806
3247493613
42212356
14243708
47974276
152402698
420951546
726408395067133952
1240247868
374176832
971843630
784455210907398144
86154361
2927205058
38824745
24575979
727069075541745664
1360619593
390115172
3853129577
64391993
42401449
742365063584055296
153810216
499211936
238308510
966113328
33305235
4216927337
26214264
250062961
137289317
19867810
1855109353
2976644129
707991528208207876
588621200
37665779
19236255
1892744460
237938196
367924839
2192058508
34032735
3165790233
302971361
4804269040
38265914
4353260675
273890838
23499901
18988667
30927768
1108637306
103046392
4212061
601775338
4053445697
107182526
19177501
200049436
247488242
56328067
1676490450
840287395
2711802624
472851432
6475512
237266653
282740590
23442357
1685165665
30187142
15672615
2777336179
464622858
408360989
199670339
3429552129
560965705
3747320115
109374678
346123314
153004670
344031866
3413172718
271902473
94147874
487486212
47974057
308325971
21253940
3350565635
49949837
42844683
220971456
297926182
250089507
217570201
105897061
224614992
20140230
25901725
1146141373
233253956
2889268871
40833884
226541566
82333718
1369471830
2229232175
31700411
238945097
1339835893
104277809
14340921
14291504
384222102
74418848
223856272
24506246
33502071
103555738
87551769
138376196
14340875
236350910
734478434
20210193
742639676
291561599
2396335543
2916456143
184722739
591460008
370103895
33200104
460251295
509084624
194225757
2586939154
2415920848
2715434333
59083291
1273339802
32991016
17066475
37904694
45645330
51987179
39599815
19775860
258495072
65363191
316125313
237293370
906510229
1959103621
25482204
951333086
19496771
400967350
426127419
33192221
34285054
37814586
18167583
328932781
193116688
345594793
1086635948
65313321
250157673
891754482
1710202574
123818702
460163041
1611324854
16935292
30241775
24177970
41636619
1875018320
1669736581
510667520
2611650650
2229626174
2434055114
300787044
19287037
603775254
513584555
374473407
358969925
34867203
422727117
20676292
60896067
16681111
1092087300
2467169979
1842716472
707927607
31499866
1332194846
229640435
49100964
231218773
279250117
30952976
35795414
84293868
37174426
473914976
17410350
1901046649
420382799
23849809
26708613
1229826619
18721034
18549724
47606328
48702842
1346442330
2264840661
271538326
33033900
1582853809
44344421
1534655556
67274817
45919516
72245600
19067283
74217252
385587434
274099629
240620349
9695912
50393960
28092347
1264486106
517749787
46746424
206640289
29435492
965762185
171697811
83199512
410731663
37685197
135462216
18459365
97219875
21695947
33954545
59580884
380593040
65447476
32352209
34605064
322531105
1662687974
242352871
124436459
39219035
14159148
7027112
156944270
25365007
596639349
61781260
14291684
401613697
324275766
40340459
25380560
113002313
47315949
307456888
384619561
447033944
353664792
38282491
37480884
14283877
6307592
84868803
257911937
241536222
20382790
1168907827
22839051
11799452
792605850
28692401
62156156
26837025
403272223
989328427
19749502
1550720742
206181354
1486159580
248328200
19813523
193611372
382836218
1465357320
510223355
1364410842
622139089
53290662
23236043
46397919
1238677232
212658605
74143933
1329274597
31101381
1201821740
1178437964
730334082
231118152
1139453720
383442601
226624229
373890791
228482831
430180591
27716729
948542563
260308246
221119581
425708396
886561375
14420387
14687587
76296106
481932428
60891099
28818351
461877129
29447307
817144856
804597968
63132954
19078925
134172743
711451225
21862201
44126610
785296753
198990292
89484734
92962860
116697719
36067300
76884233
575129909
238089804
44633157
35888541
16557956
40049680
23320712
53949942
18714976
17230800
30911018
331559433
142326694
14323968
23608172
28099901
570873769
55204617
37677256
21030513
318271193
16904394
436515416
495004140
38439143
14712588
30923509
537980101
570781063
18609590
79992803
196749708
310440934
56220775
34342871
247185936
407634764
48070231
82067621
18829430
43671722
225583877
346035066
40187767
36960333
516671992
14379246
241109011
109946703
69835350
185182752
152982996
454191471
18762214
138174242
24143353
31821927
479025116
246717186
452896048
224691234
63262403
117456179
291277159
461235256
217217458
92360335
421125838
53896756
29440550
113676041
20555875
21759024
56202063
26772241
22363451
37034439
42854868
80596164
286267446
216851823
102415577
339055436
75060420
26713080
209479569
341991404
66217612
66931009
19188289
29928571
57333511
45594856
396618124
31443715
19319985
404688827
36038441
382269277
64366720
35248084
78438917
214049275
37488920
188256896
277496292
19784844
19529605
41878492
41211009
42730477
65039753
43531203
31409120
6592852
123611918
17113249
352534464
19236431
25144335
21391879
14284305
45179583
28148610
20374992
28103763
17482729
19535586
202175362
29716556
14698968
25966747
319216129
317034318
34941106
27500655
235743135
34575407
17710058
33155652
36027595
14581396
23084212
72504988
31386412
49073990
27704856
24157592
34672923
27474775
22014140
84289595
75896448
157907219
39827882
29908667
63075432
20943905
24264879
125673953
33467543
28726577
30886191
23211282
19972884
32660698
66664753
19236875
19234278
19901366
14234290
18897831
114279383
47699912
28303450
39052549
18332222
54917900
41337693
269951402
45810524
19705628
227613352
28110788
57653188
20425675
41554173
135153110
242491033
15895694
278445194
92043674
16542861
16433645
25313658
18633093
67707084
44851079
76934866
24974764
66987835
42741077
132255549
20441820
63129578
34928067
63155239
110244016
15015340
22988843
82353528
19131821
38897276
34050300
16813552
145337107
141543335
41218317
66078185
20853361
47453114
21022281
47423946
36307732
101758086
39966546
28571625
18213346
36041901
42844817
24154098
27845999
24687109
49674652
38631842
246816735
15848266
22415635
21746816
18020127
45565440
14275788
18760790
20796069
33892809
46688502
20301193
26248712
7677252
25051303
62266883
250346350
81844094
