2307898220
15200719
1394759320496218112
901352038344294400
1062775113622454278
522593098
1122858502874124288
1244417539486240774
34888595
2184934963
1176106257440288769
1308877368627519489
1066521202519416833
1169957687842484224
54577364
26214264
811229675758505984
272285827
1071817859414806528
1199371533900222465
319228928
422628082
1048924999678083079
76849994
151111625
1253020988
214502417
169422187
1437487093828182020
1134059457191776257
987274804096126977
198584761
813477602
229016226
1014004148
22140392
956250134786002944
604840570
750632869572251648
1179416455600889864
272454390
969588605755805696
380956211
164929952
13768302
71521233
881615056437297152
1150441620
486142464
415701368
138890465
45420135
1349588593
941980603431505921
1073486504834592768
1625238223
47889584
1288773914
25336045
915719034
710844287341170688
865592744231682048
384923143
34317032
20790580
746943120
194606502
859576393
32657414
26546501
374176832
1414494862204936196
188021130
54917900
29938357
36067300
45565440
1129236186
846940940
14697183
64697682
1193849958
26507495
138203134
79255216
2682433999
1006419421244678144
17756047
1011903887966695424
42508097
870596535444176896
109315305
2969845907
737876050487709696
22975747
750511978041470977
181888506
584162442
3294157876
185043343
2517610085
905049774793129984
20679622
16596200
57304596
41214271
96256820
825012322112376832
813286
409486555
3305033471
14283877
28980822
25030848
46084578
20868447
213344922
78539685
322531105
22070492
19646280
425708396
4832963715
307456888
952228332
901979438
4538466197
18333954
1675640094
1350600582
102045464
23236589
137103618
558486852
226222147
2300278368
43920155
86805838
17183233
788603
41388007
430685385
26073581
45188682
1330959913
3044780133
55516088
153455906
137101867
28533825
44597892
22011813
155620016
169686021
274431757
4025876740
347147257
3405574239
454191471
264125047
397144289
154435961
2524842794
34357825
20580713
20176513
45810524
49073990
14125317
20934285
27844742
17813010
14114267
79163086
25488220
17471820
277561218
19659689
67845970
1278794138
2415646176
349872308
33609198
18897831
1037031822
3306400557
2770397907
23925022
15438647
23606104
36027595
136392057
314556210
14400454
44869631
96019583
2341253739
388815555
247488242
624650855
47974057
235764167
1670932801
41796727
73323210
1355770982
2258431063
163802435
63262403
19256979
19236875
241959982
106367656
459260206
84639315
62522258
39965455
936474102
498274246
70212596
112823544
1052355132
46081160
279131939
41337693
24426957
873304134
2992831042
352596345
22415635
1377499836
3023376779
2309987121
338651001
92725349
516671992
1328687432
22988843
408710028
20170408
514790063
1354053799
81801121
1200547406
2420677705
34231784
334599876
1164488000
219268128
31687026
36172605
1568933640
112976272
385361442
771137306
2493865578
172289542
29958529
23104499
21830064
311385152
138855525
18096145
283824226
19529605
25313658
19188289
20301193
29908667
21905404
46688502
119786274
4384251
33217838
2812762495
24261513
513028807
31954157
18377085
37677256
3067750127
62537209
769434008
25171315
32844394
155694288
176227913
3030244055
14224622
59686920
40322305
324844301
557603994
356122807
68344771
188670053
66681881
26734664
103280252
392242253
140744075
356301853
612664952
1374626107
356740432
563534687
1401210403
203669147
296748793
70919331
227294412
234881454
63115140
749112716
298376237
465475532
529223505
1019601348
2805627770
36746465
1449182479
1547416062
2546887999
2434488744
992909214
1562750426
1654907406
17625169
14282840
2815349400
31073556
366899672
519352025
25482639
26719548
14349636
25144335
27317182
105897061
16542861
69396214
221822662
18609590
50303955
101727020
44317501
317101757
20008618
138376196
115441879
225501811
18797522
197167810
428854213
15848071
92234881
239371600
87052267
183356975
418152332
32954988
374402229
65306306
15857285
42844817
74143933
21022281
27704856
17756100
30923509
34050300
14276602
18714976
33852061
14259655
186423716
53876028
156398977
404165469
82690175
69040450
39313502
37488920
25966747
33885551
2815744135
200553940
130597727
68958389
161616513
1346428878
82584761
35587592
169201702
920840732
32352209
122029522
17685876
267403905
377262278
103555738
474979831
124143869
123504602
1907071117
212679277
2489138732
88008243
19237550
1243700827
421125838
234387750
359573726
70350949
25295208
20696268
182777714
26798240
224240042
29495546
19769863
55551293
1876367312
21866534
202313343
9695912
2415957962
347474869
3012994253
57602336
118415180
221041703
37417055
22341016
920783642
47600311
33236436
192942213
64366720
39219035
473914976
537062754
33250655
919833984
116171465
14279103
136184787
416308353
210805646
142993827
33467543
45565446
381502681
459120920
14417779
2217999593
2914250309
284233611
2192338276
61194405
80848887
146611169
229641947
18724292
32671410
2213108150
596422929
1076088475
68780681
37237610
21423985
23067843
67903239
2264840661
246816735
951333086
519707372
142282484
19450673
20001209
125750601
249253255
272953342
33166646
2311510516
30241775
361593313
15066876
10451602
14332159
1553046133
916811958
577028010
376173916
61724625
850749608
1007318888
23481859
14118604
2741162614
32539537
97223779
219606605
2726628687
14634720
362642209
2653737157
25660561
529360281
239528544
419197802
48974071
51734463
308325971
862125384
127929003
74131074
38163216
18079528
390309715
215968585
306916140
421368016
567915703
30662875
14305137
39052549
92993245
43062590
78864889
14997025
19764533
341564433
27207896
21695947
33482265
33888817
120181944
387029305
13201312
3459051
20329672
59460397
47606328
60891099
39279027
267449695
38421714
34696385
18387289
76585094
25158349
17018575
15942016
14559745
14050550
17220934
16958346
14603515
11178672
125767077
19918353
28657802
45577446
171438889
7215512
722396088
238308510
34972320
2173021144
42193858
2438823337
126256491
10018072
76610050
65598146
5120691
19261863
377270903
436682476
41554173
28303450
62508465
488313990
433247367
305556192
95987945
19070006
837548767
191754155
440413534
917421961
31499866
46746424
113062227
576896642
66664753
73101257
115003484
16978663
2330925101
45919516
17113249
111298157
157616270
429031418
315450755
309126789
87080308
2297754898
1314801468
74217252
22012466
550085442
145972665
2181866944
14420387
905595618
329004156
198549401
256417618
63119470
932148577
216008028
34672923
45594856
18760790
378433833
405562235
156455133
313529549
130267435
20572594
601723739
1534359338
538071783
26978944
323106443
532666723
86154361
352306584
17650380
30889727
38146999
18696996
216290594
277496292
293586346
64385966
1005990247
778087093
1329038221
261339365
472939811
1215772574
20432556
95169910
20044495
21786618
32884740
472137615
352534464
103857510
127403824
531491084
243236419
30856351
34285054
477040058
12409422
494935800
272926719
20238626
20611702
260928758
38632472
96861734
21864336
21643164
447437481
59548897
38260259
30927826
38693061
95428712
62259828
269777232
26022773
274113017
243821406
47423946
172896557
45430410
172697137
291277159
268357486
36307732
398606542
391598201
181525668
19762987
25105806
36028993
112428297
188256896
17873227
76827934
47317899
11695472
42857269
74802451
46106058
209968839
24178967
205895749
39253242
124098223
32020531
17862883
23948464
142199485
13712
165757955
80668551
18786046
33615247
33474788
31085474
35789212
17762231
15830436
26801890
17721256
29209936
118359205
121382681
149046826
77346169
49155241
143061537
43333650
49123931
28371411
70414934
125182644
73378337
18784290
20582958
90902380
40096892
34968942
14777166
115497676
48702842
28523687
68392693
46869791
62266883
21393069
34726771
61735082
24143353
37174426
19332655
82359917
87920219
19081813
14296042
17463923
27681019
14266598
52667079
24177970
68801651
95165086
32352556
76565209
17066475
15962096
2553151
75742264
94434788
36332272
22475991
34941106
96962343
96630997
90116669
19107588
39616609
34229862
39966546
22740009
29251764
39581053
17150428
15161452
39961555
35301362
21875834
74474647
94229329
91322357
90215039
93395265
48302295
19331958
63129578
30183766
55496543
41112318
20195297
23849809
20433173
14237373
29703959
19901366
28092056
22920732
28334899
14998206
31725005
28092347
33890217
31723557
14159148
28101138
19700573
21574473
19337187
20146380
14340921
19233252
14763346
16718406
20144046
20659166
20587233
18627984
16557956
18716146
16432083
22014140
14340875
20815597
20796069
14265142
17527559
