39505623
1454512707131084803
1311618490160295936
400057194
1019111147281240064
387598785
1326144082423521280
111124932
155619652
3369029463
218008754
22203756
818910970567344128
822215673812119553
32487087
47426778
30354991
72277469
2749148408
1382753024
1325112696283525121
939091
2984207728
433379456
863139879022186499
788984392110727168
500834370
2168214089
357112241
1286314903767257089
1382920634
608000190
458483900
482307888
1280883829931155456
478483932
307558754
784079852626407424
3587878342
1301602514605871111
378798159
2339333214
218874134
29431226
558797310
155927976
1303321386413436929
1974723090
312123825
2795386644
820335713833127937
905355030437531648
240433610
553489085
304365677
3319238126
112457602
1722670962
422944610
288147252
1073262134140772352
464214503
14285118
67311520
2703178637
3149305564
245326464
759859022518509568
1094950529757794305
4009247249
341460568
20210193
875013670144802816
419081474
369451634
1227345888026206209
1159554054328115206
884866699
2728453923
2173683110
404981052
59776079
1267548012
219496438
4848787438
749188618665820160
343985832
1115500298125049856
240159356
338311160
864500300
33208145
329937840
1286693166150754306
33990201
248613788
41777935
452091519
2988033940
83875973
1070979968551784448
625868221
1071370500
210807672
32153805
99486242
1000662688266059776
454691823
1160150588
364433573
182975169
333637603
923782621
883345471070253057
157659300
967888616
448294235
304918077
609366923
376207031
952111273101201408
865078416
137346158
307247700
243755651
14359153
1243122802355560450
333290214
2257166357
25480395
18046947
64693784
33483952
828896227
126065948
486031503
2406841477
1179661621318361088
1676606604
1966835522
751401258431438848
518864402
303190788
257549250
217903889
873153435813785601
112714402
895662205
3343983083
1182358025165836288
903237018330779649
373000572
216796248
36345076
570291396
50074216
870525924
132465726
1191452485
1187593033
199287699
402652683
455746183
511997964
551896540
39469650
239341520
379724542
524171423
525572987
40641475
31068551
74555241
107492505
58653454
89772923
353655566
32827431
461235256
283945918
509045908
126254582
14583593
1334135498
620279436
289864278
23970435
836256968
1248654071281713152
611938494
275904660
19939667
757301767
43099735
256593703
253941933
281515223
221185949
55337743
1951333489
2708417848
62060746
440780306
776927378
757210394511433729
56342547
34218311
14159148
937499232
54691637
809758084461719553
130773534
823978608410632193
961930212656275456
121402638
165699676
21759987
554318625
33623709
78596216
395305090
98340495
19119226
199667492
1451166709
339055436
138134771
838111239750447104
138203134
63175736
4792653226
488459571
712281495763853312
92131235
4782971486
62310014
1150305302
1366484233
1407151866
21556545
844108461625491456
3609098973
22695562
213585647
475069106
744792649245200385
4412953883
309133460
1269425228
533085085
155659213
265982289
950341134
2491702663
40215521
44588224
1519675345
1382743280
30941476
479442225
102971895
2326224399
2761194321
2425261350
19287059
37685197
1886081911
39213276
117859085
49937264
237767804
798531414178365440
864402386680414208
242463246
806047743789699072
309559389
43074271
212487301
818876014390603776
22356192
143582713
132800282
17471820
840198864665772032
4723085773
811592755281620996
1107372186
1016948156
1332194846
39339357
542059826
57602886
160676165
14284273
735821724101541888
14361071
2373405059
111546153
2179699148
148299936
51224253
36041901
70372722
4232254269
3419997580
595963704
37509434
92099045
4849215231
3001309696
2775779241
1352068530
29442313
2813589863
812249905725112320
1575937554
733029904565080064
806892215091994624
21759024
82299404
18988667
2341253739
14426025
554466061
312035247
37651226
40309818
56353796
166667606
27425067
70953641
467636622
275505184
40936532
133887945
1204838809
47154016
14940714
1332360120
47934276
2157651508
28081769
2544160159
773014837475565568
31405598
515431540
19261863
731133913
317710897
280019924
731447341
1010672988
238215463
32149336
550170495
69239792
707991528208207876
3115258858
2526962461
3165755015
2458235171
1561808412
3003776332
1335706644
612458528
267410607
701083546568540162
1416056570
1961607920
3175807619
46710081
2482266432
69668086
4353260675
40063292
1379005928
221093671
57946418
20386897
355049418
2913912754
98697668
390673930
19246061
833321647
303942237
2645160602
178862992
32352209
506249897
462056552
90831443
2748530725
307456888
319072924
461105934
2404437771
425708396
875262109
2791407283
110957512
3742401736
2174428102
4133127023
1662687974
2989662887
4039761447
41785808
42042554
28533825
466509420
3342591807
136392057
499776536
82872579
137101867
3092735992
577318064
375461691
124450255
409185521
358394494
21393069
42857269
248571921
380932103
301942559
76314210
2197701405
33166646
28361716
84709356
48660856
169201702
37630783
111702288
579757656
3209364489
470233975
3402615569
3171985107
28304157
363282607
1277311358
28526031
2292454922
54296291
40967787
54577364
2280909989
2712079471
262664471
2417351493
466668649
77827212
356740432
41582919
393328609
2180602927
1729374445
352448450
1903740866
109017660
514185218
1466643468
33885551
37876601
22920732
31518766
31110822
1582853809
403627091
1449532152
39461933
2282250531
1245760994
110950126
576176230
2766008221
2340978621
1052327280
287785714
33502071
45519320
2846867474
3114953800
1363948086
6336092
3082292922
507981412
63684001
33614054
436592526
113307238
481458863
66700763
3073204533
1329038221
25707195
975902922
64393342
3012047309
3021157457
117407580
22487038
81112551
1701919742
19867810
44344421
2433526820
2929586027
38822086
737075138
28660441
50425776
2410546182
271367322
32816797
2867557900
3003545213
309812258
228823899
20707143
91650532
319770046
40340459
134755464
1092747596
85594944
31371709
1131744114
1261462266
35426997
549435840
2517124535
26248712
471287735
175531291
511674004
110663181
42877983
53680033
562736698
38045117
2219254012
2924816561
216789562
76588981
89398445
74816832
1321954501
25171315
27271114
510593678
295234420
37620393
2816964331
390128766
231793478
1653369576
1396859442
2413845246
725808392
177177776
228482831
331184960
14487288
301402621
392694318
2283812033
46612326
567915703
37267532
367851703
108417952
908862349
2888339207
299691449
92618629
2447233702
398660979
53147958
33892809
31700411
111431697
218434328
32126407
42657959
42586871
815289800
132255549
29852008
42259002
233909537
80848887
41339186
62508465
90116669
78682735
29440550
39599815
71625725
31398221
1438272746
380273789
2864493395
37387091
163010933
2865753411
265887867
63119470
202305713
2436653006
85883333
2436657234
231118152
1665677412
2320778191
1682946991
106428909
241490028
937726141
63395072
11193982
1653771666
89484734
19584064
18087674
27068569
88676229
26200144
369464843
38237770
34893859
57965972
43540635
395412159
22915264
45639284
183166466
20240015
191540463
63132666
21383172
32360844
53328253
456490306
59686920
410734095
145975356
42827637
66985635
37468448
215286052
58288692
1669736581
1467051680
2790126458
198848582
467451599
36378384
19977718
31109465
218884515
112813136
21846143
230457924
1091408167
225341716
74778874
61429870
251523398
12810
32961333
57064417
40209152
1452515058
31115602
861846547
2791782649
25118559
273945740
1965458107
470615552
625581552
373612898
761541476
38432365
21590690
373239963
920783642
99515710
346483952
112204442
36918193
55168497
1726299720
1875018320
606448747
126415121
320829399
1451456810
1482525636
1535937890
2380602246
66987835
426515141
63266077
33645588
456469245
29731324
31088274
64742113
2572793480
20976857
561339323
2723308582
2322333879
163441759
2264840661
15206894
51900256
17987852
190754087
474671469
26611789
23438083
87666695
122318779
62908441
306713113
514591995
906059119
433635563
2611745730
43525582
19962261
522531461
32397331
2423727578
14498305
1962538243
2488560805
21695321
35456283
24661842
37620087
223085732
818053116
739198430
345285366
75224818
84538257
18560876
358969925
30494954
126256491
2596131606
33851292
91366255
299170276
32351568
2579506626
345842262
108114771
556727222
31267211
1706528556
2548596540
1190182783
946767667
465395868
19180789
35462739
64366720
2175439143
591344670
63132954
74539103
2310295012
471986660
2425531422
218625731
354516475
1513410282
29967293
2512551217
526272494
2505483606
1729801471
478685985
2466163986
358676812
31392015
2478155442
91173739
2156936977
2532896571
340784943
1442178314
20859418
2537682190
25346891
39456398
399026911
93247303
247185936
813329250
1566612524
212679945
1180316755
1374626107
29676207
44850238
465622510
2482577279
482971150
26232645
17650380
1397661872
19706987
2438428214
26368140
32353861
32569002
25477826
317101757
199670339
44317501
52703034
1119507482
48302295
2467169979
214441912
2281072473
320679176
188707980
1901046649
156944270
376173916
110244016
14296042
410731663
63771768
250435513
524665153
113593247
2253648151
502680257
40187767
187441247
615044048
792605850
1450972664
42250981
252800692
2395906512
2244992734
225357046
2414508957
27692462
398207162
86898407
2389682486
338456775
2405769022
2317248525
22028192
31101381
500885877
1391542884
313845197
25482639
623560628
15428667
2240680102
1324175449
62537209
2296020617
2323252143
550085442
361871950
22481463
576538750
122072637
27000632
183691232
145970009
764124031
73469705
60896067
34575407
239063731
1635900672
1167061771
2355135119
43355487
422571853
474184175
1851145568
196938055
238308510
468679492
56065607
61617051
181662928
258471477
2178826328
1896738200
222048470
1693820779
16293642
45810524
19987979
28114129
474919536
49570820
53971073
14345835
45818077
17756100
1959103621
125753084
1347617761
2319679440
125750601
219268128
332250939
19452766
150788340
28818351
33483219
31085474
25295208
89172908
227611752
102390704
182777714
175357776
28659193
14290848
17867748
26344613
38696507
180295902
14407392
1379801
21864710
196556689
540684260
23576790
518314279
72516829
365033299
2286322381
507890976
402952461
1384406011
1534655556
130267435
301358130
31214303
1032277627
491519829
472828162
155829739
586350899
866100841
1135357525
234356944
46751223
113041126
64979211
269216440
31206435
17673981
38885139
1157965518
74566865
21288315
248287592
270861170
30855150
193311364
624650855
1491456206
1209460477
38160722
307555868
342861306
72292202
19190875
74266298
744702211
381774247
324844301
761146014
564527554
19061893
382701373
350370406
915119509
70643948
1157078581
62234710
56329453
416530149
36347776
37190586
36915215
71231659
25190349
169490514
18264009
428854213
19236875
378433833
1233763124
44098080
1076088475
30352096
21698000
835499540
20044495
92350200
340393077
328445838
276032287
636882832
1272762564
15048424
42741077
216288282
74418848
45371456
491541680
347853730
707927607
184485805
1514349330
19813523
49944020
44983912
42698033
37665779
28202335
510514595
427688288
25488427
1231926440
1968966930
104930215
77808402
32579645
360447111
402644147
454799703
24265642
14139942
88008243
34631934
38901264
452470861
21746816
42920657
374459845
14291777
64385966
80668551
418152332
1043373894
26601441
369395471
319228928
1178437964
120036979
333903537
22196778
303167902
951333086
1358988200
337915183
404110448
706326731
247746206
221119581
64741168
112289234
47423946
20555875
31821927
20611702
29501918
1009813400
1083987980
161616513
310807988
19388550
66489387
200261662
371939579
38769939
14379246
1224638647
30668506
50127892
1867716644
36440078
214064340
859456027
715600740
65533777
440209308
1853778078
342402210
1314054067
369668082
14291185
1630742240
31380526
546005872
1200972715
43531203
18724292
95482576
488338972
312113003
195774751
341062077
7684602
729232868
1495165321
28094255
85796219
542622412
189534312
484601222
66681098
31662242
1551481968
381981162
1488840763
272351196
513584555
111545980
140780492
403272223
66643413
317240118
29178136
73959997
114680005
125960653
365367636
202611801
273840769
1026512161
394601682
237524449
390115172
1281349465
626277494
411052847
1500371
40869450
501130241
75256046
342652101
773879119
223194178
35739895
18328973
262164620
65612797
31789551
1265167464
113147061
1281429330
1569809814
614646965
380580452
311886739
248569306
245770187
514866709
630327466
23740299
42887622
356137132
1239625908
1547751037
511735749
724003260
14301895
428440369
298117197
478935066
346001892
749142198
47606328
30927768
224240042
120876262
135579468
47073928
233155314
1462850826
42586274
18620758
180777812
14283767
219768304
256504306
63111107
93637914
358700275
33638176
266111353
390856590
267403905
23937836
26229790
181130452
24686706
63451448
14763346
34601836
21645552
30923509
14332159
14114267
14118604
14125317
34229862
25966747
65313321
28110788
42844817
14291504
36027595
1412455375
373890791
622139089
437346867
18689496
76292859
137987411
60025862
526259810
498136730
1329274597
222818835
282267798
1259245140
14705513
30322601
142613436
61308009
38065120
55528242
74143933
39219035
352534464
357099003
529320577
141297282
26463088
35562489
827463770
84271489
23777035
248205281
391559673
19650826
86577305
495006987
56181258
1323173095
18360037
228694077
39052549
929274422
591332827
429419672
1116299047
269941373
14425205
17230800
19262084
108903592
65161873
39227903
499867856
45786456
1286688722
46652913
1285845276
146390348
377833790
606254216
223211749
278787680
68966372
614621262
108617387
192160002
769434008
245109774
57333511
1150972124
632165452
577472022
811298546
479341887
1103749050
1058955836
415866479
466408137
182362505
334852211
1062955753
425909264
218781670
23250443
926188446
382598137
294556162
589840479
66998183
21023618
198914973
570763281
389941495
1181561850
313242570
42984003
17113249
919160532
384786873
18761782
35248084
246559875
24426957
246816735
66664753
1017017384
383389032
194505625
394247646
271606257
179050190
107354968
33853622
525514579
23320712
952592922
490191091
804597968
276172272
1121861208
339294690
39490510
403320517
1032862448
1112707694
929412942
1103808170
102343192
21537443
43528884
103555738
19067283
148642486
452896048
196569190
23830152
122072320
28067981
1089238542
45565440
90848755
465912646
87237306
451658849
135462216
227247782
20432556
440356584
811677463
206140906
20424463
32991016
20133350
111283153
205688849
48980951
197465571
42100413
296876586
358382685
459237590
29294824
26588415
23582217
381063195
236403619
239485209
31695284
274532610
347849896
404124016
19731606
1013231179
1005826836
103792291
106343569
19308284
736376606
379153274
176542303
22049212
221674336
22674099
223442298
16668912
19067312
66485074
33828724
45531571
494144054
860378791
116697719
31499866
503456777
966057043
256509674
524326247
32045042
20280065
64004084
951286418
26975669
945514393
83199512
38870922
463121864
464621111
7027112
37638392
859152523
18628877
940001612
495004140
391894872
39342472
899800400
316006432
14276602
82325555
498741149
507541495
710411930
924875222
123962427
381502681
279754250
564822076
27848098
46688502
86064340
459316218
207643011
373474672
86154361
29082795
20195297
67861527
484733378
494384645
18970504
72054152
93162635
42690697
34888013
35215440
52662909
895029930
341991404
19766389
22172506
21022281
207201583
886561375
307541475
5230
21908557
16978332
92234881
857685373
14350556
274431757
864391304
44677446
163978389
844289569
251769222
865365792
413012476
765259434
34672923
92822542
188256896
37631582
41337693
30839840
481932428
773464316
24950478
198549401
735780246
15848266
60087311
245374061
130544240
798379566
132426778
61735082
403636945
37443725
239414748
222256596
612664952
87790167
805231063
16837506
319285070
42460799
9441272
205863743
485829687
44869490
781888945
44714439
268434417
524216210
39744646
59083291
72942203
554723391
20165293
491464234
607586872
14226476
472328892
28546844
563653880
41357014
496940033
160470820
27716729
587685448
553408981
82643809
33217838
384797216
336921388
358164964
24149604
452932725
516671992
17421178
14340921
33307967
319216129
65447476
28610772
14487318
47132617
20144046
99708447
462966277
343906721
225950399
63442375
10451602
51993431
92962860
46099447
20238626
138376196
454191471
35888541
518492992
61250638
17235614
359863862
385038970
455709392
291291580
217217458
81605238
60993083
217005850
38145897
337935519
72840952
421125838
15230966
425191888
153375577
453338587
21737356
51998462
392266891
41310213
40753387
89695728
270092321
446505294
14584834
363216129
212149324
478553827
193207281
235102132
487429328
91756062
482851295
28524133
36179458
29704091
419788091
32113690
472381808
27832822
435250917
33464295
14274835
419437291
23748315
359573726
440175885
477643223
25051303
353664792
241959982
196749708
26291879
28631172
26109387
36624824
403973682
49008371
198625434
55184792
361852315
163432749
31073556
85403705
463005332
463006120
71000082
23413801
39960683
19949760
18721327
20839964
20170408
19157451
34571510
152591353
14759152
31737709
310120071
315450755
221786565
39505274
17600485
26512324
55307307
293113971
18489116
38260259
6626182
17484539
357357049
19145951
66204249
31689568
382618508
76609847
285838961
386780148
388815555
281153090
34334830
335790569
242283802
38421714
39328401
20191034
63666891
38646590
247251231
308565504
82176038
331630135
338209422
338428777
340333654
167092490
341511043
342378458
247012851
18669139
349566003
350324133
225808864
279250117
54630175
342954181
361476354
21358560
31372094
31840286
19186642
305596173
142282484
47301143
31421204
33199765
275746262
291630537
38402978
26307856
36476071
42952731
276369641
225849977
147918074
73378500
18685873
238945097
82957635
232485720
196973823
281438566
269976159
37880184
191088146
279131939
19386796
257288276
221726495
277623015
18869697
264416382
35183264
19705628
236387863
30077419
271361373
43062590
237781500
32899575
264440061
43521289
14291922
141709158
17744272
28114870
17963196
20936956
45798161
120183536
188021130
14450979
67557660
19016697
19962340
181506556
20143588
26880289
235145810
18667174
34247120
241272403
103280252
140350532
246457007
125928871
19764279
136218318
119869287
31368001
137310893
221822662
244608710
29343098
28166942
231571986
255194933
38137120
229763503
78888818
18936599
17873227
52386128
38844838
20431436
15402649
14287018
38693061
172694845
77573428
56658386
54483774
254056813
56326379
256454194
24955372
58631768
67144176
62850548
55537734
64247948
26223120
2123641
262359949
48536494
116249881
27207920
20672548
42583891
18760790
9359882
195082698
104986534
18387289
26001218
211843421
26022773
79163086
22900000
237711951
20382790
38659486
81197942
235743135
222209875
200097586
172896557
214049275
231725978
235633582
93737032
56523451
24716445
26231053
30873513
14692515
119046422
47455921
72109328
102616697
229086274
67707084
14291795
29036674
28822089
42045125
34243437
39492276
66612853
23743186
43164020
13685162
27443744
30981678
14284939
14351105
69024969
44997376
16665114
49072458
72600821
70380300
200255736
44577324
19509064
55047054
193199064
26470805
196409507
17712364
30336576
45673798
87640380
30657858
216357534
39063674
82705598
20385093
41816215
57130471
15033759
38400702
47453114
72504988
97715377
19659689
31871678
82072534
26564673
66735643
14552909
27704856
189051125
138426121
58946401
97406478
13768302
201422266
29691032
18907026
30311534
195848365
26214264
14599192
31822122
198551411
23503272
188254656
23608172
14277275
28584427
47326041
107762215
20145056
63418858
110455341
33006109
18670845
26803425
65306306
40548913
20037413
65368576
20362663
18519026
17893932
31947370
44710412
19648683
28973543
62923722
176353126
38282491
6592852
56636606
78673473
23236589
157616270
24422735
22070492
140020868
50253083
28957526
34867203
86753464
136250468
34348124
31687026
32605937
25053397
20039505
32473149
38653195
28065624
31182307
142777789
30840835
42625724
23582636
34725952
26818369
24583512
34714498
34580764
22821558
18975916
35749326
14320899
23106969
9990932
19092033
19673809
33324820
30622383
27131387
37416154
29946453
19233560
22244347
26305549
19468574
30693554
45614100
26820048
48382476
38016658
18677699
47134635
17678392
40463751
21201078
22361149
25803631
63122460
42084636
28087996
62780559
31709542
23786818
17877056
4985141
15447199
22781007
70698567
34995656
36110222
45360032
28913073
80532257
32961236
81566371
55514756
7803572
66737250
24046713
68801651
69056665
22895438
25861301
21853001
20760909
18955891
34703909
92722440
92239405
6307402
82130140
44987423
14353621
28533131
20127801
58477132
37884572
103810894
19795290
92043674
103849947
18897215
56712939
28330242
35250069
21864337
112428297
25262480
6992072
15027785
18435641
29425671
25680365
110333
37939418
29734180
27259029
19643623
117834105
19766036
17120510
29655642
23458354
14775122
33344775
89538885
64369494
133028255
25380560
20675943
19179740
145650504
21229126
46054287
14305208
14093978
17525882
85545437
72228773
14576431
27228540
67561158
18897831
91894424
23418810
39745276
140392065
19959946
33479607
33542102
14154562
46644261
45845636
23185890
34898791
99376470
45955805
53019992
101758086
25289729
20374992
115441879
64356208
19147731
139657700
20798292
39247818
19775860
136184787
12471892
53058964
34284610
91527367
44945747
43091419
21084553
36029584
30912791
36510958
132101779
47725588
18330155
26885200
87155774
27877065
15083847
14196264
14857213
19064744
24575979
26768614
31709436
21648257
126392708
103901554
39966546
34285054
52080834
89182062
14419039
24153920
78887628
62483934
25750334
14292406
20977369
19700322
33832676
19284743
13698392
31749659
19107846
17009159
33467543
41646831
86515427
42467503
16055066
25365007
35246361
28663688
8184422
14277722
27124680
7981922
15093579
75742264
96861734
17499801
14234290
36026602
30355284
27845999
33502533
17654824
28103763
24890121
16984914
31874937
30505656
19904252
19256979
21864336
37174426
28094274
30319960
46217388
58733138
62523083
26719515
33497800
45565446
62574827
25498771
49372138
56467191
37168047
25294402
21426923
24143353
22300646
27317182
27105229
28952277
65924567
26850290
19529605
47895003
49808014
19901715
41545547
30842514
21905404
47459713
32844394
16388996
41093382
31544675
35276169
46869791
69396214
18611983
17099847
34859489
16945575
19967593
18932776
14330330
28312022
18860581
34221056
38493594
22988843
36006119
68446493
35808591
34696385
19350045
31955653
72386836
90448119
36656612
50110472
19257618
57259890
32372724
83352280
31343887
49674652
95605924
19712127
19263240
53949942
58469412
28101138
16718406
61163804
62266883
17756047
27207896
17066475
34050300
25313658
23574285
81844094
68741204
29447307
46641481
23986190
21574473
63262403
18016543
21179460
20513866
25619794
92489022
26527817
74217252
75060420
17117147
90602219
89479176
31909626
14296604
34899285
20696268
34315535
70200740
61450363
27837029
19127726
47974057
20301193
44865727
21391879
82359917
18293645
24154098
18981070
14340875
33852061
14116137
21290360
10283962
49370357
14214281
23104499
45594856
83917825
40049680
42058388
813286
19234278
18714976
28757140
14432054
39009536
16432083
19784844
50287171
19340799
20231161
5991322
18831964
19758906
23176823
19901366
23115403
20679951
32135414
27834369
43187396
57959900
25817863
65346150
34244237
34300228
22194908
29270296
29659136
60889124
74474647
55541718
59285702
63084435
54917900
49073990
20853361
16813552
31386412
41554173
45360053
20537465
47305738
24010664
14283877
40482226
61724625
63118794
57653188
36028993
40935476
23236043
28128082
63129578
65579522
53290662
37904694
66685540
41500247
63425851
50455954
56800327
64966599
68401889
49746926
33482265
52718337
66099246
59548897
33453104
48713549
64995313
65060314
29417866
36059230
45919516
34941106
34402309
23211282
19827241
28626588
58511405
48827549
14712588
28303450
18680691
55496543
20675372
39581053
34599188
56669705
44851079
32660698
40012741
14301297
52033549
38882731
14284559
56644604
18682262
46857953
47890625
18633093
20582802
45791579
34928067
20934285
33008891
16717811
24913773
31395063
14225413
20859446
17017956
37193436
38643436
38638278
20583062
14859175
26465265
39091525
31826656
39974570
19388863
17017973
32873744
6012852
27844742
35789212
20843822
18609590
3796501
14349782
16542861
31378077
29908667
20642087
20083729
36423190
35306702
35834118
18610189
20854544
26719548
35449997
7677252
20796069
19188289
19107588
18213346
20587233
14997025
14290904
25144335
26839190
14687587
14349636
14237373
19583956
31067824
33236436
32867036
23338872
32352556
15894774
22471399
17187058
27691169
31016544
31087291
14282002
31409120
19734035
18628277
26507167
17929243
28093496
19902938
20183521
17813010
14224622
16557956
18716146
14998206
22014140
18332222
25044370
19099958
27062533
29716556
15895694
19319985
28092056
23651070
23480387
14617551
20425675
22415635
