376097854
46090688
45531571
2975468664
1324175449
72840952
20582802
14332159
1020915620
24732180
438602228
14114267
14159148
20226248
112428297
2251977161
33008891
39974570
29928571
279250117
800036743445671944
180281123
90831443
56328067
4723085773
20504947
82299404
2465468423
499828502
408444085
66985635
4216927337
3536648655
3412738654
3451923443
2791498606
1901046649
252800692
54869011
172694845
34599188
105480586
19190875
39966546
420951546
514185218
241490028
14287018
28092056
1317222319
483164646
33236436
20868447
22014140
34672923
18716146
16557956
76292859
14340921
17685876
17650380
26719548
55496543
45594856
14997025
14340875
33467543
20796069
16432083
21695947
230457924
103555738
2284440453
61724625
30845274
440175885
24856051
47974057
62266883
339177237
86029023
138455399
30955482
45518845
449623553
1254704755
19827241
2730708461
888477264
3050561981
20675372
31109465
2589242883
18213346
79122283
2437636048
25977779
