2307898220
40209152
14659667
361852315
202358449
22533759
2171271317
802514070
1377079598
1084883473037447171
18611983
236951309
276675433
2326177498
28957526
57196105
59569015
337332303
210039481
15848266
65357102
21853001
6523962
579295585
23418810
18669139
59083291
703738537
78040868
387800504
402377699
57592947
38150247
1184894840087175170
1386955438139355145
395955415
245396805
18982509
26708613
1158520971487322113
165119205
533259165
2180532753
2470136607
860129059
21013228
3351661713
31397933
2183302655
36747640
4503520823
31976183
20672548
384572225
2913313193
1291291990701813761
1373724230873927689
1373597254678945793
1316289968164286464
2285421987
1355970421250781191
3272294341
291277159
1333171793201225728
970207298
2863523277
1351716580720316417
803694179079458816
1323730225067339784
1349149096909668363
868067207380709376
818927250284433412
66433571
1326826122345127936
4216927337
48702842
1053108241
20882045
31423389
47134635
1326258172147929090
2927205058
3129875193
14360050
388815555
136392057
864724196
1311296533720072197
56044169
892715413167013889
605205128
1307956015330209792
1464466166
2425571623
390615045
827799606
69227108
137776972
1655512332
268665178
34357825
45335955
30354991
88001109
794455868855242752
2310502713
776684388037820416
284536579
20386897
66696236
1237662415606685696
72245600
21423985
725925007
24913773
17853046
19081813
601775338
226235109
4566148402
30881344
1135160811847061504
3237493800
37892208
21799994
1598119512
67557660
1108804376582336517
1182358025165836288
242861232
340577078
4179613355
1192479630701289472
2801730843
254715838
1277542093
77990661
34573200
31189481
1193849958
816291044325261312
1149436057433378818
927590258761445377
993846109205299215
1136249437418864642
190741481
1164583964004290561
778542955946704900
724976869385342978
875327508190818307
50632994
1146329871418843136
631923595
905396609000894464
1288773914
23067843
574636700
790879650482364416
58180860
2738545575
271522822
66700763
563582975
193116688
470073947
405428469
901539204978679808
1097885787562172421
1006419421244678144
860761097338589189
31405598
398606542
939091
3089122643
267410607
979213423
968440621
612972910
1016447261990096896
177917586
30110233
1726299720
22356192
978583334799446017
2220009464
838111239750447104
850361341823119365
3172358831
819121643696123904
1150398522
117859085
12648002
1029415540694179841
15776620
268311597
873810133591236608
966743012
912746546
1074992211585089536
138203134
1078693601356509184
239833417
29759248
31382725
120048506
623956741
36031018
308502637
61773044
230649466
19178884
1111799130
385881449
513091074
1008377520729870336
1050473500778090497
62574827
1007575445699682305
3179621871
38135837
965762185
356740432
236563561
24575979
296159942
19659689
2483776753
324561205
916215618612973568
27605155
33099288
1015288708789161984
25346891
894058946
24263348
50055701
422628082
198625434
1180316755
148831635
4263130319
434323933
3261473093
405775140
107182526
241959982
1389263312
918115717899325441
3118984103
963338645288693760
520658632
718349821153832960
784716960
882139356407922689
603775254
565710092
22247697
57064417
39745276
54175087
28533825
234517620
2948937802
1087176427
102603307
31195903
917421961
66435424
284761553
1092880724
66738177
1106598750
418542485
340976159
2959164681
88753421
465496518
1240805844
14487318
3515220803
922410286270828544
248569306
28818351
30249703
243104125
280183942
784026149374554112
951095210485874688
454799703
2895183699
909849581592154113
3420148205
735764197380759552
29965778
948688610840252416
41554173
40049680
135153110
129543615
43071761
34456552
1320925746
19389900
28094274
223442298
84293312
41789292
9990932
940910790508470272
4155492063
20176513
2326241356
580947925
90848755
56342547
3070260640
91119022
2341253739
41566304
2770497009
2548131272
824377301244723200
3429865683
96861734
223812019
59130586
4104562179
102052998
55168497
37643369
34656014
132506283
24525152
1362331039
25103877
36028993
818927131883356161
536316090
68529875
28361716
717774036877623296
252499243
14279103
37676072
75935391
54917900
2720666903
103280252
204276552
29676207
2174271466
135917823
309559389
26798240
24950478
915206809580908544
1328774311
27105229
235743135
30157098
1426289635
30941476
1219309794
1855109353
14284402
2831872284
174596380
833684736329531393
95617258
24578146
20441820
44983912
67257367
333988810
56125230
610113522
54479468
28099901
394830712
882556526594019328
1045938992
405113967
400839049
113025802
43591430
2371934127
318977179
38842088
1976143068
75896448
408011272
3060165490
1179383574
317100875
3609098973
38449766
46734983
39733426
702027531529097216
21695321
26208557
21804132
366113519
2976146075
19386796
381159574
4887555507
474225394
19340799
3410122983
3150891177
822215679726100480
933938082
470981143
7587032
43285951
14341247
1322351731
1346784234
1490541247
357654973
3097396955
210463171
109521678
3108351
409084047
563046788
183356975
2994611423
64693784
1240593024
45565440
36345076
784129010481651713
26998871
2698388498
18981190
138559639
29674426
942304814
81197942
325830217
818910970567344128
81094902
29442313
172858784
153004670
17152053
3131144855
2650933676
44442613
2991879411
330544213
2834511
27915105
17133897
49103097
13298072
3233964449
2563235923
63115140
44196397
992909214
2834944594
4891935562
2800575035
29746915
546328229
314075083
4804269040
14330330
62310014
1108291645
126315810
247219231
1456563074
101727020
356301853
4274931916
469205447
267101043
3403299357
14402173
2169216274
301911162
808461440
1228605192
4025876740
499952560
191066432
42698033
44174373
101772747
604689867
18949452
62508465
24441301
3247493613
330240968
193186935
1180305138
404004517
1775312905
40505648
3084121947
454191471
843962900
117777690
1058445638
61250638
47601462
37165324
89484734
113047940
2418978379
107410000
31371709
30284835
3431120265
17873227
75060420
241465249
558797310
106769293
254242153
21648257
230457924
3165755015
19901715
875262109
2841808263
3165790233
103555738
409142878
1894480675
31362764
3079733085
1351717224
28178236
1462976336
529334746
341564433
214064340
169201702
3240095865
1094508829
21645552
2168560282
1536791610
1339835893
266698643
44099565
239484275
115642727
30287258
2858411747
20150850
43355487
2949843077
3175807619
573535964
20099779
47453114
55203329
33560195
26594013
2870490614
3031249050
51039965
404354070
287302106
20938464
33236436
1147392967
82339594
1847062260
3093079390
33483219
31085474
1329038221
419437291
24943512
518313991
194724592
173587074
14487288
602326872
1165385486
3049847352
628145666
40221011
111579730
73369604
500753985
464483229
2596512356
3074691215
159158744
1897475816
32844394
30714133
116249881
403647749
31700411
116739271
239063731
414334941
19904252
36038441
2296352710
575311649
3034602533
940056397
1037031822
1227221124
2463141307
845789455
30739418
462211984
112871323
74267409
14617551
20989035
398916864
2590058264
26611789
130241363
46391393
430180591
739198430
420959281
30505656
2978119762
353803829
250435513
31709436
314506741
442711232
2483931236
40332970
859407446
2966028785
479330647
101758086
20210193
2976644129
1272109884
2924816561
340473383
37814586
201653163
34400885
234881454
2961964816
1241289594
24661842
24531620
55344517
1213754120
2879290480
38421714
2818756895
2764297421
42827637
873200750
90534982
86290053
48327947
30322601
404124016
358394494
329004156
2863714984
20044495
378433833
46099447
18334306
52104623
351719895
200097586
67560435
470195940
87472437
146934885
19867810
2281339101
142199485
40340459
31444149
2584158192
28157857
269953381
62923722
32352556
2882648201
714056642
2785253445
2240680102
27844742
2265591029
1195765214
2772498981
19834403
1351487371
141521060
31499866
501550547
16824078
1119804632
513589540
24564251
26229790
14118604
28524344
2401818121
28825205
2765725387
344327156
34246959
2840457849
26554415
410731663
355521723
399670596
32347467
1855696700
86819049
86154361
446505294
816993776
74539103
24955372
160676165
17673981
2355140175
463292755
413804411
582897897
27716729
333903537
740526594
66693790
507541495
601917945
1120110816
707927607
87080308
80668551
398801868
38824745
358020216
78099370
45919516
29501918
924875222
28550979
1106186316
309262809
43674570
2754261842
25045652
454014688
40104646
179484918
1263977958
1842844484
64004084
42143633
764124031
19067283
2761216707
2586939154
1275782689
417977566
1272437742
526723478
307456888
36344167
33208145
2311775230
142613436
67368329
225341716
31822122
32467248
31367759
376747336
1970931955
1665677412
56467191
549232373
907401613
21863942
17987852
8327142
38439143
21393069
26214264
58201006
20845564
818876014390603776
1093090866
932927287
18475198
48302295
2682516001
64366720
43062590
23587179
365964778
2715434333
19127726
1329274597
2633018244
2637549407
1963371270
28304157
2713191328
702723412
16395558
44317501
2570789269
15007149
123618791
18871874
17756047
532666723
74217252
275181294
17650380
2637258154
23438083
1432993051
29928571
14224622
912566684
47317899
577472022
589158587
142326694
2614246221
304608466
193611372
20859418
33988509
236162205
418182397
2543362969
27692462
242346557
22051005
205858510
2235175809
2494081446
352408058
72840952
125750601
188286404
71526098
2540897051
168262890
462332236
59285702
425152354
54264454
201175450
63155239
2345094797
1566612524
156455133
2461578889
64385966
242042239
231770396
1556153456
2228363243
2428553462
2457799541
247488242
20374992
954462930
20238626
177911444
44344421
748903356
74401155
1901046649
46384158
248706024
1208941832
89945078
864348236
19762987
279250117
82353528
62522258
402644147
32816797
2415920848
37685197
2408073695
80917027
2188278924
1157965518
214842694
70423313
184727475
399282751
20392012
359573726
899800400
51807708
473185962
2368749483
424994151
27113674
36050996
18549724
19107588
117456179
130267435
455709392
378070169
217217458
452896048
404704351
19234278
126256491
721920440
204244400
31708380
352306584
23185890
224240042
1693820779
122318779
374402229
361880536
42857269
18387289
340406500
20240015
2217999593
632165452
317034318
198809288
1133929999
2264840661
53290662
88008243
2320739733
27317182
2316890338
951333086
161616513
246124829
703140685
14340875
1107372186
24250540
119786274
486524646
1879327742
66780134
372735335
17410350
546036230
1534655556
428854213
6012852
223194178
33502071
115441879
20679622
31386412
159845559
25966747
14291777
112428297
26719515
857685373
607016620
451677472
224156880
154456153
44466367
31097949
1673125279
82683712
66998183
23937836
20555875
199670339
92043674
322531105
38451208
238308510
95238065
588234393
212679277
847075831
255961843
408444085
536666491
20432556
17756100
1166829439
342625257
30873513
609414457
18377085
529320577
14243708
39966546
17120510
25295208
76883946
529278592
23576790
2176309548
83858081
1875018320
19059674
284025416
347849896
172314716
420464033
491269777
2154903493
39599815
78874906
14420387
1867716644
1412455375
1691130469
385978534
1196497765
1076088475
135462216
363282607
34696385
57093175
14332159
365673081
64522546
340537327
1900648794
613427840
180315164
19067012
873304134
22956419
277952606
440209308
349872308
432553631
392291731
903786504
462782473
26018502
605415156
137675657
573625441
306777752
30828842
612664952
1693808905
1324426416
427537521
18761782
96768880
20270952
593137995
19179740
21759024
156944270
379922629
16904159
28128082
40220998
792605850
223085732
374241268
66664753
34928067
120183536
22920732
567915703
23104499
86577305
45565446
249262359
17006157
61450363
28726577
18293645
1133598816
346035066
262164620
1513633693
24010664
40869450
14291575
33168267
22975747
892883460
807629196
1108637306
561171789
192889718
359824613
64668831
104945479
397943559
19899477
58469412
14131410
20165293
42494407
68946215
477643223
35456283
1192873944
42042554
19744711
216288282
302184211
38693061
405002898
1404590618
320766476
21232952
1551459979
26564673
77808402
42826539
280019924
36389224
1357561580
1477123380
1007279654
122195535
1465791200
55061116
1254305484
221691737
61724625
964266828
14723606
1371860239
19700322
1397661872
1431565225
18213346
622139089
364157227
390246901
830650993
33467543
43745219
44959207
550114487
895029930
76292859
37620087
135173461
885816277
221822662
188256896
14340921
46081160
138427093
1330457336
20191034
26344613
48713549
85529693
107354968
130544240
1364604146
1364526210
39339357
1357499828
32991016
14114267
18560876
74143933
58631768
28952277
277496292
1243861916
1338742111
1258017566
80596164
606448747
26837025
32657414
1313453989
1178437964
14353621
25680365
1070929081
7723532
1039725918
1274347356
1274545172
531287475
14286342
256625759
506536523
221064860
276565825
155654120
372936001
35880536
24508944
35612924
1204838809
39117748
134484552
57696728
1198189740
28330830
7724452
42279760
931595317
66217612
1137087122
37387091
25290690
34972320
355487870
273638217
886647943
14542929
21846143
122072320
219093490
193311364
319216129
388132833
390301340
1139453720
25049947
41337693
487573904
628662803
283103352
26588415
818053116
45614100
227294412
38260259
39506065
311338129
132475328
576065826
737075138
1050067998
34601836
42920657
980531869
1061007776
1023897120
452932725
756881286
500704345
1006404558
21293680
19529605
324844301
14351028
29435492
25353273
14296042
48989928
395209972
286750097
17776634
917606384
14859175
16668912
23986190
15027785
37665779
60891099
66485074
21905404
59180070
289249612
34703909
24154098
25129970
486909817
221812405
194225757
484594974
20229175
269905490
21155271
436515416
495004140
126089832
21695947
425708396
97406478
382598137
838545979
35888541
25262480
25507691
19764533
138174242
18714976
22172506
172896557
59548897
472017136
14273490
23480387
391069498
52765131
358969925
125930580
196749708
51998462
29343098
14407392
376819013
244225925
29417866
21689226
510241027
619813858
38402978
36705949
72504988
351650159
241686118
470985556
287132287
257379193
66204249
377965251
155976053
358346099
421125838
196802368
142282484
44633157
481096876
28997082
9695912
46688502
63262403
16813552
110244016
47423946
28110788
36067300
246816735
20611702
6592852
701803766
33497800
14291795
15022445
165940771
18043746
274431757
156763824
714901412
396618124
563732826
81381193
407634764
29697649
99354329
38265914
24523390
276861149
39974570
38696507
547145561
499807352
355702635
69361035
25860612
178920668
478388889
307555868
501695564
22196778
176164976
516671992
19962261
36107577
44851079
21078664
482294318
539379222
17867748
533690661
319228928
464621111
479559906
43671722
214604047
23320712
34342871
279131939
267848594
45838935
487429328
340852718
72367230
482231662
32113690
28338371
24544566
495874337
72018334
35551730
32866277
291291580
480627074
36099106
33609198
36307732
25986491
454232244
473914976
37059159
482323274
107516611
377427650
212749949
13396812
21746816
291840424
139711581
26720210
189560985
26260124
30077419
18907026
59580884
18461311
317343164
323348616
35725007
358104822
85403705
459165562
22363451
222818835
29792081
369997571
77982733
411847231
15353365
47358896
410612386
27829732
101533139
243273285
155927976
32526649
69312627
390115172
75819926
232936540
234132789
23084212
295876501
14490887
44207761
79143229
49944020
31090806
354516475
25380560
352534464
52021374
325790019
31963968
97884170
15049999
55004897
219602088
18955891
23568768
245511607
216008028
321900955
57918728
340907964
43407944
21952867
342937341
284663378
93949206
64777319
24046713
355426186
338276726
235633582
221674336
295608225
136403559
19078925
20854544
35183264
25803631
23574416
214049275
222867271
70122141
85458166
38638278
33978105
304627558
297295848
15017575
33885551
61481011
38646590
84538257
45845636
28292641
23574285
42695075
196409507
256504306
254236003
16718406
32671410
50389557
242031924
238945097
40232418
195848365
84282572
19157451
30213605
64148350
132183701
43521289
197371275
26470805
215993689
35248084
138376196
19147731
81578629
25365007
70380300
20425675
25477368
48536494
90448119
19077517
83352280
20142758
66737250
20679951
14272753
24044383
18680691
61429870
18934005
80532257
30241775
22677425
14287018
36699681
81844094
62916317
28593450
26719548
21574473
33506248
38885139
18519026
56202063
27603445
46071066
28411908
18264009
30759351
46857953
17187058
33217838
20301193
23115403
15895694
44219858
63129578
37677256
31736692
19119226
19841704
8341452
46223417
25313658
7677252
30268307
19021488
63118794
23651070
32535843
31840286
18716146
34941106
23849809
40116773
55243537
62266883
28584427
15894774
28594152
19922838
16805215
31985912
17066475
37416154
14560772
47933480
28189211
28631172
45086329
14912551
38882731
55496543
17482669
18791763
34223270
39219035
30923509
47974057
22989255
32482854
22988843
33542102
24169740
40520712
14365312
14419039
16432083
17813010
34285054
31409120
14712588
19708539
41088499
14687587
24426957
20868447
38870922
19236875
44850238
19703579
21022281
21391879
28303450
19188289
34575407
18897831
28103763
24439568
25051303
14997025
23940487
29716556
45101485
19125743
7981922
19784844
20853361
17685876
20195297
36423190
18609590
27845999
37904694
45594856
42844817
34229862
20659166
22415635
18760790
34898791
22014140
34672923
16542861
30311534
23641557
29908667
813286
18970504
29028155
14284305
32461388
33991786
28822089
19965881
16557956
19840393
28305009
25144335
36179458
20796069
27207896
29000770
