68352264
1414494862204936196
1248904721232003072
34656014
57832321
36307732
21642671
96010420
1147687408479195137
39599815
1070979968551784448
14998206
60868457
879713840119861249
20582802
14487318
155976053
186404031
27317182
40187767
844876405649391616
269911654
19319985
1329274597
49720422
2293082260
28160325
42847427
27501524
34376640
788840847748005890
19740363
33033900
6012852
3395364364
385628321
2423471904
275505184
32361218
21883718
869980333
1432735376
60133503
49623591
477001149
2428650736
1343955192
423784667
28364125
137082003
18455138
1855732260
397215994
447321101
263148226
301355849
755739804109770752
2341253739
18374326
28110788
21865625
718039685638066176
2782120142
716210471045578753
707249358924881922
109591967
27844742
931740456
3004068407
4023469463
244707638
7723532
47301143
1391542884
235145810
224970921
156582871
2966028785
4625687418
4503520823
2818756895
305870046
1172385756
14266598
498983659
1694040764
38693061
606776750
2916305152
951333086
250722978
14361155
205172946
1356297846
3425781022
1193158483
140547998
2168408323
1339835893
29442313
216776631
2633018244
1286402402
476692736
363200798
3144928678
59686920
15015340
2292454922
468912560
124690469
2396358626
1613117426
615044048
38265914
822215679726100480
1536791610
47974057
238096056
26029878
28303450
47317899
33609198
4384251
214049275
351451899
2345094797
387029305
1363081567
174426959
3115315486
480253925
311982578
336176794
2792138557
64995313
2398597992
1662687974
44865727
1316390684
34903415
1037031822
31111153
392291731
160676165
764884
3033099717
298642682
632165452
122072320
74474647
64741168
87818409
2715434333
3044084291
2351340198
28659193
352306584
224240042
131935861
17463923
2868222484
38421714
250435513
431042106
992759557
63119470
838545979
256120075
1901046649
25336045
18387289
14291504
24177970
90116669
370679876
5402612
2605255273
51241574
850749608
421368016
23481859
22915264
69666615
17987852
435202527
493818738
2557037323
64004084
10058212
38842425
17521340
56044169
1858063040
479442225
1611324854
29178136
773170507
34696385
2742671437
62522258
462893360
2153390346
1019946362
1322229337
2474022629
373298847
122012907
39275561
2477802067
2444534352
202766955
1497688436
27704856
46688502
80848887
32016073
240631769
31080756
156348820
292331091
2294337954
142282561
2217999593
119786274
458966079
2467689584
1175694308
44597892
226678652
921362574
541803341
2765698669
2570789269
190194315
153455906
137101867
372432857
28533825
349872308
19546211
2637549407
2181866944
425290183
130147435
1511819288
1300867440
1083314617
298058470
76896093
1934108610
67903239
373799663
1432993051
356740432
385873288
248436358
247372905
14159148
2359926157
2427233121
416396385
1959103621
555056295
70775499
101377867
847075831
1362544471
731479130
23418810
966113328
221456554
110965325
2463650817
2369245121
1571270053
266698643
198439679
280473303
113593247
732661783
38822086
1479509736
17705285
18001717
351644129
231454517
112408379
1880238307
2355135119
1252553664
67560503
513023167
61021311
136380905
581652325
272108905
2329066872
51844948
42282579
31087581
237283714
251596742
18724292
2264840661
1346428878
26818369
271481516
2306042956
2299185525
232525380
25360288
1450893258
1534655556
2279941701
359573726
213647306
154456153
33892809
815275524
472079320
999590419
792605850
9550672
1929957962
20366788
481932428
21649090
52662899
2188631050
1198189740
37416154
15895694
71526098
1963312058
214592598
53732896
140423271
353299140
69126614
15027331
1582853809
19562228
70372722
1076088475
322531105
293113971
78539685
135173461
81578629
520670946
1875018320
1408457989
221822662
1952465828
113087150
33236436
39219035
529334746
37237610
33954545
115441879
282211586
28952277
320683924
318977179
421223374
90610284
478019023
174234328
1841764411
31401267
81801121
388917495
48794268
210516754
229974334
1090357238
31386412
35562489
173785451
28796677
1655201196
515431540
258026952
33160558
23023236
544330855
30266226
18803903
21288315
986608628
1068458785
84310420
46384158
19917840
1290951109
200647878
1486159580
140392065
428231834
210604625
36025548
1329038221
1103808170
507076949
10451602
247185936
213237307
278925644
16076032
32352209
1488886736
1411197678
142326694
212487301
1436846612
501270571
435854067
397154449
205226475
862125384
1178437964
33217838
14286387
216639000
51103171
271394926
112724741
418189932
1254732104
388445581
33917045
23606104
1357499828
157967254
74143933
852702668
111554559
343978868
161636396
1320135469
23115403
61429870
623297631
427537521
15473958
38632472
828857814
11316572
34573200
1174980612
47600311
905595618
26979187
22898618
45514644
31085474
307237285
1137087122
25255918
272000042
85822252
468416373
16786977
84796534
45565440
15144122
58511405
20106852
562714668
21756705
14282840
276675433
6090132
157218534
20280065
14700316
40741294
193611372
20676292
63421719
913125264
332847359
474922504
69227108
63145400
169201702
355447909
18519026
97690374
102976177
561557880
151857418
243087788
971896843
1000262514
737075138
454191471
97691166
23651070
518938754
14118604
46338044
31109465
14075928
466451275
16153562
801323118
20609518
63693385
263610232
64148350
91303015
20479813
500704345
88268210
18937704
22057021
32816797
887066581
486909817
773294197
340577078
104759111
273447454
353664792
458605364
22012466
919601892
948256519
331290171
398606542
303453059
601856361
330240968
474735430
559845193
364908445
914618454
19646280
34972320
27501700
350801517
362477091
34049755
262191989
386865608
72513495
29928571
6523962
61714730
114604642
76741852
28535253
14777166
256912426
96861734
29251764
607360571
36027595
138535158
36015085
250255836
753578594
36705949
19331958
22989809
442986689
76377979
21864336
897817440
22834808
15484698
111013267
17387748
26507844
30439759
42843759
14567968
125930580
20585062
85457858
19200499
14775670
32149336
346023707
338651001
19261863
71456208
49738893
34231784
54577364
67565293
296156896
324417600
413623048
30881344
26761938
390301340
30662875
20238626
61735082
804597968
112428297
18682262
65039753
20625292
402377699
18897831
31770436
61450363
63684001
87472437
873304134
239833417
759970688
42698033
488852222
26787463
855346620
610376976
31070011
125412442
602317143
30952976
260308246
53367893
406892131
144980713
596741488
22415635
29406632
42460799
301487007
227835747
198584761
76585270
18186419
14420387
59548897
62156156
318271193
110244016
29414682
21695947
277623015
39966546
436515416
64366720
520658632
60896067
69835350
28818351
435099488
27405283
329399057
101834804
538977624
615571421
432553631
62101460
39695456
257379193
618152442
371715518
34247120
23798120
36378384
599279253
446388595
32535843
42857269
28757140
108635303
155823836
35587592
520393138
26792275
82653721
483923486
45565446
34050300
535661060
194062241
232623507
92401180
102334339
74217252
417823326
31737709
102390704
18020127
378188972
47606328
15439395
29425679
22172506
586501148
68111673
365006457
110861340
38646590
22028192
28726577
19721402
23830152
337808350
89700115
48713549
118415180
271606257
30744205
68801651
34601836
16017859
17113249
244983461
48709777
307776899
50604877
473914976
14294610
17099847
20170408
29495546
121382681
127871320
154896119
374473407
20223894
78653927
9695912
30927768
19450673
20504947
20440081
291277159
14206252
23937836
22920732
14698968
274902893
23436442
102428526
187629581
41813695
29676819
33307967
408444085
17233550
28957526
122321929
18715702
481539254
189376144
347513252
46081160
6592852
387309747
474816244
21846143
274033171
52785255
31499866
28092347
19077517
20586070
33482265
22475991
45845636
20195297
63132954
477714161
279131939
86154361
44850238
37631582
223807855
61724625
252512857
55541718
19067312
32017455
45919516
16542861
33714133
34672923
26022773
20301193
139368882
19107588
30923509
301909979
41896037
25619794
329144374
61150625
123504602
422876335
267403905
19764533
20667905
38260259
20555875
21574473
222209875
350522014
26269762
39052549
282937493
36028993
21022281
27845999
149046826
457637817
16813552
22613875
142282484
33852061
373890791
474413147
150228833
92722440
788524
34703909
25171315
420951546
66204249
516671992
34599188
21689226
17425802
63262403
234831347
11372152
474452457
267180999
75130201
45594856
153374624
46753257
48302295
20747847
47423946
424467702
14332159
14340921
270364084
424264424
14237373
23434430
21426923
302563512
280925842
364488011
324844301
17527559
25313658
66664753
18609590
20868447
38213979
26229790
17471820
27513352
7724452
60891099
20191034
36099106
19232861
381502681
18773541
20329566
37174426
37904694
22014140
61481011
38451208
17673981
18213346
34898791
38282491
18760790
321486794
17685876
500635122
19188289
42851485
19762987
14417779
16432083
20333524
42741077
196749708
352534464
249635137
14687587
29166561
461979961
14286035
352230918
329144543
19734035
40482226
41554173
252274010
20611702
49073990
23849809
495098648
487764211
275090385
14340875
28103763
29908667
47134635
7087422
36041901
63442375
63129578
158351997
11041512
34941106
237687835
42844817
112813136
20796069
188256896
26554415
378601122
113696592
62806811
130650688
25403689
110783489
273091632
76337854
332401757
14125317
221064860
38163216
39581053
44577324
19337187
16589206
14114267
4970411
17066475
18716146
62266883
131801058
20144046
20282006
18927441
92727851
52344859
