1495480590572961792
1498882455864057856
1161035566823235584
1405859554655604740
720139699
1531564633
262219168
1497657607368187908
1009546724
390842981
144611647
60783724
1617972740
2569743630
27938809
3972812140
1192449662592208896
279390084
939486738543796224
80653307
483930658
4446732508
1726682706
205622130
36048614
1232734150714634242
307562004
255471924
1238583088998830081
1462548977367359490
36308071
446304475
37665086
1361726568343699457
30352096
2307898220
34032735
1354334915844837377
49935296
311899155
1350150750966603777
2885493519
3331851939
2646513918
1325179841172267012
1158539662199349249
436576452
182107650
1708477874
1140219164671578112
987274804096126977
2792589217
871786657564966912
262664471
62060746
24886897
310519153
19080937
18077033
1338475952
19226961
370244288
19017211
840249012020207616
2748646057
1029415540694179841
1513382018
958734087400968192
2196228910
4493731875
351655589
66299380
14606990
124714920
874856436588838913
299515134
36329597
157981564
471861846
4188690141
872533308
861587157416378368
34672923
565418442
2506171157
405113967
1331771401892732929
28092347
4289258058
2615001156
3169159654
3130794100
4353260675
415701368
238109168
148831635
2881057294
18724292
31387825
2801625496
65064975
1594702040
402655240
341564433
48702842
237371242
602201119
22730752
476591541
876576338
340577078
14260387
82299300
1884197935
2181866944
14420761
339055436
803694179079458816
1349149096909668363
2790094654
22849568
39965455
14287243
1199650111980261376
3565248672
25199800
701750402786717696
36627732
70996053
603775254
2293900364
2925842572
634401382
25160944
47285504
1078693601356509184
29182651
1323730225067339784
15764644
20796069
815966620300480514
126722715
188021130
247185936
398088661
21252618
60876782
427734625
17471979
2590058264
16596200
31343887
237845487
717774036877623296
112871323
88001109
31189481
612972910
16904159
915175551706464256
35852829
293651576
1721797544
14281853
39219035
45650263
1855109353
59130586
507425094
22159580
3237493800
425708396
228694077
1208042953404497921
30354991
939091
13850422
17066475
36067300
1655512332
376173916
225265639
941318614631747584
1880725393
401775393
25263074
14765253
14505546
55450664
120183536
141744721
70736359
2548072274
44983912
30257547
2812768561
838033909
66135214
183356975
1076088475
2191478849
113025802
473914976
133201357
906524430444134402
196163968
153181367
1205226529455632385
111702288
2990769851
13261352
462799987
52397710
25729216
33260668
14342564
421112262
17650551
35806355
5763262
475534646
40215521
122072320
268665178
146123790
63132954
1247375072
280183942
475172955
1273766098316464131
27042513
11740902
3033264155
28303450
166252256
20237824
2689749997
239568469
158414847
37416154
11348282
975666887173566464
18934005
14417779
34050300
2180849438
4791778277
831804089700872192
237293370
330267303
151768781
17266725
107225267
816291044325261312
745273
16581861
364157227
23418810
2601641730
76314210
527852034
369788077
19501332
14286342
92293468
18481779
14224719
210807672
69273072
19975445
401888782
532666723
917421961
979213423
26978944
807629196
50772918
1232637140229611520
873592891
407634764
54917900
251305517
14293310
807095
2836421
14529929
725925007
125284155
24913773
1071817859414806528
66369181
83795099
33609198
937499232
38693061
33852061
37685197
610804764
19018191
1362331039
28759439
945356473
326665662
75742264
40322305
12044602
26229790
3305623517
768556495176892416
2570789269
23748315
634367581
949934436
31379089
1225716518870298624
840198864665772032
19767232
99708447
19059674
4263130319
1087176427
18016543
804294660
3036386950
1551459979
46335511
64697682
2789399330
78539685
72292202
20008618
14114267
74778874
385881449
15007149
1175129858441142274
813286
1282992704
228107253
2741162614
1146329871418843136
36510958
915532897
242861232
1407727147
2277506913
30759351
81072853
1566612524
724976869385342978
2715434333
1008377520729870336
27714681
29676207
16303106
864406880092909572
25752134
26200144
367985666
66485074
101891267
2354013972
125960653
347275162
24156016
804153798
35470663
37904694
329004156
64383802
253998571
16744473
714183597910061056
14196264
171464256
359532790
20859418
24890121
2868785181
2868525504
2341253739
404004517
42067731
267238107
2540280546
1543192765
2548131272
106753602
1241383956
54175087
765862238687223809
20234981
155976053
469780703
25295208
152591353
4503520823
46084578
968587494
19081813
4516023204
48154045
34611720
18833813
2748398647
32360844
308570833
513584555
271045372
280019924
28324711
35456283
21695321
143582713
120048506
26278467
57064417
403973682
58028047
175357776
127268367
204525639
942304814
1106585241135841281
31195903
579295585
1193849958
544652425
1112583870
471084733
20679622
735764197380759552
33892809
1347109550
23104499
2754777701
138203134
131479651
2952084729
606227271
1006419421244678144
153375577
460042429
251523398
22014140
28099901
66700763
148112377
47305738
48316845
278629287
14113093
198625434
413876032
15506255
185983448
25881133
38439143
36423190
4155492063
2404437771
570171760
42494407
190961093
192160002
31101381
38016612
18417280
67557660
68780681
511674004
83706116
27918792
252361852
44455957
17705285
28304157
45829379
1860429764
6523962
9300262
358969925
46869791
237524449
142093182
32347467
21689226
15846407
40049680
18475198
45565440
462899184
471151645
442711232
1180370792
22959763
262164620
25262480
44207761
33160820
136218318
60896067
135820177
500704345
63266077
607016620
454799703
38481672
291277159
792605850
36050996
36028993
544915456
1195765214
737876050487709696
22324844
91394261
26798240
520329893
14998206
14125317
14407392
14118604
18611983
73760208
21393069
55168497
31109467
596422929
26307856
58511405
20582802
14486978
624011689
28726577
929412942
58569513
3628947437
1339411668
14260960
294073504
38135837
64742113
182777714
33644879
67403849
184722739
19389900
39599815
79163086
363352400
200155533
24740443
372620635
746943120
2180017225
19119226
33180076
57640484
17440779
572834075
27062533
1103749050
761113697720729600
44196397
21022281
31499866
231118152
233253956
274431757
873200750
37163781
43674570
350813063
134551793
14294951
5986772
292885014
2863714984
18628277
129543615
106769293
165940771
2800575035
363282607
920783642
3165755015
272339822
1261462266
31368630
410731663
3108351
18916432
38146999
30110233
17060015
84679163
87080308
16544818
14332159
38260259
17463923
1926360631
2874183033
20914074
2580986466
68801651
3609098973
3908996909
25803631
21648257
221064860
318677850
47934276
711094341
352534464
56326379
3414509159
2966397556
430789067
20074945
222492561
366225214
57039876
3047785524
20503192
15895694
28776654
309559389
30941476
16718406
421125838
19904252
398606542
32954988
2191031939
2446743776
38421714
80668551
16826617
22481472
105267145
130267435
34285054
13298072
259408011
33585774
1488840763
34713362
1898501652
28085805
19529605
224240042
14687587
31405598
21670880
103280252
55541718
20366788
16184358
951333086
356398393
324844301
19145380
378433833
2966696183
27113674
17683482
41167959
21866534
45810524
634008527
25813743
428854213
819168234
31429522
744702211
14224622
89172908
2264840661
1329038221
55857123
36624824
198549401
14291777
270779278
374459845
2461097018
19332655
19509064
306138490
42857269
14296042
40104646
33885551
96861734
374402229
418152332
161616513
277496292
30287258
26238429
48713549
43071761
21864336
740526594
1712061696
499776536
322531105
193186935
238308510
214064340
811677463
624650855
338209422
407952439
122318779
172896557
31085474
567915703
14402173
34696385
33480831
18387289
94188924
74143933
112428297
354516475
156194729
19343254
260132760
71643224
912566684
26207988
382598137
27692462
18988667
24680416
1382743280
42625724
76450358
818053116
14340875
14547495
14340921
39764029
1204786310
573535964
431555948
25171315
58477132
79422956
22670411
1691130469
934294806
51243315
27838791
61429870
42042554
37876601
456806128
32017455
21423985
23606104
19962340
16813552
743060426
90848755
17873227
1582853809
96975729
40070270
85403705
1285681484
18435641
6592852
123057906
18293645
414693833
55047054
29440550
63129578
223442298
1198189740
557685764
105265572
49774380
45315024
250435513
1152279248
517844607
9695912
810640513
22194908
42698033
19524118
32352556
25817863
21853001
135917823
45919516
395593188
135880176
31109465
577036118
78099370
66796168
20889472
19157451
32351643
45342108
32844394
18717184
24119198
236829256
330544213
233511339
20432556
17187058
415679830
36039059
22415635
289004106
136029854
317101757
19764533
22049212
600462984
103555738
319228928
17113249
115441879
26719548
14659667
30840835
16978332
292904816
41780439
21588799
63262403
520658632
34888013
18948340
40935476
40869450
61724625
908615090
95448977
883921728
41785808
37193436
22172506
15116162
316563842
44317501
59548897
23937836
15967758
201653163
14617551
37776452
140993447
271647774
20210193
402952461
42407938
14930764
141917008
390719961
90534982
19978806
546321052
16667262
22363451
478553827
82325555
34703909
124567772
136392057
120924958
168986242
20545055
384786873
67268011
19414413
24426957
267403905
66664753
19052074
20145056
38646590
61250638
18264009
34941106
20868447
18554686
24010664
50055701
41554173
32352209
38493594
24509661
14277275
19067312
19256979
241959982
35739895
57602886
92043674
15022190
221822662
23925022
20374992
22988843
41556663
48302295
21645552
20853361
34575407
23849809
26214264
18670845
20969268
6012852
37231899
57653188
38870922
21695947
109238047
32535843
148391437
142282484
18029265
138376196
31700411
49073990
18669139
28110788
34229862
62266883
36307732
101727020
62873470
15438647
19246061
45594856
33467543
6526412
35276169
18897831
39966546
132255549
48399528
24950478
19236875
30873513
90448119
29908667
38638278
34910028
38643660
23480387
76292859
47974057
19145951
31822122
17813010
31801792
17691530
83652619
19188289
17691499
14237373
46081160
20301193
31386412
28101138
23822793
45565446
428333
19769863
18322104
33236436
27105229
27317182
25650703
18970504
37665779
18609590
31421204
14287326
21806588
33480259
17482669
27848098
14679772
20974015
18639301
16432083
