1414494862204936196
281515223
1311576901518077952
2301440146
2401292528
44317501
2865919455
92015358
32529204
155014550
50785771
1374416472
96861734
2766008221
39456398
1323173095
89755039
74761932
14651105
2741152709
2371826739
2466204836
25118559
1322229337
222531330
2879303889
377990961
454097455
39231897
474970460
98940882
1233687644
2433526820
2966696183
28319144
213614971
459594726
236097643
138734556
2903728984
637134195
2786230594
2398597992
28806730
134588643
46046169
1363032265
252361852
26278467
582224629
251766757
238308510
305788013
2731182199
177707921
154673517
1691130469
166667606
16017859
373239963
338456775
1723329624
16316226
2672784822
32472513
2731420412
2712079471
241109011
268553359
52798884
2264840661
471276749
155947599
932726724
59219094
163956616
461105934
432553631
63421565
29657021
318977179
30841751
6475512
24497810
602603558
715834782
478039169
391251106
30076976
39574837
88459833
329046585
359343297
1156461199
248613788
1095122275
585645127
792605850
51900256
477217653
2331929542
476157695
54008660
469673023
755267682
464202341
181662928
47895003
56065607
432598512
446065347
468679492
590229061
61617051
23574285
122312886
291791225
30110233
44983912
307306463
85458166
72079243
304396932
35736111
2185259097
2188448497
492188799
2168560282
886890420
402644147
82845533
513502591
235145810
14379246
30911018
240620349
469448334
49570820
200516200
862066333
122318779
1198189740
529978335
250705657
319660454
64773558
45391213
46098040
556345045
317250031
16945279
228701649
412646722
511649824
354956365
158451358
283769520
169207455
292592556
1103749050
27008101
160156169
1426289635
24161725
478855143
501131775
365604098
1710819966
24562441
21423985
542622412
34034031
57510423
406193072
80556883
145337107
27840993
21936101
7823022
110866353
140780492
365006457
40869450
68391443
1340224394
402392623
859576393
72880522
216885852
1652575946
42611222
26719515
1178437964
230864549
1491456206
886561375
1628738808
21804132
1631045232
561171789
1500371
1600966459
47318453
106531254
153396404
59776079
287850017
194063426
73862642
209720509
113111365
485553083
219496438
521721190
224365455
35468159
1599409610
201653163
249639403
1586807708
364440646
66762275
376188356
14997025
18716146
21695947
61724625
19795290
1547751037
45786456
1550041111
92528286
372839416
465114638
19978806
798250536
37677256
27833757
23740299
554662748
314040516
1094860723
31359475
246559875
70022802
1103808170
28103763
65804220
23067509
81063496
1125003890
205632770
1272433376
36026730
56220775
305738995
490572269
130484084
181130452
19653874
361400852
353061924
473023295
1136935058
70220181
532218161
19061893
211525422
1115090184
490191091
26850290
343906721
1362242096
39052549
351589816
1103965070
458623604
416298768
528783781
1318624070
454169132
173961368
277162590
498741149
244983461
468242715
999927998
455709392
31526298
1286688722
1302099541
307854601
24523390
1294735370
25056019
575252095
509331353
233313250
748898755
280019924
1265167464
748733844
234077687
490650354
1195765214
1190182783
25389682
1181561850
112457602
333290214
70898910
859456027
376207031
343884153
1071370500
339055436
137844411
617430060
28067981
111431697
85529693
355170891
256625759
601367747
314081431
45315024
108417952
32961333
25860612
47140741
18328973
74210613
24688010
1222281936
27271114
478019023
294556162
126256491
1058955836
895029930
44135812
377605863
86918290
25346891
120095524
33560195
992985324
34564770
14291713
80516397
31387825
66796168
934310659
952592922
509237663
222083357
22282690
334520234
14941840
29026831
255507339
464621111
554793321
611018042
462782473
1112707694
1032862448
262886649
248447267
14226613
19243296
19388550
153027473
280104701
20366512
452896048
457444879
929412942
83335239
372788773
19332451
245770187
95603573
276032287
137669266
864391304
40062854
646163
90938829
71272020
394639497
377965251
41813695
512302912
18670845
237524449
285332860
1041956742
804597968
39227903
208621548
288315488
308754481
38693061
341062077
25344165
56044169
80848887
191425508
482971150
830775727
14304692
74222109
20761720
204441330
361805049
369080489
340420742
125032687
35182104
214845100
993935214
48962450
65460298
32360844
14287304
41636619
816975650
19340799
26493482
33212240
424467702
266784992
72509726
18354770
277773492
357149769
161643994
107514168
219768304
316006432
75935391
73405963
919092211
926188446
263086724
147693000
477908776
52033549
276172272
113147061
107762215
254710359
199059928
30331139
200097586
157349167
60922739
20662498
434422743
374465934
23415738
939334806
20431436
288511079
44869490
34027223
702505142
14291575
43861512
219592402
34319612
924875222
17958927
524286598
17210908
58911829
47602230
37771931
148117137
511674004
126087292
29447324
903621818
304543204
491541680
63836368
323190649
401613697
117834105
296750001
258418075
67557660
34888013
63084435
74722122
28165217
36113599
340917319
57696728
379325620
184159462
404704096
423837866
539275204
527914007
35698094
34556256
497959904
15015340
26720210
20191034
88433467
245459239
436997911
549877273
170336547
575129909
14285785
456921481
233511339
85383269
14206252
52662909
64379046
44661128
332914784
16659155
31382645
531629755
222345297
24856441
62923906
875105904
20044495
205863743
45522699
24356248
865365792
42845459
17576609
65447476
122195535
863188267
65345246
31381562
278664682
149969816
860378791
153558626
156582871
396618124
773464316
28583816
220138681
18667174
23949699
347853730
281417529
848994276
14172175
38065120
847066238
67070886
33038367
100332815
190398902
285058238
571100870
221185949
357409833
93879508
531731898
56342547
193273408
294478106
791949818
94538562
800879647
821110070
319817198
564545377
584857307
751221528
492546110
36170969
510747531
838894921
499591167
417445713
23582636
32467248
19152424
75757818
27126479
44633157
26589165
540975940
30643633
93847093
27204620
14291504
491734698
114526801
66320386
19223927
431549520
20847300
33847354
104843267
577051398
25704039
347144137
561133636
30840835
259814297
808594566
819547784
28321666
92962860
30941476
284633601
756881286
14687162
500624705
113307238
341201050
59083291
30835906
28122204
280925842
381502681
761135604
612664952
749444851
14910506
626277494
34243437
334543679
419553326
524326247
500885877
437803905
598334103
139711581
502918718
38229056
122072637
404981052
146856971
38769939
115441879
283626212
31397933
607016620
89284278
253269739
19523359
466408137
84387532
58737118
347594071
361126944
201887118
411052847
33990201
314848393
216639000
287132287
334563264
31356997
729325885
408390137
148112377
272119790
716345232
482294318
351650159
214441912
469389558
47740932
823905
138705679
300885842
573422261
160920285
229137304
67676949
44126610
262899716
73998226
57748040
53949942
304011325
23181952
61450363
441035335
514866709
630327466
19061967
72279667
344331835
36625807
23984181
453303839
626536825
21948879
29169808
30311534
28302063
31723263
31794117
28065078
224222029
598359450
93914726
354852935
17187505
7036462
210805646
426023909
43414006
119707587
91668421
71323944
21628891
20663500
23449774
163892217
221064860
14610776
36705949
616432337
499033305
357686363
178920668
71214277
287197144
45155843
17471108
41785808
107175962
271481516
38842425
155694288
478809820
170023589
138174242
66204249
608460119
393001171
44588224
116700803
21568065
31689568
591216823
60104533
31421204
422564236
23765381
39062529
23500723
24564251
605375350
21532898
484750980
70423313
58881747
18689496
134221985
351744384
23582217
317658479
118093322
26734664
567786594
41691168
14303433
64261666
387365672
352959005
424552290
33480966
594103686
355735814
28828199
245919719
531147750
196165072
484660303
587366734
591069240
269976159
509040127
31955653
335295369
14129019
241490028
334852211
55965955
421841144
26887523
14464324
42527958
29270296
40879848
411554877
588242441
579757656
33659151
37868867
460170044
72292202
223442298
567180987
291277159
18551911
576636673
35246361
23428607
564672008
218833787
565301626
93532399
567315096
464969920
59827474
81679261
28318261
252118230
37381216
39478117
382701373
35445718
469638160
507541495
22915842
252274010
411496857
385283285
14277275
103280252
265887867
27259029
386607583
24950478
30873513
82464449
63495252
72513495
20083729
332721031
490545410
56076492
33505076
146971281
26109505
191896374
118197989
44098080
484635202
535409721
73081392
503456777
532480939
529686328
504834362
66737250
403272223
28626588
25504185
172697137
342052637
14284876
88454623
38822086
135820177
315128063
364926918
524428922
19976487
462056552
23413873
368540754
526401874
23439822
340520059
82353528
123003191
319596959
521198217
48980951
180937499
20586070
378471208
396834441
477273636
478553827
292904816
24757494
9990932
344327156
18797981
299269647
33237600
47489712
236078395
479341887
312113003
511735749
21780849
252175696
172571624
206132663
71669304
191165723
508006513
31267211
30287258
14121420
245928957
44959207
355643629
506249897
452211603
353234357
499776536
29944820
266698643
53032573
25262480
193207281
141744721
29704091
225453962
205171589
422876335
58477132
498361688
38624201
270248672
42952731
35505230
454817861
494429348
400319843
400864184
20883211
91756062
97406478
55307307
171438889
374071197
274033171
46106058
14353621
53357708
466773974
45004633
427537521
36468498
372277178
155833566
395794687
487764211
281529974
221000907
31070011
74201377
434848353
400967350
29343098
89695728
227420846
59285702
481047860
49774380
20433173
26606802
47591044
38282491
14290848
221119581
125930580
247185936
18554686
19263240
66696236
33467543
84709356
81844094
219421113
212272943
38402978
37416154
65493023
162498022
29328836
38643660
473914976
176227913
64366720
92253146
479340588
342767681
277496292
277952606
140350532
56048102
361852315
72925279
243107115
271547491
477643223
80807542
28073254
32827751
373905183
352230918
196409507
317034318
46869791
388815555
455726755
31443715
57133595
393350712
34972320
289004106
133872042
32020531
26464886
80246329
314635115
324844301
71193180
14617551
190387540
425752806
186345555
119392186
172896557
472156651
436060578
20936956
39488289
342861306
112714402
14287712
26214264
25996040
36015085
37231899
4384251
19769863
19488743
6012852
14340921
95640962
32017455
24686706
76319586
29294824
19236875
39738562
221726495
16601090
19704302
39965455
19659689
18045072
14214281
19650826
14277722
31821927
20152971
34898791
30203462
19297030
32502509
39492276
34656014
21746360
217593876
235774639
229640435
28524344
104945479
363918028
71069347
29716556
32113690
224352840
279250117
466480581
95385209
404124016
18224213
14125317
25288198
22975747
18609590
22371639
34609277
64362370
183958837
65907870
467943096
197589692
34351834
307457687
190983241
385406348
195827347
22475991
25803631
31101381
31518766
40945997
283452616
55047054
31343887
18797522
312504359
260132760
459181574
41604240
19330445
23115403
38906450
19331958
14224622
216288282
74217252
412996102
37876601
14118604
20223894
36028993
48702842
24746466
465912646
19389900
33217838
41544679
58755208
31195903
450064000
74417600
132928477
426486458
35694406
28612787
110244016
385038970
106769293
353786385
464579270
14310995
238945097
203496736
160622652
44466367
47134635
338651001
14434034
69236231
14285140
463816245
56636606
40025776
47073928
88750632
376405360
28075839
45810524
250669140
89425072
36378384
20582802
349970652
268733546
143961616
461516580
42100413
153519670
18002106
20675372
19234771
463006120
28094274
463010955
463005332
28436799
74474647
255098163
392176734
45342108
18097308
39599815
158351997
92489022
18079528
140394260
233580495
62234710
32671410
82430415
61244059
34575772
211108719
116715920
345503888
38692421
435250917
42599255
42259002
19307442
222818835
15027785
19642213
56200225
16586832
36027595
461533162
42741077
36041901
22613875
21574473
26022773
29182664
63132666
59548897
25051303
23986190
36389224
9695912
19962340
19734035
31985912
17425802
19762987
17230800
96993423
17681045
458684285
146390348
22363451
37174426
17499801
19385216
26307856
153375577
34300228
190340244
77573428
14584834
392266891
27704856
63262403
370025586
95448977
393429748
205803448
394836017
395439921
311886739
67903239
32356665
19017582
20224408
28101138
223194178
28692401
454191471
19145951
19962261
35789212
34342871
138376196
21645552
18714976
23651070
7027112
38646590
17187058
38392595
338049872
93247303
43525582
18988667
40482226
47606328
60891099
38451208
90448119
22585928
38901264
346494391
26470805
23921403
351518999
21391879
38885139
246177161
172054878
459237590
79163086
80680907
42630696
85403705
228694077
155976053
96739600
18669139
143061537
452937710
390856590
258471477
64679301
45208581
34294560
18897215
16805215
14275788
45565440
21746816
27845999
42844817
18213346
28571625
101758086
47423946
16813552
66987835
24974764
67707084
135153110
41554173
227613352
19705628
19256979
54917900
18332222
28303450
14234290
23211282
39827882
33155652
34575407
28148610
17113249
188256896
37488920
19319985
75060420
216851823
26820072
286267446
21759024
20555875
113676041
29440550
421125838
14615934
33988509
407952439
10451602
373890791
29908667
41080478
196526374
409504959
52785255
287802512
360838847
32156868
29036674
440999494
110957512
306777752
38636688
419788091
60457452
18461311
182852575
48629504
33892809
157737361
52234964
282937493
20583062
135173461
420959281
415679830
24687109
51844948
29095803
409367244
136029854
402211975
84842041
153694624
25171315
196802368
32961236
14406454
17372633
20974015
236839814
70987513
40117334
30705683
36725716
247262532
279131939
268327245
33482265
259719962
311006957
155355455
403973682
440175885
339960571
161072088
439118553
407591500
194704405
349566003
18529878
367182920
266111353
19307489
20210193
85594944
47701295
16823599
42625724
33180076
379720636
95238065
41119959
16904159
61885765
59580884
359573726
223198101
419437291
19583956
195848365
20195297
21905404
65612797
32352556
45381335
80668551
265414216
26719548
81578629
76292859
23798120
15857285
353664792
112428297
20611702
49068924
23590619
33548497
18377085
44851079
48713549
27317182
218863631
48853524
72331393
315450755
66485074
118351047
47448389
119624756
76450358
308423959
262093470
18395344
369140208
241636550
74778874
14367667
22172506
36510958
28315166
18675926
21590690
40935476
34229862
36179458
39311450
14450979
18584688
60896067
48316845
28364125
17066475
70762972
19260683
39695456
19067312
18314753
47404564
33874207
14274693
89246340
71031828
92033007
114757774
132255549
19312018
20976857
33307967
47893226
15528475
157907219
114680005
31098895
47965074
20053610
28865987
142282484
192328753
25992014
22185784
25190349
33472361
65611875
38265914
259916263
262808051
251523398
14344727
26527817
33236436
25901725
72863760
18016543
289273532
313242570
34382911
18293202
35796801
370719436
21923532
102497681
39569606
35542768
417918742
31728646
21689226
37651226
21022281
14292406
402952461
25518016
18462205
82325555
28093496
14763346
34601836
146422421
116697719
20934285
14286387
51997943
291291580
3796501
14487318
81605238
46644261
85545437
38260259
14287326
58511405
246816735
135185261
14687587
424903704
425909264
37623914
17986412
65357795
36624824
198549401
42091596
65189455
232485720
337793588
68801651
232936540
72840952
123611918
149955780
14649930
47301143
64714060
97240427
382748039
23436442
33988005
398606542
80514185
347378361
131186123
18955891
374417128
41989543
199665432
158016319
355702635
61250638
110819375
390163085
95456557
250435513
69365939
307478086
393370698
305608750
23469886
99347701
39036079
22415635
356330071
67617143
292944326
34347200
42380143
45919516
74802451
21864336
157616270
309126789
14291120
14282048
241959982
36050996
20432173
17188157
406584504
31405598
55541718
24575979
32058241
24214229
31386412
250518893
23568768
340401847
23458354
30881344
390115172
18194164
352534464
196962381
16944655
172694845
145196059
35699285
65306306
102616697
42310158
342030291
132298643
23531137
28087473
362040694
6523962
36038441
38421714
21906057
106428909
243998777
112871323
274926567
221812405
302563512
57916104
21853001
345885275
19764533
23084212
34696385
221786565
36124905
270092321
27437465
276010468
123520901
132506283
401563743
332455358
30886191
19016697
15230966
17039630
68741204
18970504
90848755
31675656
231571986
283435411
399331316
27713906
14154562
30189753
47366323
218781670
55528242
47358896
285238781
14427423
18387289
236092134
18335499
383411857
89539047
25854567
218482249
31107259
285838961
65363191
26512324
148859831
74116688
377427650
32340249
255189468
239602772
310120071
323504130
331630135
360447111
371939579
70665468
368600263
55184792
30686053
110333
54483774
214042829
344943641
125416669
162128640
36307732
253169981
341640476
360484104
223222793
65368576
361476354
35444091
21588799
354025505
20067111
352370433
357596428
18629239
29174204
353576703
299887614
342954181
167889277
320679176
19967593
75224818
211465789
340393077
38069514
347513252
316563842
29254394
346001892
308394496
30759351
16831793
338209422
56181258
30268307
141709158
161687151
309043613
322201047
18694635
291310745
249253255
304178482
28110788
39219035
46081160
22988843
52718337
18293645
48302295
25313658
179050190
328445838
75033041
145650504
277151886
43568208
92742473
248855654
54849739
225950399
45549622
39505274
42843759
246298038
14665509
122072320
25966747
24426957
18760790
20868447
293113971
31100600
176803230
37665779
45565446
313389924
308565504
18627984
15160409
45614100
66489387
225849977
277408820
15907720
286175588
263394571
205636027
217404729
85556685
17893932
6592852
221822662
14859175
35183264
239833417
39581053
23661457
28087996
24010664
44388896
278787680
256665194
58631768
17211550
105090809
205254000
161381301
15178951
31687026
30077419
82176038
28726577
174762419
267403905
31409120
17873227
28178236
45144731
57602886
47974057
248592138
95605924
256902793
265916095
35190278
204997026
218609013
18850035
235743135
93158077
28166942
242323467
38653195
26979187
37880184
56658386
26305549
34580764
211129938
35551730
25552530
89906075
220694407
177151513
31080789
61227070
45531571
202595986
200261662
186860597
20675943
188057894
20037413
43671722
130267435
144101019
26069778
54628231
39966546
28092056
18897831
34672923
14237373
23849809
39974570
34941106
14340875
22014140
21862201
49073990
36423190
20642087
43319571
19067283
19813523
32398376
37904694
29089118
28323152
178129880
35721738
122222135
125979064
75742264
43531203
33299071
50065890
110120052
40231163
73203820
34922204
33260668
30882208
39055675
18334306
87495926
101094404
42481409
36997039
16994851
93609346
47459713
21155271
82130140
13867582
39091525
62266883
41337693
51469955
14310315
24154098
34402309
45845636
33008891
44872685
45594856
29928571
36059230
66664753
63129578
18264009
73086372
19901366
82600114
91084934
23750924
89483830
19827241
86557002
62960046
76008218
14490887
71000082
20889472
33837414
25264859
29447307
29273536
44459158
27840212
51473040
23344953
25275419
27059901
14159875
49808014
42084636
40090446
40281503
43187396
55496543
53028510
44577324
14898737
14284305
48364168
33449815
18975916
32416211
46366593
22062371
18938530
29435492
37059159
34631910
28324731
39014421
18087674
14350556
26708613
17813010
16095034
14419039
28160325
38844838
37596796
38643436
24531620
34285054
31801713
14365312
19125743
34734310
18976278
19902938
10413252
19712127
24169740
24149604
19584064
20279163
35834118
20659166
29671149
29028155
18981070
24684438
20144046
17685876
18292862
17929243
14274835
14114267
26507167
18628277
26818369
23338872
24583512
16557956
18610189
27837029
14332159
19337187
25144335
14349636
16542861
16432083
16718406
27207896
20329566
20796069
23434430
34599188
33453104
32867036
31087291
