482185887
1109004217539272704
32397331
458203852
1373697979694080003
249262359
66664753
22415635
25051303
1059561202492362752
4127946221
1452036716068577280
60896067
45919516
26708613
106101843
513091074
14287446
154339511
1275457709702348800
2219254012
1450680715
1192479630701289472
404093446
4048152814
2599841437
365976605
156558153
1926428880
2752846128
406892131
1706580698
22488324
221110729
398571085
356128400
1096143589
186404031
1148709864
324780470
560965705
295361148
244983461
1120038111738777600
338369157
369395471
419788091
436623961
471837649
473914976
552236475
600758713
603775254
951333086
1382743280
1551459979
1640414335
1728936764
2228363243
2428650736
2645220702
2924816561
3119889670
3154670134
3235126283
4205180009
811340054085992448
907517876973834241
963484827130441728
1033374143461425152
1203238571634761728
1352156535510728709
1410173753590534144
1325878475207610368
1082577423416344578
30739418
47134635
1401651211
1103185636331347969
3448722142
1414494862204936196
377833790
23748315
966057043
918913624395079680
849366336669196289
1379497626865954832
198625434
26313697
72054152
2605255273
2377129874
576176230
110950126
2282250531
2712079471
54296291
380932103
76314210
42042554
32352209
20386897
3175807619
3115258858
317710897
56353796
312035247
3419997580
160676165
840198864665772032
806047743789699072
102971895
30941476
44588224
40215521
838111239750447104
138203134
64693784
2826065163
42193543
2550562016
2506171157
63145400
1349149096909668363
112871323
19975445
1951333489
307456888
1603282212
2770497009
1519675345
33236436
20611702
1325009929560875008
34285054
26214264
333903537
1311576901518077952
2532896571
3081108930
34218311
2941115770
1229508184261480449
2913912754
1021129657482194950
1005826836
1086394057809629190
59569015
349872308
21864336
70996053
492189880
20582802
1665189008
122072637
554466061
1891481316
612458528
4127816465
2886207627
1109421579765772289
952592922
1063972498721697795
538491906
636296712
864402386680414208
951721873980747776
2268946439
798531414178365440
377270903
1468067424
29082795
4142942559
2865753411
2704496498
4127390476
4127799555
63129578
2715434333
141345513
18609590
103555738
3509720296
3579904043
3296130198
585807882
3402615569
3305647660
633303672
82617511
290019668
2978119762
1037031822
485632766
18447095
68939643
549435840
14282002
18633093
20462416
20761170
23185890
29753796
33534931
34443564
44633157
73873111
82069890
115018714
220284933
377937228
473872328
470526471
473963784
556037067
819168234
899408035
901873338
1234639646
1260619458
2456524033
2512522451
2865919455
940056397
50980755
33659151
20232325
20686754
27601663
92489022
526672390
32359557
414062627
22751137
221812405
257379193
23481859
47318453
3007449694
14426025
2751434132
272129575
818053116
68935169
400060778
19122668
273521535
155976053
17572399
105131651
56377143
214441912
261427535
1937511163
412996102
214049275
2415957962
1341817963
243087788
1514042323
14114267
2560124168
94623202
92581225
1126198074
770132330
135184399
525419914
2153390346
28967984
2168750031
456469245
14420387
43164020
2537682190
1710819966
850749608
2310295012
2465468423
2181866944
2467169979
57510423
1426289635
241490028
24046313
44344421
131961521
75256046
92993245
19468574
24583512
27837029
30647094
31080789
33453104
36124905
54669753
54889751
62040304
66489387
77827212
88750632
123003191
232485720
246298038
276010468
305788013
319596959
340393077
340401847
360484104
403636945
463010955
463816245
512302912
532092171
570763281
773464316
833941705
920204569
930515930
937300766
1416056570
13201312
14159148
18627984
19233252
20238626
20667905
22920732
30662875
32352556
34585876
37876601
42843759
53311530
52662899
64385966
74217252
75996103
81059744
112428297
112666537
115003484
136184787
180281123
230457924
16718406
18292862
20144046
20329566
27207896
96993423
306916140
97240427
218781670
247269936
349970652
490572269
506492095
549423654
630327466
860378791
865181844
938834965
11193982
14154562
20546839
21698000
22608196
25389682
28097104
29676425
39342472
40187767
41785808
42375137
42952731
43531203
44561061
47301143
49601504
50994870
51224253
63119470
64212818
72121824
73483943
74116688
75660513
83839799
86577305
88979724
90607528
90831443
91650532
96368456
127057123
138167031
138537063
145970009
148299936
183691232
216789562
225341716
235145810
262130362
281153090
289508904
291890876
305455284
329210216
340753571
347853730
381064674
394247646
422571853
424432052
459237590
478935066
501130241
504548222
505915560
564822076
568051474
570915842
608974536
886572175
791037066
849884281
962140734
965972486
966924607
975902922
1021568924
1043373894
1052426820
1076581284
1077835411
1096247492
1119507482
1138000304
1190182783
1225379666
1227121567
1238420004
1254670231
1314054067
1382581741
1486998115
1509713220
1513410282
1551481968
1652883288
1712819911
1903740866
2389682486
1934579060
18610189
18975916
18976278
19350045
19583956
19712127
19827241
20037413
20083729
23338872
31087291
35183264
35555613
36385093
38643436
40753387
43187396
44577324
48980951
52718337
68446493
172571624
225950399
242283802
256902793
346001892
349566003
415866479
479341887
498741149
626277494
855487898
895029930
1103734574
24564251
29294824
21293680
14139942
113147061
31728646
1450893258
78326026
456490306
615044048
90718044
64522546
1261719434
390406175
37275216
370913131
607294673
440209308
932595097
34305486
356740432
390853844
1479509736
314042993
24746466
590229061
298642682
553408981
20707143
31398221
47895003
44098080
2161700452
319072924
190387540
113359798
1471705910
193207281
258471477
22895438
34580764
19337187
14237373
111702288
711053664
507541495
30077419
36028993
390856590
34972320
1089238542
279250117
338209422
17929243
411052847
1103749050
453338587
542622412
65612797
465912646
1181561850
31343887
463006120
71000082
26507167
37880184
1391542884
582663428
145650504
187441247
1324175449
86154361
270092321
747205759
573625441
1384406011
486559617
1362242096
452940934
986947908
2219943550
1106154284
17876987
38885139
789168097
142326694
1238449087
27515852
310120071
82299404
275035736
42084636
1323173095
913291796
36705949
402644147
72018334
262164620
317240118
141521060
319228928
215993689
971725681
1118821610
1344758576
201633096
81197942
95605924
150788340
1371813846
1464133718
19388863
358676812
1062955753
64773558
56328067
278787680
953284214
26344613
1450972664
924875222
464579270
851705168
636882832
1332360120
55528242
56658386
899800400
202358449
926188446
490191091
431781824
19967593
1103808170
1058955836
16432083
464637071
234077687
276032287
293113971
1853778078
1048701121
857685373
35235493
14349636
294556162
39974570
42100413
18714976
92253146
39505274
1033651416
18213346
500704345
28166942
852702668
524326247
38844838
929412942
26818369
82176038
361476354
72840952
32867036
864391304
23434430
58511405
865365792
33008891
612664952
361965946
214592598
26464886
67897992
59285702
179050190
509029328
141177073
40196836
45614100
328445838
216288282
39091525
477643223
308565504
45531571
34599188
440175885
38265914
353664792
18628277
36025548
380244890
140392065
136240057
463005332
34703909
29928571
361871950
34222173
235298024
141151239
45594856
141180702
26719548
23616999
55496543
239063731
196749708
24158592
149683976
291626595
55965955
50801293
256502270
17251024
