838111239750447104
23084212
2569743630
583924633
899729325162942470
914588454
337910035
35720552
840198864665772032
193611372
3324719297
310156305
260308246
247700019
79999301
2356159527
2601963729
1598000714
133093395
720963865660506113
148377611
1448916583
42854868
90445331
35248084
873304134
112813136
2444913609
2468198215
45534608
420264272
247185936
28571625
27207896
385025389
18716146
2982582394
863492995
2816905136
279131939
29908667
22415635
63129578
39966546
36038368
14340875
25262480
19337187
18165536
107046007
27021630
34941106
22604909
1445817769
53367893
3801501
31109465
495004140
516671992
565268225
34672923
85034316
47377839
505818568
541956755
393429748
405670332
56672488
472002904
587178845
25336045
277562016
579627160
37448176
41337693
28084565
150629416
324081252
1120289659
84418360
1178437964
99749536
26986762
46646863
53872811
20463928
53081873
32900329
33501272
813286
14340921
19241520
22014140
16432083
16557956
14712588
20796069
20301193
35177755
32482854
31985912
25113767
