383786444
1294248670993547264
939818513472114688
1447351412
31401267
2198002030
301487007
3048852564
1241377124
42494407
29753796
806963350643101696
2481844412
1219217598275117056
3323258122
952084876861362176
1126226032678330370
1039464996575608833
504914052
1100177462867185666
844108461625491456
1860788178
1855109353
973788247
3247642671
40505648
1519675345
250722978
105897061
1972165123
36048418
33483219
425708396
803525853422505984
87551769
14279103
1594021728
21695321
273437662
309559389
430180591
64391993
4815811127
179050190
14277275
520329893
785744650904666112
842999318130909185
14277722
54832098
836319936054243331
14305418
389365854
312882833
626612446
138134771
833800521601445890
29182651
125960653
1112583870
1259150329
40196836
85883333
45430410
14763346
211129938
44983912
76377979
385881449
31206435
35533049
344327156
3315227825
310458941
747807250819981312
51200901
737876050487709696
1346784234
4791778277
28726577
19282777
59447358
28823694
373330234
23500723
864365041
819168234
17689228
170023589
2399269965
43071761
263036648
44193090
491269777
9300262
3666388277
1432993051
414300093
14502885
66320386
2590058264
14581758
63266077
403627091
249633429
253684267
216843434
330267303
459293298
709692640728621056
32539537
4804448313
20859418
56670898
633303672
48455540
403647749
3201462239
14419874
2264840661
706549641484115968
20385093
557667245
414334941
2976097415
18554686
31425251
703018173977792512
14291494
355730350
620310197
17756047
1270720680
701888433984241664
4885600185
150771231
717610795
1300341326
28304157
419747134
274029722
47627965
235145810
525260372
2269308555
35567326
510593678
518467459
31443715
14345037
3437244551
14784761
14330330
818053116
1264486106
21117291
166976303
267238107
31405598
74778874
797810
67565293
3003776332
4876338963
2365706494
414320817
3091250139
2380602246
17365131
2874129025
31085474
4788218835
34696385
517844607
3888929553
1625128381
64261666
393555327
101593409
41908037
21890520
269951402
60900925
19535586
488852222
192889718
293113971
32344564
4701536953
4707426095
1375278470
4579554879
216647900
1550749266
541612179
68662438
238109168
329046585
21052022
89233219
843945074
55061116
60655988
165386051
38412145
336170910
402377699
4023469463
46359538
42857269
40873211
31821927
96010420
141676351
276692745
4144839803
245373072
123301821
24726664
34430963
437558588
1195765214
24156016
500753985
20580713
116249881
36970470
186493828
3656260463
46642323
269939268
38696507
2240680102
38421714
44588224
3406117366
47305738
19509064
3439157530
14324871
3107864884
76585270
19157451
14402173
238308510
71526098
746943120
1299376130
3939987977
89172908
3345794651
148112377
102333165
20865466
41388007
32890694
2507477406
19766460
54199105
582673525
386803707
15002534
3749005755
392597654
426775075
23759065
26744973
334537188
34231784
1433395334
3005768578
471082799
39311372
373612898
36050996
702713269
14894302
113676041
19566644
246860579
19224733
140488453
3796501
19817595
306916140
859518872
19226961
20588843
2310502713
477990395
3047785524
292904816
3063975149
2399141631
127613732
3414509159
1412137747
112674261
249242917
89284278
2263967231
1357278818
28780206
23427731
3165982823
410928083
36330373
26710373
34599188
18387289
30841751
383680734
1707778039
2548072274
89807122
30183766
2348325442
39599815
421242809
2176309548
232936540
25813743
53122571
44371573
490545410
169515749
41597692
18475198
608276724
36028993
14340921
74217252
22604909
3130965951
349872308
19140661
2985854230
2758216451
1668354516
793271413
127268367
131972491
160470820
75935391
492058040
60930890
306138490
3225268360
19150447
155947599
40104646
34218423
419424420
1683115626
374473407
467720558
14737127
407634764
538158959
749077188
919232666
1186226905
2231294444
220343896
36074497
341094660
21045768
366058034
813286
408301209
2969272017
47909519
164685236
14287326
2766410823
291865501
2218242171
1323104856
20880169
31087581
1591611770
136939611
225273059
140118545
77134255
38439454
2170776317
7474972
276565825
105265572
3045826022
3117482493
3228339718
2412604330
873200750
515057552
1407151866
2343515538
512687368
36378384
2734847707
387827259
401406918
101716036
25663293
516773751
579627160
1445817769
3175807619
3186664906
2891150805
1731314083
235315418
68107468
2893204798
55278772
1129236186
2772002093
30886191
306900960
306335068
367851703
55388335
251596742
498136311
922884769
14417779
437373893
49720422
1415770538
481932428
21649090
92619341
1339835893
837823800
412956984
2747179007
34570148
3149320858
67557660
57696728
298786167
71456208
47318453
716383465
21553753
983400180
421125838
531531833
83552374
2219254012
1356297846
478526242
1359797515
3121742226
1705275750
532091441
819381774
35716087
179542435
3107666883
2715136377
307776899
55123528
516532565
3107578354
54173721
555920005
1477161456
551261004
2296352710
381175489
1261462266
975959892
1450906933
866643061
921659648
3028261660
27714681
1244647170
19261863
342631869
66217612
2813614797
47341064
32844394
319677725
860129059
14763142
2986456258
19765766
1656430734
484889645
1486954760
2968772777
390965898
2673314984
47592732
2831427568
127856676
247185936
114216901
48302295
80109709
29684064
67021499
151960903
19077517
189589988
577472022
3034602533
1935352513
44085683
546034718
126256491
16316226
77795975
1246796148
18558708
549933629
227835747
328445838
409367244
192689889
131280612
284025416
195073490
18002106
32873744
912869983
2966696183
58737118
2889027687
46063617
338456775
59083291
1903638187
1488840763
29676207
18016543
606448747
26501903
156194729
570785861
2176428032
31499866
86290053
10377752
1382215398
337332303
1328174474
44863614
562736698
19265627
456095306
2924816561
29944197
95238065
2358711075
65350314
1531615836
1405700502
90534982
18447095
2799977940
551819324
136392057
96080243
68948640
38740519
2898411076
18670265
228823899
23925022
68942913
2625511523
352947624
2673187289
69552787
30001970
52104623
18608709
397154449
32149336
460600672
38402978
35430880
57832321
1273429825
19867810
234519098
62156156
221064860
274452288
37644745
588174156
2391609793
161610457
378689610
25171315
53949942
17513859
133683225
24085491
23785168
155177727
53680033
62574870
108728225
23438083
317034318
2619117388
276205146
113593247
60652493
33954545
19975445
136031286
432981564
2748646057
22915264
2169109159
33348473
31174159
298642682
34564269
216666956
33008891
69059420
143554131
18425625
1032862448
252800692
27692462
477001149
475284251
352946997
30287258
261852783
1070857573
256296196
15894774
33988509
11888752
2831801762
134176591
2801247624
2790126458
294073504
1653771666
52765131
155694288
327064489
299081515
419788091
40869450
90267622
344813078
1239366985
509040127
2729147326
1650340477
17119137
18996642
305242092
2794967839
707765749
92993245
282445214
215914646
18948340
25817863
66693790
883921728
39506065
873592891
52397710
127637736
1511819288
19343254
819668142
24509011
28848504
98772794
2250673858
991653492
1006057170
1034855748
2754777701
14679772
523532092
29691032
35248084
22277102
23700852
315877284
1326569053
447943462
775777237
62523083
135462216
749444851
1482525636
501744819
276172272
343906721
2379405302
621881006
1712061696
28109832
56328067
245306197
1710465048
56044169
2610496040
65460298
214809052
33993399
2434054144
193017662
2645220702
134551793
93395265
2731420412
187974361
34972320
2701183771
369395471
517571655
33894090
461105934
31487753
1190182783
1901046649
559667504
218884515
89484734
151815743
1382743280
217217458
42042554
333903537
31371709
1166829439
572871250
14118604
33852061
734478434
21087831
441090098
40639367
22194908
204832963
31267211
624011689
305496121
53921742
96630997
620392738
2625720797
2614246221
34285054
2398597992
31528039
357735630
7158612
1122192223
2538761032
223856272
216380025
17650380
612631568
1462976336
1196497765
951333086
193554972
30927768
743060426
41337693
48514346
1178437964
873304134
108417952
22363451
61481011
28455605
110115791
1426289635
420382799
209022228
2448037618
410731663
103555738
313845197
214049275
1851487976
318977179
30953009
534026234
1705451886
157295717
252065629
1076088475
96861734
322531105
161264651
36918193
2352264009
2233822203
182085718
19529605
14282840
2217999593
1219865652
191066432
161989505
2318553117
623560628
496952496
1858063040
26258861
1706528556
1340224394
48966732
2271535697
421389045
96607645
2279941701
1379236308
112813136
243209633
144158024
237524449
289216767
321887918
311626781
156225596
20015311
54577364
1330040112
26189309
301911126
608828776
851734532
81112551
529334746
34013960
30890650
221110729
20867328
64522546
1619522760
475172955
14340875
524665153
1894480675
52670919
39501826
264105257
78093564
70349979
288941704
1464466166
6512422
68516106
91327726
16534382
541522566
266784992
25729216
15353365
56467191
22920732
560669277
26066874
67668487
1196581969
201182471
23651070
381159574
58458828
361483018
38824172
77264050
810640513
21423985
317240118
14224719
31367759
31544675
33497800
477145943
25861301
5956992
137746438
510791312
28122204
14998206
19447739
29568834
1397661872
1198189740
82465557
38842425
21347246
1055298962
239833417
747854977
14997025
37904694
33609198
1281077874
66664753
17113249
228694077
19962261
169201702
37631582
317101757
217593876
64366720
353664792
500885877
49370357
17873227
20195297
529665052
25416669
37876601
352534464
216448026
384241739
29928571
39811941
355455107
1073140170
58631768
390382843
377578254
77199754
340549419
237687835
217175397
266698643
69982423
477690211
34889570
233511339
82836701
24426957
390856590
529472395
40482226
36039059
212149324
319228928
159845559
1089238542
954462930
37630783
30941476
21689226
23104499
19414413
60891099
28101138
14287018
384786873
90848755
27704856
324844301
92043674
236839814
21746816
241959982
373890791
188256896
279131939
473914976
250435513
377965251
618152442
26507844
921362574
306383187
908615090
31231140
320766476
30923509
23849809
23576541
414693833
387793717
33479607
37163781
47934276
75060420
25313658
407952439
27207896
19646280
44865727
65907870
351650159
149955780
14350556
24119198
19188289
14332159
116697719
18897831
19734035
21022281
35246361
36510958
221822662
356398393
37921321
44203664
236829256
14114267
33467543
41544679
9695912
23937836
36059230
59548897
28103763
18716146
14237373
15895694
19236875
19256979
14224622
142282484
53367893
392853128
33208145
198124213
31386412
574366564
195848365
47423946
275528788
471084733
46641481
61781451
338049872
20679622
90965241
46098040
47895003
44098080
507188084
39219035
267263130
491184064
267403905
28110788
49372138
31737709
307306463
18332222
84164033
19337187
19107588
63129578
312054124
27845999
157907219
29168612
141744721
462009507
339055436
316563842
18025210
48702842
354516475
326212673
217530764
442158730
31690214
10451602
19234278
38260259
40935476
20144046
17099847
17685876
36389224
18627984
55541718
14487318
38870922
29716556
31471161
55496543
41554173
252274010
19067312
57602886
25346891
220335490
196962381
20425675
14284273
55627827
337652975
353106090
320679176
353612254
27829732
252175696
228026443
74401155
17804381
351518999
304084189
37295504
47830566
355643629
172614050
355702635
88459833
37634238
321486794
341399686
28361527
351772115
266111353
166485032
20170408
22608123
19179740
299691449
357686363
260257014
29082795
27333815
347378361
158065533
38016612
106774695
359513242
25659526
353029255
51233047
354327403
34058174
233511917
44148052
32390196
35273935
359573726
92237402
35449052
295608225
62339137
223608608
285824930
250314950
24146403
19078925
248592138
19523359
14285455
78086900
63516514
23930031
31399492
361118046
257911937
29812978
87380478
14283877
53032388
19067283
61429870
39052549
14274835
21645552
45845636
196749708
260132760
146382878
193199064
119007003
62266883
26719548
24664056
199665432
23777183
141915752
148301172
126290143
149046826
54628231
115441879
31394950
47607262
17465186
39812854
27429524
145650504
20667905
75619755
40877768
152980872
14912551
16659155
83652619
154896119
21905404
84371370
31248605
34672797
14349782
21942750
40463751
20858086
58445078
14353621
21255585
69395210
14344727
20008618
90671524
23244604
20583062
21245040
165785868
34585876
22472364
99568146
18955891
123019696
32899575
26880289
38745028
38879358
16904159
168415896
76292859
157616270
174996199
136029854
44710412
41597644
38769939
39581053
121148176
64046841
66994755
107401143
170336547
23236589
15736172
18610189
170998924
17096233
18970504
56980786
185343614
55390614
32095865
22014140
186804949
24716445
186471989
141862259
188488730
20611702
21859509
118351047
36705949
45573406
188021130
60896067
86753464
158351997
36699681
172880689
71885961
36188296
20989035
179845800
89962226
20362663
107762215
191088146
191165723
42079950
28305009
79618933
33615247
135173461
192482729
32357319
30845274
193322440
15178951
22461021
25365007
48536494
163492356
192822907
176073506
194817905
189051125
180704610
190340244
38628986
180496631
64995313
112871323
36969004
65897241
29908667
63418858
20431436
17298219
65874337
21021405
19099958
47073928
107516611
35248313
24149604
40635374
63262403
201690715
83338657
123565553
19387680
94547721
34859489
82072534
90497686
202971486
25380560
114748067
100955767
34357825
75224818
39713393
203496736
204478853
204525639
46104584
14432975
14291217
92489022
36423190
6012852
28092056
34672923
21846143
34229862
20796069
45594856
16557956
21695947
17066475
40049680
29028155
34898791
16542861
34050300
81082963
139848283
80236131
71848377
91527367
56048102
141709158
21290360
18293645
69396214
24950478
105855820
31409120
35179474
25966747
18377085
14287233
33505825
46080146
101011258
39743376
145196059
130648951
32542763
18264009
29037709
37886173
74704318
21853001
27834369
33236436
23503272
17527559
24250540
28303450
31840286
18773541
15447199
14473286
33542102
20191034
22370217
37059159
20662498
39456488
28092347
40049738
39726707
32482854
14157785
32350318
23967652
31822122
28917815
21574473
28754230
41112318
34013316
41349097
27462848
33990201
21698000
38199075
28170408
18897215
15297685
21391879
33480259
21662383
33441202
26708613
25144335
39966546
14282345
40090446
41090452
42213583
41590982
30622383
39973171
18426185
16777566
36110222
30943547
5991322
33841934
26214264
19784844
35182104
18864959
14214281
24575979
39695456
24608911
18601762
31395063
31405707
42045125
33993612
43584730
36307732
14286387
44317501
29679993
18669139
34573527
38822086
43784864
18292862
21232668
21864336
15100833
44987423
42380143
44326234
14345951
32897748
45342108
44896803
42851485
44423487
45004112
37390830
29734180
45565446
19769863
27848098
20883211
9990932
20853361
45614100
42172621
23434430
45877859
18424797
31084859
34910028
28067774
23115403
4985141
16404057
25513577
32352556
38493594
25344165
46898600
35067530
46644261
47134635
47298919
27317182
46409990
41813695
47601462
20424463
20329566
22988843
20176513
32912906
48713549
47974057
23436442
34941106
49073990
22415635
30241775
19332919
25265834
29700872
38643660
28085805
29967293
43327119
21525504
27062533
21879143
47965074
21513251
51551914
42939630
16079032
29000770
14301990
49959486
38016658
52566588
49710726
19762987
36988550
36434474
51870096
53904799
54159551
45919516
54917900
19659689
55047054
16432083
53337932
50051699
55374176
31090806
45519320
23582636
53032573
20415660
41379165
19232861
33217838
20868447
56677701
56162490
57171225
57039876
49574722
14125317
32660698
29579810
32837700
17187505
30992374
58557419
58224806
41556663
56330699
59392758
58477132
59827474
38432365
33562987
60273972
25352133
14744794
60321499
41366565
60290023
60889124
60926373
28094274
22361149
30201647
14091525
61244059
31420119
34995656
18435641
61724625
45315024
25803631
61885765
36006119
40025776
44851079
25650703
62927886
19561441
37231899
60084776
37990858
30025809
26720210
31421806
29075277
64231542
43091419
52670869
64356208
64697682
20669941
46940056
42187436
42207894
30284835
33506248
65579522
34247683
65939229
45565440
64742113
19297030
65306306
30759351
17687363
62729230
31371308
64381648
28822089
56202063
66456903
30311534
66797121
54479468
66796168
55537558
20936956
35678091
19901366
22049212
54146885
66150329
41151010
40727926
67900711
56530275
65607792
28806730
22529589
67903239
21768852
18975916
15101278
38648743
14286624
69425160
69007602
20301193
34693983
19766036
67560503
28990123
19021419
62916317
66485074
34679635
34358574
65346150
14316154
29828799
43090337
72268080
60303973
72314394
19001492
22936197
35599444
38496097
33482265
19331958
66460291
34221056
54594697
73942287
40544323
73998226
20852944
23949699
25996040
74719076
38480471
46081160
41119959
58712179
75029911
60278164
34247120
75996103
76450358
36346345
56184740
76663217
77795018
73862642
32379274
69227108
75388843
36665579
14474607
79669817
75231970
18450179
63132666
81381193
81578629
40945997
20972120
82336700
82325555
42279760
24046713
16813552
20974015
82555252
27437465
83099697
14452323
42625724
4384251
45918672
14651507
69056665
70616293
16017859
67299508
52369986
80532257
27105229
23213832
70424266
85773561
68801651
14351105
15848266
24687109
88660961
17673981
76664462
55218371
17117147
35894125
29757149
19767805
11330822
39811362
90659457
90831134
21155271
6006052
80542515
67064793
34931699
93852440
49045199
17337740
18609590
81456815
49695150
29012246
26818369
94858900
42703204
43525582
44726408
72964482
96739600
61250638
90448119
96993423
51098816
64979211
97379331
20586070
20795318
73696535
102321893
91549323
15083847
59569015
17987852
78596503
20927518
74746141
30203462
39577066
28399321
54890765
101727020
95174263
87863126
20798292
39532764
28202958
26198739
28870473
112204442
112428297
106061602
41074715
30873513
112792597
112976272
26555692
26207844
25262480
14283805
31955653
80617833
23480387
102986402
109518865
115497676
26228369
92948821
17188157
110333
99585460
38265914
17868367
19972884
17189741
119118728
33885551
19643623
23798120
24152177
32550110
26327579
123947504
121053477
122222135
124567772
73618377
20859090
23247176
34284610
66433571
31097949
126407170
75033041
14568677
28998776
42586108
122195535
128220859
15909154
1037351
114695393
74100311
19233252
35856054
135615128
134450015
25289729
30686636
40551651
23928722
137981998
137675657
77994993
102981124
137701414
50270386
44207761
42468279
138376196
140031789
42844817
18186419
19962340
27259029
17187058
32535843
31700411
30693554
14243708
14638379
33836973
24576850
12435822
34656014
26081811
35612924
14894580
14419039
18760790
14425178
21588799
16718406
17813010
34726771
31150189
18999294
11511072
14349636
19764533
28913073
39233845
14284864
28178236
36029584
14617551
14225413
18079528
14686661
21288039
14273490
24509661
21003895
34714498
34765060
20210193
28603638
21919347
14101117
18639301
28323152
27905486
25507691
20145056
37193436
33988005
13768302
36177120
34639127
27845109
14159875
18761632
21904772
20642087
23215008
30505656
38033026
38638278
22989809
14286427
19708641
28091155
39014421
37416154
20667991
31976183
14687587
39478117
38435460
17482669
22172506
14287712
