1628668224
2160120023
2431276545
412417270
16912793
992759557
19389900
1134059457191776257
1003989266785918976
838111239750447104
138203134
707511117417947136
1911003842
40025121
1006419421244678144
101727020
4375185981
29681955
66700763
1037665665983963137
40322305
1548432379
2715434333
3002789437
437373893
34696385
358665016
992974249
750511978041470977
885444640127823873
55821261
595423409
394830712
765236062503469056
22677425
28099901
4834657635
838545979
25346891
14694707
404688827
351130417
624650855
417796510
1001794746258546689
1030745041336184832
192889718
2481844412
115044695
1356910440
1362544471
109374678
1000386780917567489
19147731
818053116
89484734
2181866944
860129059
504549971
172896557
20366788
61735082
38163216
405775140
404981052
3218261957
35248084
109315305
968814625142837248
1243700827
156398977
28535253
857917855576272897
192689889
56125230
584696763
627858951
27714681
502841774
1464466166
447425151
17230800
1371715238
444718811
950393910
73662743
2772002093
2718334706
1204838809
36683835
761596867625058304
3435517725
2393065776
52765131
4754758707
825709403680673792
515484736
577279660
47582349
513023167
99348139
42067731
237938196
474979831
877944056
56199360
776326771285295105
481401647
725925007
522268751
2236337098
461923194
123669991
222351856
4754348267
35547545
55551293
15084430
23327990
218884515
859518872
4179613355
199767329
25294402
1450906933
32539537
510164923
2425458465
2583581
300872531
108236407
112474129
171996734
186890864
456493614
729383904159907842
403744277
2328853100
30682351
3298539382
874217711148171264
70690887
312028258
241223036
161616513
29318862
18686907
215207998
64391993
367851703
46869791
52785255
70423313
25171315
37416154
441307591
2459523763
655093
45869342
328941811
281902422
1525687248
354356571
16297265
6368072
280183942
205750967
229531168
3429865683
214064340
607016620
19361192
231118152
201653163
920717694
774522534
14190551
117777690
65045121
214519688
24931841
393262923
150617352
602646615
474833009
788840847748005890
1875018320
3405574239
830729354707611648
26857134
570744394
609414457
14291922
14360897
1028244217
611076925
34026528
16955917
19233129
65025162
199670339
109363936
25938285
55683923
20322655
192266655
103127457
406921995
1568063760
434778439
619282123
33166646
757262773
400980735
632165452
777495992
509172472
29442313
216776631
2873714536
1346439824
2183816041
18839785
2197800040
614484921
779118798
14302047
45909797
28361527
119786274
816993776
880668355
20771905
132506283
136233342
21197307
3908996909
22660254
119376856
55306362
2782221005
319143595
380932103
3308954619
2326241356
20015311
19697415
236162205
3907371563
27135937
274160193
610659001
567915703
1329866688
83800334
196562347
218837309
1423491290
23356019
300942204
60021670
32439211
2262623615
242793011
3433099685
1436372172
53778621
712370958632402949
65907870
317101757
957306920
4579554879
4216927337
1382743280
134450015
338585149
222083357
34576778
45556842
493255302
493818738
54479920
410675829
2485125878
258715014
721264538281254912
55061116
2770742737
115647471
21179921
20001209
155062488
1107372186
3095778128
3382147257
248706024
62156156
114604642
69835350
47606328
228482831
430180591
462893360
519707372
8184422
19708641
621083469
22684959
74778874
16575626
588370907
3155717314
369247886
23480387
330544213
596422929
66335860
3285772332
4023469463
905595618
32239374
3315227825
14293310
2467791
3108351
14246923
23606104
807095
524665153
64785613
50393960
1330457336
822215679726100480
1536791610
15007149
325830217
818910970567344128
113420831
818927131883356161
822215673812119553
30313925
742143
14159148
120153772
17137628
356128400
40873211
525150755
481932428
219104432
21649090
1453024098
180704610
209022228
429794044
398613166
365976605
577249224
2834949994
21850674
2884528372
26710373
19237550
1193849958
1449685573
296718917
461485877
459260206
231218773
270031753
66435424
200892586
272507554
343983889
172856017
613398121
27877065
273333721
27848098
33467543
200955021
2395059380
41604240
40833884
367162824
563246317
33892809
924251534
351527552
35793144
17705285
69059420
186493828
262574653
172329064
365604680
14584834
99729727
481539254
18167583
88669457
270917817
1198189740
123504602
276675433
792605850
133798612
135462216
265565067
453303839
81578629
33609198
31429522
3047785524
106701615
2578649220
39060567
394285376
492095025
14617551
363282607
29515339
786618270
34244181
2435878820
2816938676
103555738
229655407
23359323
61246182
2362707904
472192365
355447909
417919343
525615891
510223349
74401155
3367608383
1468302512
48702842
3414509159
3165982823
2897784161
2484485842
20920040
21423985
28361716
34885066
36039059
45430410
218910852
292904816
304615761
333527792
386391360
775314242
869606803
976018034
1129236186
1364410842
2727516398
951333086
58733138
850749608
306916140
56524489
1328154901
63132954
32293243
472851432
58228836
19392024
204545143
14379246
14406719
82825318
209063319
534719457
2546486689
37496143
147506433
434203999
20240015
472017136
17335237
20914074
43071761
804597968
3405531076
741191641
3047582566
888170862
204832963
109711031
21486695
1685165665
2591292468
35587592
17471820
2189498315
495004140
240003465
16409683
1093090866
818876014390603776
17756047
225745312
79293791
1339835893
563235947
200075473
986439680
421279744
21863942
44344421
47453114
36307732
53367893
50604877
2228363243
70953641
66664753
31499866
313845197
247185936
23236043
78099370
25498771
28969873
19332451
716890987
336130457
227835747
245467017
2420347274
96768880
29676970
338651001
516671992
32816797
359312521
19107588
25729216
238319766
342631869
125597708
19383099
187600454
141192888
297337092
2479501566
36997039
37921321
2196228910
1698834463
77199754
540183279
908609102
21853001
612664952
612059820
28315929
193116688
116768519
65950304
859576393
482294318
478808828
29938357
420382799
1907071117
17187058
24177970
529368657
44588224
41554173
567235158
1244367186
1271862985
900499664
37443725
1090357238
497641923
1235380902
438549718
527228279
401613697
606448747
1091642166
331544972
32352556
2362551485
223194178
1683381181
78539685
96439911
65883377
134755464
955386312
19646280
206452431
2434055114
1412366240
18435641
1024691881
242800707
1029268722
2392499293
1469825256
421368016
2243151689
20233660
30668706
2172681701
2564307969
32930836
17527559
2160777877
18045072
20151549
428852352
427537521
31111153
2250607685
1362712724
1534859467
29440550
22300646
2246291698
55541718
2229172264
233511339
468811713
251769222
49397898
1130835356
256625759
18156456
18909056
1280774538
252361852
217570201
522531461
520564662
2179772988
370623374
18716024
56636606
18905409
43062590
262566926
448131557
36027595
117790910
1628147636
14360050
2532611136
633157465
464621111
2482199002
238568652
1665830234
29027913
132255549
2206622111
65533777
324093958
2374069367
873741042
2319059727
337996868
278896020
730334082
215375135
480253925
62523083
310448632
240394465
1849396297
1887361129
772267837
28765398
1042601808
49016569
14998206
2510286576
2444913609
18975916
461240857
64742113
373890791
48853524
65357795
32212793
25680365
475999502
110540731
106769293
311081208
29715510
2177584403
223764748
135173461
2269308555
23650161
27513352
56698082
1901320784
2428687678
557947107
1172802049
2417351493
251893437
764884
302287185
934294806
25501359
118804435
970299894
57304596
24855749
2716356089
64385966
19468709
19977718
320246500
12681702
31084859
267848594
35177755
1243348075
2491148766
113673894
490759275
24250540
81441017
27630129
58911829
294996866
25262480
54007056
52877608
2348325442
200097586
439554273
288912257
1248842304
603770774
49724466
594722962
40935476
1115262662
330293412
350882464
41785496
469638160
196993778
17650380
459165562
2517367925
216412469
1134142746
1162652329
28865987
873304134
418429510
234915142
19386796
433635563
48291718
180532444
357654973
14349782
52472419
235735515
61319365
49953792
518827123
224352840
2445050869
68442456
64677507
480387893
1685812314
284761553
302184211
114216901
14353621
21999008
145617304
20936956
34725952
925544952
1569348722
76927088
188736341
29178136
1490675083
38630433
269937598
44775235
17929243
519301427
2697916224
29471954
22600174
14116283
2175029874
159440146
62271664
101335656
1208104220
6898792
494429348
542879056
195279438
1550041111
609812886
138046465
76896093
21393069
380538138
47576165
2519925000
24044383
2729413931
1858573788
79295892
104965414
293489502
2446672867
241959982
19018191
1557584240
1261607971
2149377272
151044755
2711853906
27299858
117040167
419197802
479442225
55516088
37350044
59548897
500885877
1662687974
2264840661
2174115818
58511405
1329274597
369395471
283921103
1366485260
1219309794
14464119
32991016
463016653
433659257
2338164475
33916529
30696149
1032862448
2491942106
283235743
6307592
98772794
327064489
385361442
80895456
1346287056
68352264
202766955
631313695
1162210962
18462205
986255502
380425887
588548512
116697719
1173685621
1720099086
41896037
490110034
28957526
425708396
113087150
1346784234
847203050
406954403
608828776
349872308
1536184273
1398041738
1259481428
34703909
374473407
1145558912
830775727
38769939
149955780
135093104
170023589
340549419
1178437964
261750472
396172444
82584761
34972320
615968086
478189835
56326379
32150676
51406972
45155843
263248969
35435260
14351028
254236003
458605364
465770552
343584405
538977624
213237307
59401027
53876028
14291185
462372547
490929912
34656014
24119198
514790063
69156797
14402173
152982996
402377699
24746466
952606080
36038441
176164976
523617571
425152354
557794380
204441330
44320971
481399170
575252095
133201357
40920958
348937733
23178544
32922138
124567772
47909519
614666324
527914007
577472022
888251630
223442298
57959690
40851917
224156880
30321723
407186117
340718885
319216129
349042271
18558708
895021435
815284470
356063063
21906057
522236407
29447307
33160558
5636412
135185261
16837506
99928576
478388889
408360989
264442805
871577377
241943122
296825919
329197760
595400577
220730665
282768681
390115172
114438648
600758713
595114647
314635115
14581396
30322601
323348616
576117848
377965251
251143521
106072670
341564433
89827581
350801517
22011813
221822662
861107473
38745273
324139862
266081789
379325620
491519829
361126944
482948382
340415627
303453059
304434170
184159462
418108417
525982660
520507576
28165217
211544350
24864138
888799832
400758956
844289569
342319169
25353273
76342459
416465028
137740037
874164451
127853480
26719515
160894995
297408430
60891099
300787044
407634764
465763204
19078925
307555868
490545410
33315010
221317712
14291842
426702055
66796168
498161931
39695456
302871531
195774188
431549520
819430442
64019328
56220775
249937325
23240478
92347355
529320577
536439151
66433571
16017859
15196454
96205040
444756416
113728847
26238429
33542102
71531727
146464671
256504306
30042013
69236231
383703172
232701102
37696003
221064860
268939503
37623914
454232244
45809456
84654608
487683136
18020127
67617143
96861734
25133766
72650927
404704351
46688502
17113249
140118545
31737709
554873101
242653461
14059872
242412733
39492525
348077340
51410224
236747212
12
474452457
352230918
77795975
307456888
92481237
476063838
48070231
30187142
23694893
389337079
28726577
517410637
17957492
294336230
101377867
25336045
212360236
46397919
148319829
9695912
36464691
135064105
393520217
30439759
417445713
266068156
32153268
23472117
23457395
85777787
476684265
45818077
138535158
454191471
250669140
62442994
14296042
25155468
130267435
43525582
63262403
24866516
134551793
280925842
23937836
110965325
36028993
35562489
118197989
27829732
127871320
510280981
19917840
114830148
18714976
214049275
60752645
483301003
18988667
19233252
46099447
21864336
289216767
255628022
26588415
188256896
74217252
248348027
76292859
455709392
94147874
228694077
353664792
304881111
527651222
247947189
141744721
452896048
22956419
19764533
36988550
482263824
49372138
146422421
155550336
377427650
25565252
20625292
27000473
19758906
38628986
19512493
351650159
65447476
197371275
37034439
267403905
46098040
123528160
400839049
436515416
10451602
270931299
370183322
38632472
22613875
112428297
14284273
33852061
25365007
44207761
14196264
17813010
20170408
459457731
478826948
447475707
19962340
473914976
381502681
61450363
454817861
470569494
21574473
122072320
40482226
400640849
45810524
31518766
20859418
352534464
14224622
19762987
67851742
26708613
416569574
431882136
30002330
18970504
20555875
409486555
34971679
340405366
84639315
395439921
114757695
19813523
110651594
376147321
80477351
220076441
36362393
34569505
189051125
44317501
118415180
95238065
421125838
366113519
291291580
448219978
346613504
18079528
7027112
41777935
155694288
14279103
115441879
429313316
234078530
252274010
324844301
35246361
55530980
310440934
14286387
47974276
361434073
317100875
66675109
47317899
21078664
18633093
36015085
217217458
142282484
228805938
31976183
33008891
14283877
74474647
33502071
308325971
26243948
24264879
44174373
18387289
17408482
275181294
16576273
121154315
40209152
31025997
203047673
108725893
19739352
19769863
28612787
33902887
19708539
63738666
361741077
29690817
18377085
82705598
148391437
21746360
14274282
14206252
19058275
84289595
18314753
166767883
40927896
18907026
46857953
42741077
58170203
69361035
61481011
20392012
252167205
358104822
290784277
22057021
31225628
21401177
271367322
246177161
354508292
176381744
21588799
138376196
39966546
319805907
132852018
317034318
23574416
16921761
233472587
256562308
217865577
17960105
109859732
45144731
24686706
10595272
20498849
35325872
17682047
38879358
26885200
22625405
18146136
172065175
307328598
61422263
114042360
20524936
18283403
263193618
291054628
52396755
63427890
26104951
65386085
34922204
47896908
237835698
10112552
225550780
4384251
233853754
24509011
37629266
30678477
14287208
25482639
90466644
20008618
12810
88920956
133842767
21881359
69007602
351744384
352903240
353244110
6526412
6523962
239823160
355702635
43857766
36705949
14417779
265414216
351772115
273857959
20374992
203860074
349201661
355370216
36435788
203675015
29254394
38842425
19084963
55699126
30270192
71386703
41596374
156390474
246894674
17681916
74201377
48350211
80668551
345562495
14282569
357686363
28081962
14105795
33522949
17691068
88508809
26548989
14687587
18443986
30941476
14314791
14117127
295608225
165174698
22915264
19642213
246300482
18773541
14474607
36468498
78596503
41556663
98576755
135917823
40472724
33482265
343597316
15907720
954601
23458354
19403243
15190484
171698960
338249827
30660649
31209985
14623598
28828199
19623985
18292736
26800320
15435718
341034605
71885961
160937838
75277565
35444091
344328636
26774573
10884832
228228134
243998777
22282690
347849896
15736172
14286342
75835347
116687751
34601836
211129938
14277722
201163635
279131939
6012852
18334306
33497800
23574285
21022281
22363451
19067283
33885551
29908667
19241520
37665779
28303450
24426957
33236436
18213346
132183701
3801501
39219035
16813552
19236875
33464295
38260259
47358896
198809288
40049680
28103763
28110788
29000770
157907219
14243708
19061712
317460999
164762341
108856784
18897831
27845999
43406369
128335133
24289711
307848443
14615934
307819903
59580884
313866046
312880013
222595222
31687026
314756471
103857510
21301081
316418426
70919331
18335499
257015470
14567968
312907732
216868258
49738893
306117235
297898634
39055675
304285518
59569015
278305898
85458166
24523390
107516611
31413264
22834808
28344557
305476976
33190359
17898461
154896119
146580117
17525882
112813136
85403705
6337602
30943675
31736692
38823809
27410948
215694505
61617051
182578181
164078753
258471477
208025676
74568287
15435372
30080040
282937493
242491033
140350532
282229433
43510949
143767718
56697425
291678970
291630537
17461942
71492397
116490866
30828490
48453134
41185194
296201860
14155285
40855801
63705704
293961872
181765205
306777752
304949327
186840534
37174426
86154361
10810102
31121193
3004231
36615979
196749708
15661871
26249582
70352757
19748674
61894958
31380965
56048102
31362865
218455187
194045131
16698195
202595986
40116773
23777183
14420387
14420331
193611372
39213987
18609590
62522258
32352209
180864082
39965455
113002313
36041901
24522482
27691169
45919516
38493594
19337187
20183521
21645552
26022773
23211282
14872799
26787463
37904694
49073990
75742264
18716146
46644261
36059230
45594856
21426923
75060420
39974570
15328118
20441820
51997943
27838791
14718737
31386412
23830152
68293948
168482733
34050300
20853361
14291504
36099106
38638278
195848365
122012907
19705628
47423946
222209875
106100143
95174263
109993075
110244016
108935134
52390326
97635702
139788215
129085358
34284610
23358377
32390196
97480758
150044994
149046826
154055718
154456153
45514644
41816215
19099958
157557113
147988144
173795713
174210519
43671722
178920668
183152007
18761632
182299316
37868867
26385825
188754394
20883211
74131074
194532313
107364489
196802368
24544566
201305852
142601091
55479280
196409507
84282572
27220196
29089118
23430760
182852575
210463171
133051568
82035277
138134771
224947053
120053499
212749949
18982509
15734608
234387750
16613126
38693061
46366799
40232418
192677835
94348866
43521289
245511607
23568768
231400890
28759651
225562368
190288512
245752699
239561620
130128398
258026952
107062689
239830850
273638217
27714427
247488242
32864014
298584252
303788053
61819711
72504988
124864577
268450658
216008028
271547491
271584783
18016823
277047453
23921403
238945097
270249151
283284541
256665194
28302063
286072305
35551730
217404729
246816735
72003820
204422762
85545437
53058964
29473801
20486574
29866406
25129970
42843759
277952606
28071716
196999109
20839964
14340921
136029854
66994755
219602088
25710473
219758949
18897215
36389784
220696971
216357534
222605859
221674336
26601441
222818835
136547434
19414413
55036998
192351986
221812405
49587528
17131473
218609013
20155585
94307551
102644796
13049582
41500996
14420376
57932072
98326349
138174242
22008653
68801651
74418848
100185025
118065007
38631594
126003605
126407170
23928722
29174099
126596507
128220859
95664495
128584951
84364556
119727383
122195535
61226037
28316898
46238426
38265914
117096298
117703396
34638063
95464695
118321950
28121292
115218496
14329952
116732090
111404735
105578759
112503796
76237586
82027842
97445489
64787155
113125514
25531983
83074954
106199832
106206997
49710467
66834399
102675852
85369643
83107004
57102318
108347097
24144508
61704047
79995927
100895771
87409743
103288700
102486546
102939147
93840738
17501358
25966747
14552909
18275169
6806882
45869298
82328244
85319255
97450553
63603396
97080129
19018514
68133589
20666656
40221011
26196253
91758303
75616545
87934651
17066475
14284876
56930384
18718423
20580664
8671202
66801323
45565440
14588822
38882731
23582543
72635697
55157826
88728206
80380345
47437767
29697649
41720705
77320535
14466538
17878065
90790746
23976386
20848467
33884550
93709168
19301915
32952163
28522583
34022624
32352393
18868070
23765583
94669375
22470299
92320638
59555626
94792480
85402463
89841591
55225701
67025991
55494822
91016375
24154098
58469518
65579522
40463751
67561016
50627157
80833156
14676022
62810045
83856586
90175983
68560444
25930189
18352761
66669302
18023868
94262891
19041447
11196542
36029584
37592554
89686400
34724214
92722440
92073556
25289729
30759351
23963023
32535843
68026155
41785808
68958389
64374871
20055298
32827431
23596117
71231659
72513495
20629858
48336276
75593471
78385212
22472364
23419312
22488324
81105028
82311233
82325555
43942915
36061888
63109737
85278143
86274433
46112186
88617519
82125930
29075277
18557271
52662899
38532678
92955711
70339318
23616999
19975445
22604909
18630876
93295490
19232803
38648525
36378384
32513545
19901366
64997709
67560313
46732582
32952278
19853352
14395000
14282524
21689226
87259619
87495926
23699151
19058681
19554706
17074440
15846407
15485441
22685200
36412963
54951973
49573859
61673290
40691313
90029899
94771785
94309777
26565946
15775582
53153263
92216851
11372152
90625611
64993293
37918128
31068930
14487318
31107976
18584688
44319664
24890121
71031828
30830959
17357640
52003215
92015358
94538562
53878380
36329111
53015487
28075839
39311450
19189208
26527817
47933480
36360278
92033007
91966224
92725349
25379996
18771708
93852440
39532764
94341460
20158327
17124505
68939643
64366720
68942913
28092056
27124680
88200293
92741789
92993245
35151628
23808856
9411482
2097571
9567972
759251
5392522
46710081
31377167
90858223
35067530
47134635
26327579
54569920
62346371
94706377
19058951
17121651
72522411
72925990
78844887
33921082
19397785
24567222
22887108
44008198
18792870
19291588
20345991
21643721
16904159
18332222
22748864
27716729
27692462
31409120
30183766
24531620
23651070
33170830
36055178
44896803
38853960
46604315
14659667
25265834
19332919
19465806
67900711
35195523
74703373
32331651
16433645
54614824
14294323
42698033
47982188
14282565
38885139
4985141
18293645
70677830
23185890
22172506
35789212
28178236
37168047
54874871
92489022
92962860
24149604
76314210
36039405
26066874
46080146
30935998
28324711
22507257
21034293
67247352
19188289
20279163
20223894
22073110
19182501
71040650
67959066
29109440
53471704
23728228
53268167
24481438
31117053
54162096
40938053
55202393
37884800
43286102
40219114
51403907
26977269
45548997
36668138
38906984
43176952
74128420
28067872
35224918
23583597
34059177
31196854
37913622
22748651
32362403
56328067
22613250
34585876
25547892
21183973
19606822
33968328
55821919
48023466
21863377
14350556
34229862
18029265
33990201
38745028
32341477
41646831
30840835
82670042
31189481
28555379
50742683
66095115
48364168
25158534
22857787
14462419
34765060
31405707
75029911
30052557
28093496
28094274
28148610
21561408
49951228
40593488
36914344
24637556
22296666
24679473
15533384
25209044
27901100
30526537
82697319
74198344
30467778
39136803
48065480
16736066
37883186
19125743
92450091
70006795
68223919
86570756
67064793
92844757
47459713
92257037
71784992
40361513
64811261
36239537
35430442
19341563
42433464
26767954
61151012
44324818
31210522
20585218
57107167
77795018
18264009
83917825
25118559
44577324
82130140
69402894
17673981
69227108
68455219
47303104
21862201
73101257
30205310
45396043
23986190
22895438
28542010
86753464
85349353
19260683
39811362
35894125
25272654
65313321
69540011
73717029
18016543
88928882
79980821
61714730
29703959
88884648
90831134
90659457
92097460
14282840
92230224
47601462
20680742
91329741
90942958
91826105
63442375
87553872
19067312
58233603
20553869
33940316
14112815
65939229
18797981
43623294
88924425
88660961
71117898
36510958
80532257
34022238
68625483
34891481
32708379
85606027
22573714
84302910
20679951
35888541
38870922
47974057
59285702
29928571
82785335
54837552
85839832
48456293
84108798
62897432
81980662
85536519
15895694
44851079
18669139
46071066
34928067
54913383
32113690
63156536
36067300
66737250
32657414
33628426
1413071
14525952
14214281
27317182
21846143
19895282
30973
81554593
9985802
20676292
14114267
70762972
6967612
26761938
42625724
68208836
22961993
28524344
14332159
31239408
65631389
24712099
7115392
19388082
14621206
18918483
19416152
20230249
48289662
47940921
31098262
34484954
26618284
38235974
19405365
5625362
15298971
29251764
72365530
85068151
9945842
15015340
81844094
19150945
48974071
57848719
72612510
75214773
77559034
38282491
31736549
43972373
19827241
36619802
38961224
817259
28315847
14286035
26269762
19498265
809141
26069778
57873630
54387680
52939106
19057300
43067430
26530119
21606758
66793968
19331958
39764029
62804695
73366922
77994993
28103946
68679842
77982733
53032342
75266585
70200740
46081160
67543603
72827565
63452516
60018268
54006938
14330330
33569871
18761782
22361149
70616293
66485074
21296047
62916317
65346150
72525916
74964920
16955267
77306240
46940056
63925220
38229056
37903343
25925176
20513866
42867495
21288315
27834369
23849809
45565446
23115403
61250638
52670928
42920657
30284835
15351215
64805743
41579993
33327446
64624202
27902200
66217612
14286624
56202063
55620803
28189211
46092078
37448176
34577612
28071794
35182104
35722768
44371319
24169740
49462894
22388660
13867582
31394950
39489937
63129578
33506248
64367203
64489186
14305956
19442053
36019400
17183306
40340459
32900329
46335743
26260584
47579819
47974325
48643127
36189150
53555682
54890260
36616169
15747938
63968940
63155239
53946485
63310797
36025548
63485581
19179740
20144046
55969347
25313658
56677701
33171890
60021698
23320712
62729230
23661457
14763346
17691530
17220934
35782150
48713549
14118604
28101138
36423190
18292862
34941106
32397331
7677252
37059159
62569436
26850290
26768614
33307967
20301193
23940487
24439568
36179458
21011375
25507691
14284305
14365312
28305913
14284115
24687109
14340875
39215835
16718406
23577192
28092347
31421204
27405283
22017469
19018477
20195297
31003064
45845636
29435492
22028192
26229790
62266883
41337693
61724625
42279760
62760704
40281503
17298219
48832952
54945344
45446662
14292745
34672923
21695947
19897898
52104623
55047054
33836973
31840286
54536942
62927886
63080961
62537209
48342024
32482854
48302295
39726707
24152177
23641557
55563816
17687363
30268307
25264859
57133595
59180070
34599188
22989809
57171225
57039876
20586070
19077517
18016691
14237373
22665308
44850238
34898791
53504967
46746424
55496543
60926373
17410198
17437431
16542861
15857285
18627984
18938530
19068089
19119226
19013895
20238626
22668279
23434430
20659166
25619794
27845109
29170587
29028155
29553249
29792081
38412145
45416867
20868447
34396070
54962747
57144412
21410265
31087080
14093978
14125317
28305009
39209161
14242347
14274835
58956912
17482669
46384158
41088499
26719548
16433188
14419039
44633157
23058290
31110822
23002923
19784844
22920732
28822089
20666608
15848266
32647633
20585062
34342871
37181173
36107577
42207894
44879319
17183233
14712588
20587233
21607678
20611702
20425675
7087422
813286
6592852
17960141
19042668
21905404
23747876
21245040
22475991
24143353
22014140
27698109
21155271
26248712
21942750
29716556
16432083
29343098
33208145
33217838
34740114
23755856
20176513
42250981
42844817
44872685
14272753
17685876
14287018
25051303
14997025
31985912
31226202
27207896
29428864
34285054
20142758
30311534
37390830
43507545
20796069
20642087
30241775
22415635
14239008
22988843
30248495
33233677
17408505
37461588
32660698
19867810
39230338
37645790
18461311
14354733
26720210
39052549
23436442
27021630
25144335
18264506
14273490
16557956
23084212
25680267
18760790
43169767
17616430
24737507
20329566
19450673
44423487
23798120
21746816
36320315
17648646
17410350
14349636
44333057
36665579
23189168
14291575
23438083
36389224
18955891
21391879
23966993
19529605
32671410
21989808
34357825
18169663
29294824
41112318
22975747
32844394
31191400
19626167
