977467499947134976
14405563
826694238368886785
372743380
963383756475260928
1210656688715575297
1522400510
2537978100
2949184115
49100964
28099901
19389900
946038681781047301
811229675758505984
1880776908
119344327
210807672
4284718455
2436826242
358969925
227664388
26344613
19914894
14940714
2800575035
1129112765912834049
58511405
48154045
802514070
2389682486
2436746448
1483466822947069954
56044169
1124722333208457216
826864296030326786
1567696717
26526277
328446047
3082346383
297262028
38841581
717467449164046337
1328856488681594881
2799351156
173917844
1372825948064731138
915685726611787776
1227739487368884225
731969634749034497
1167465434679037953
700893679536492544
1273727739519029249
40445573
306965211
602919997
1366487057720373251
31379089
293454038
505029403
23438083
1414494862204936196
2470136607
1216111135386226690
1386911471616118785
1410173753590534144
21643721
37165324
1033374143461425152
2605255273
1949497680
603775254
421125838
543541535
1852159544
824160598103588871
1670204485
199964098
267151313
923093383144501248
1362663147836997644
1551459979
1239238620613087233
14694707
1313880829
185728285
715607853277569025
1039919004197027840
474273394
717774036877623296
833624592
1029415540694179841
10107052
2193872901
3246619433
382746967
18366158
21088529
26599047
19703293
26341787
2257589192
19087651
49698134
32871086
1221242033530195970
879771304316071938
216065430
38033026
1181917722864754688
2715434333
424529589
2228520805
395622170
1000779546839474181
1309816658597490691
1308496717298442240
1272170172619644928
827799606
31101381
1586216377
1074930032
125284155
1030054300029018112
2290658585
460042429
4658686943
20882045
3079733085
36345076
1172436549318791168
480660806
987281427510321152
1225699636674875392
2306155972
1150499274922369026
120183536
860761097338589189
266582331
2767349669
36960333
359863862
404004517
1408733342
15966494
236153428
4707066250
62060746
49720422
117040167
127856676
563850449
72943459
1070979968551784448
106996313
59569015
337332303
62346830
4503520823
974263532245135360
3457292777
1331552161
1003699123940446210
77990661
548282815
35720728
198584761
1019974187975430144
357606935
138203134
545249064
27760317
538549040
74712538
580951660
27758112
539004555
178117805
783214
20536157
742143
2097571
13850422
9300262
1917731
15754281
15012486
51241574
14293310
3108351
28785486
14173315
2836421
34774807
573754038
52528214
344230034
12449542
275361193
11219992
1131150391641628672
2909130707
2881191954
515537045
1069711076542025728
818146711801655296
3023556418
60087311
214842351
2848224713
46106058
1342246146
1248411960
308161516
1536195732
21011215
522538187
18785334
1063957532098449408
2863714984
4263130319
875262109
1091565582
1125479276336308225
429844913
782164876265488384
275551231
198648935
611076925
31423389
138465489
1354354296
1048924999678083079
226730010
338369157
1051344946760835072
32535843
731321253877813248
1543192765
365635604
871701848444555264
14291777
148831635
198625434
152591353
19881538
33865690
1891481316
198797029
706549641484115968
292885014
62310014
910993484
314472161
3179621871
163396346
769258801
191754155
849762290891182080
758388160699269120
14225566
1006419421244678144
4516255048
193611372
318977179
529334746
2818756895
26615079
1138126849
4104562179
915516061444866048
1010128540015255552
210210204
838111239750447104
2831507239
109374678
237330861
235228621
926213372986691589
609320987
76709071
3330565635
21759024
746943120
1106598750
20920040
1087176427
213647306
174426959
55390614
40873211
956641625878429704
31343887
262164620
1464466166
1193849958
26278467
3515220803
53032573
485041702
720591283211870208
30907874
42845459
231118152
17404231
610994783
784026149374554112
824248439647141889
14279103
75253599
1221830966
3305796659
38822086
232936540
195802870
385881449
40074830
369395471
1204838809
242861232
340549419
199670339
199767329
531531833
19157451
26837025
316563842
90448119
39974570
76450358
1382743280
101727020
20210193
61781451
23480387
260132760
24119198
37921321
14402173
38628986
25996040
292904816
345842262
45573406
66433571
501744819
309559389
2653737157
38135837
276675433
169201702
504675004
2510746009
286072305
599541873
211137828
54577364
1858063040
138134771
112390204
55164043
3327812301
44565957
137776972
44972313
2338201185
330265552
33538992
207643011
371892780
20362683
187629581
30834778
4386171561
4858633474
363282607
3814908675
18046947
14724983
125941435
824342324507529216
216796248
28594152
24509011
184727475
3645415702
840198864665772032
475802156
14330330
4794589016
75541946
818927131883356161
818910970567344128
22203756
31740660
26208557
794225227924471808
793811337914843137
793815996851113984
636381599
1243092840
436969661
440175885
416612196
78864889
824279872860258304
28533825
15162193
51493208
424467702
150228833
477714161
18443986
52544275
39344374
39349894
1367531
14337879
2173021144
14259655
2874398938
2990769851
607286665
2156965750
1541130644
347217542
172289542
1401210403
92725349
44869631
513028807
992909214
2434488744
2420677705
1568933640
3023376779
1547416062
798135774445260801
1019601348
3417993111
4099435337
1679154392
1514087286
2805627770
16423314
113047940
15745368
35094637
19248106
409486555
818876014390603776
23022687
1093090866
1330457336
1536791610
1339835893
3240143771
824320219866923018
822215679726100480
273837228
1362907921
760053182
372212654
135153110
818053116
21133007
121626258
117777690
2311510516
3182718009
76377979
34032735
20366788
20329693
244983461
27513352
146580117
154896119
63145400
47134635
34342871
122195535
219768304
57932072
398124347
128220859
502068718
463855799
64714060
30322601
471837649
165119205
4151525063
3172749587
760715191487201280
2477945125
18029265
14314495
204276552
14350368
151856844
148655456
74278946
342717762
411450283
446916108
32129282
18632074
34273040
400064524
14284697
25370415
216776631
494612269
859062296
42660183
2951063026
728619284629467136
798123
22604909
98351555
102976177
19609697
177177776
263847903
340537327
60556393
331184960
69835350
40187767
39965455
26606802
72880522
256636985
25881133
26527817
19067312
17756100
14285785
19659689
422876335
1167061771
223442298
4528789294
14125317
63119470
25295208
50517206
24429991
46740920
18142856
56378022
62971680
27943891
1518809059
15891115
102390704
756050314659323904
25099840
18033062
127613663
48504743
40851965
487764211
352230918
16465385
183356975
23908002
445445034
1228605192
472800956
1477253640
236863444
187441247
262664471
377338028
113147061
28626588
20627309
2178805544
232623507
23582636
92099045
148299936
47154016
2179699148
1513410282
1391542884
319072924
465218592
138054922
88008243
3245011323
110679937
19354106
358676812
615044048
2478155442
1239625908
1103749050
479341887
1181561850
806594768
31700411
611734385
155947599
30941476
2616879948
155815863
48974071
144529229
4823895034
271844563
17691572
350336353
737876050487709696
2225523249
3032227353
2775779241
2748398647
3165755015
278167853
558884918
252763954
462349712
101710293
11014272
18949452
466427589
265051620
60344010
93842519
71009337
361126944
39026205
3459051
29051047
1318490136
151395664
589155460
14547495
589052505
381401302
11835452
2548072274
238096056
2217591657
3004068407
4876566755
14786217
859841922
69671246
969145476
112871323
96993423
38769939
58477132
44983912
44098080
340347716
835499540
470981143
526401874
62574870
1413765162
19018191
403627091
304331315
728015005
103982043
1375278470
3197166015
3398512991
4538466197
104849123
4071803494
1449182479
2815349400
186423716
156398977
42850012
3405574239
1152117008
2303645968
542375831
4723085773
2971520633
268665178
4240044333
106769293
27515852
1394118853
14511951
807095
759251
428333
5402612
5988062
1652541
87818409
76849994
325178543
95981793
33250655
612972910
368309250
4414428509
367735886
293586346
36330030
133880286
26978944
804153798
21799994
291305246
69032746
31821927
2203806496
2518143973
2617471956
4316815947
337299890
156580448
31189481
2310502713
152703691
14420387
7724452
23925022
744702211
759970688
203710059
3437327944
17425802
329628561
1901046649
489684597
140744075
859456027
464202341
477217653
41636619
19590763
59070658
68957858
4233717135
64643056
4135351937
34285054
2284280579
2304544134
606227271
66780134
27834249
56328067
317658479
34231784
116171465
23084212
42827637
1180305138
219093490
19962261
27877065
154460451
87447470
36378384
8671202
41325780
18318675
223085732
14285050
22405387
55223004
20927352
48766866
3194268285
227835747
324844301
58733138
3759369137
3175750240
596422929
23185890
2813019454
3060165490
63266077
839722916
1850382462
14291795
105897061
4025876740
20176513
3948520282
1482075704
599153665
27021630
14282524
15962096
156944270
2452043311
247185936
1169568864
14749606
20152971
234132789
429719434
557481046
20425557
260308246
19813523
978346550
7087422
374402229
2462457455
34580764
3247468271
314556210
1870767463
211129938
330127972
33830895
1338522338
2987383774
3362741894
187113841
2203804504
22379431
277561218
66796168
3374114717
3298890213
187510623
28334899
31128634
72104061
1710202574
34601836
51997943
34888013
1897331802
18332222
547694915
468912560
3131094610
63451448
33885891
68942913
1896738200
28525763
29191432
460406210
85303977
24943512
2347473387
495041819
20143588
39963861
35430880
1377302066
22914421
19867810
438211624
3173542017
28827724
72228773
317034318
14311109
62523083
1166636564
444148387
1362331039
802307533
21862201
45786456
382701373
26839190
237524449
39599815
564527554
21991593
28978912
46069999
2490160888
357011498
86260789
356063063
23500723
74128420
42843759
2812762495
20433173
24177970
83839799
80541138
295784895
186351796
68392051
66178445
78572556
560971754
33033900
18425625
452940934
3058510913
3076779896
260636939
46072539
297435276
389131286
2615740387
2650915544
72675026
2876273698
2914250309
2945473413
2187987121
26045684
2172431470
3151708071
37168047
3115315486
123528160
33667980
247488242
84293868
116173312
20458588
20197768
242682548
23747279
44848991
402655240
43759969
33988509
44317501
74778874
318641597
319228928
314506741
35174407
2955663413
29676819
212679277
47606328
135462216
23211282
33852061
68741204
401613697
2440554799
48361134
167092490
26722172
9550672
1037031822
2834849573
441307591
238308510
60835715
430180591
135064105
496963607
27434266
14282541
785210455
48302295
103555738
2991119034
2546340104
492938063
137675657
1430524722
950226307
3074747128
346253417
141772948
2385587167
3053259474
2766008221
20432556
14283877
269953381
841424316
453952525
21052022
2590367099
3021240545
431549520
384786873
45315024
883921728
233511339
236829256
33497800
23320712
26719515
62574827
410731663
2228363243
455709392
481539254
123504602
127871320
7723532
905595618
1701919742
1969676334
2420157306
22070492
2404437771
403272223
236403619
2938502146
40209152
2772306905
326165164
1007404717
2277505918
425327400
614621262
492554765
593828866
772052294
2743793751
2586939154
274873581
480196886
98721723
114397213
307456888
500885877
33954545
473049722
581273253
50671843
19909515
70423313
94577653
1512763884
2341253739
16824078
2437046378
174809362
2428553462
1092796387
35795414
19237550
2297754898
1374626107
527756301
135173461
577028010
916811958
1553046133
2311789131
1425583388
246706678
2873711309
21469670
1533668539
1493504042
1371898046
2858411747
19255050
264973284
171881218
257396212
70725281
255489796
47331384
74688411
415701368
408444085
113129471
16904159
788928967
858674768
1198692818
2831427568
2888339207
135173286
2306042956
169958070
1224650256
62923722
42990099
19354318
1482525636
28315166
66320386
34027223
2879434595
19068089
14551392
33609198
1229316421
1662687974
761541476
39054420
193186935
1534655556
1876471668
308691980
851734532
915532897
317101757
20140230
2808160675
99515710
28957526
568135875
18475198
38885139
477643223
19107588
196749708
214242071
1316676050
175357776
378433833
459181574
181525668
703140685
464483229
624650855
932927287
14282840
33832676
936833348
127448650
332863811
29757784
192942213
26977269
1158918746
44568615
30189206
153156821
20223894
6012852
25346891
134221985
138855525
30927768
19705628
84709356
438626233
399046632
2180017225
14291185
271045372
1215772574
36039059
55039691
483164646
20504947
407186117
364984576
1281367243
346523920
368217806
1530315200
513131065
20580713
92043674
19388863
419553326
19769863
376747336
354516475
2176309548
402952461
64697682
28524344
233253956
1007279654
46797051
978286423
2368501193
20008618
338651001
18718423
14479203
142613436
389688491
327355997
740526594
103833985
25867735
122320328
837823800
217548444
1224638647
62530296
2721501855
257040589
91068242
72349507
69407633
112666537
34244390
2527276482
494404750
850749608
309126789
519707372
306916140
2749312520
198994156
212149324
572871250
233935888
2264840661
187455771
92492339
14617551
72516829
920783642
19246061
241109011
2614827737
1432993051
21866534
132516923
156217054
183691232
217389990
305556192
335900105
395325536
432553631
488313990
597188377
2276554473
2352478767
2433391021
349872308
45818077
28148610
2420232620
1725191666
2560124168
2563018520
2561364637
966113328
15169510
117465368
1198708272
1706528556
31100329
801936866
234053160
2213108150
257926439
419197802
70627064
1070829493
2507387610
228823899
44872685
27844742
20696268
26229790
270779278
2415949651
2493387914
356740432
49585215
446601320
63392970
2462677929
2371315336
2413942142
89484734
1654907406
19921092
19283437
1651262196
701807069
2426100180
19450673
210601792
17283361
1947301
1941185760
126446628
770296968
32467248
292376296
278523766
2348975609
2415957962
33175300
2415646176
125950855
34573200
138046691
27000632
25389682
27718077
1551481968
44344421
254098644
28142174
26214264
2169216274
390758084
138438282
248772914
320829399
44196397
364157227
392684445
37971791
571123006
499211936
25977779
1536856958
49674652
90354449
1082967332
19490312
518934246
33491493
206207779
1178437964
28304157
14581396
1543745678
451018761
188078681
25889980
139349049
240190773
86687442
84932074
14285164
171464256
42494407
53876028
25369915
30287258
404165469
1243700827
730245372
386423789
28403119
74266298
850705056
2216241473
1290951109
95023423
1571270053
894545575
110541296
161801527
9624742
757303975
1707321486
421830737
189236692
510241027
464499924
986502582
156582871
183762983
250435513
68679842
1004857459
449588356
104559488
14502885
97618796
1119195858
1730060257
1370244570
135393612
249348407
176773900
2165413610
381455451
2163183037
42406087
30759351
187899551
1655512332
374473407
322531105
63442375
65804220
792605850
2553151
15428667
493574718
1965458107
1965420942
20585218
1076088475
130267435
22898618
305455284
1920493537
1201661238
1582853809
9207632
939781760
340393654
25262480
34357825
252274010
33217838
149046826
29495546
39695456
38265914
17987852
65313321
140423271
28312988
337825216
490545410
38010448
310120071
296156896
21391879
214049275
74217252
20170408
532666723
41339186
32347467
602626619
421034534
64247948
392266891
17183306
20859090
1902455137
860129059
77808402
25289729
95169910
493964569
237767804
408511415
111298157
529360281
1899683389
95989483
1888299390
373861304
1320925746
785462220
1893057079
226945764
25968803
117347588
63155239
44851079
74143933
14584834
562745251
1728936764
288941704
31690214
28319144
45635770
156455133
20679622
1039725918
37193436
474452457
19103
19293899
606224410
108740098
414997494
74100531
19452766
769434008
69607479
399026911
46612326
62508465
23559428
109017660
356398393
18186419
1412455375
33479607
34247120
23606104
2583581
1238448962
246559875
31267211
20195297
476895713
140780492
1141923678
46746424
1103808170
77423687
532576506
14118604
18717184
43355487
1503468786
122318779
1329038221
157907219
221064860
33885551
419437291
28092347
428854213
32954988
567915703
24154098
21645552
38282491
19529605
359573726
38421714
82353528
46644261
14186437
363352400
436515416
33467543
112976272
110244016
28692401
1005990247
36015085
21574473
138535158
182362505
291291580
45810524
14332159
26763420
276010468
42698033
14296042
10451602
516671992
14365312
61505964
14291842
23067509
89700115
17471820
19256979
19901366
27317182
138376196
82325555
46081160
18714976
20853361
19234278
34050300
34229862
14780915
92489022
18016543
64366720
81578629
33892809
52785255
64818133
18292862
44577324
219268128
57653188
17113249
20667905
115003484
23104499
73101257
14114267
21905404
14234290
454191471
241959982
72840952
145970009
23481859
205268022
251523398
123614426
1510142054
29440550
47600311
15762708
62271664
236839814
433247367
109591967
291277159
18519026
94551083
97220037
1131148610
1107372186
23740299
16681117
1391434435
243157767
132852018
392847346
1114865460
42962170
397602258
239063731
236942711
1324175449
214414946
14350556
76746844
1198189740
239371600
142199485
67618586
70350949
96962343
37267532
17654206
59941327
67323889
14159875
899800400
402644147
20479813
494479347
69156797
20868447
67903239
22363451
26269762
1251230342
387842834
425708396
23748315
1124940020
500001295
247950313
41305464
51900256
421368016
533106449
69236231
279250117
36148979
22415635
18293645
34605064
328445838
361253898
37416154
399113269
1094628823
14407392
28128082
264125047
35248084
32397331
62259828
87482022
39227903
19261863
157616270
20704106
403320517
122448174
203669147
14237373
14224622
19762987
20609518
258471477
20144046
83583364
425844959
528515036
962621695
835668728
62806889
22012466
499508353
10058212
171438889
951333086
65161873
932148577
406255275
58562226
21776475
18724292
31195903
304412030
21786618
248436358
38839573
473914976
26507844
54669753
20280065
35707103
606854606
882476438
457504774
873304134
634775461
78330513
19414413
606254216
524326247
40934788
306077463
390856590
84919286
849203695
395820807
18669139
86577305
34972320
179050190
26798240
574010191
45531571
133234354
413944376
125316960
44677446
14287085
156674993
33988005
612664952
27113674
604583077
203032271
34559208
20044495
735780246
17864273
32914479
420951546
23250443
317865220
21746816
23921403
198549401
315450755
358804707
65585107
16160352
203047673
274431757
22172506
28998776
29447307
568942180
89284278
749444851
515431540
211511643
31409120
36041901
65306306
116697719
20555875
22988843
23115403
46688502
37904694
60891099
80848887
222209875
45845636
37174426
373890791
243236419
6592852
221822662
42741077
43062590
45565440
29251764
64385966
351650159
76610050
341564433
18408218
136600742
189051125
19078925
61481011
20611702
576896642
30662875
38693061
19332655
15720033
199274580
21423985
243654450
16813552
104428120
408710028
296706062
32539537
148112377
47282349
23937836
16153562
14159148
16832632
62442994
30313925
822215673812119553
14224719
15764644
490126636
50055701
28101138
19237012
19188289
352306584
80668551
437803905
34703909
418152332
450583343
229489921
425293315
128288755
70919209
252501143
33623709
501051948
408319015
348085341
355353869
180278706
58164809
269777232
116242569
330341880
82359917
111013267
163382169
323190649
180281123
225012678
115625820
16575764
352952504
370598163
516415489
461105934
25498771
206640289
17685876
7027112
154135291
365931694
14797716
269985725
516242512
18387289
309052398
45526406
390472905
19072939
404124016
224951572
370116361
56640584
63836368
143582713
318400450
174632317
112428297
95617258
350530200
222076734
479839107
156201907
303306566
259679240
27643472
271439177
19016236
85269944
460158830
328590120
221691737
176822208
105901091
85814475
313242570
61150625
26555692
81837587
69239792
26979187
243144455
14349636
14525309
16718406
96090891
20329566
45514644
223889914
347350349
423553501
340893548
262191989
117336289
465395868
317700773
470956499
296159942
410600310
372403093
49259729
147920224
541937591
109024259
412254113
17704161
396041374
31749659
546612088
403973682
452470861
142612729
220731246
282985364
58318478
256518171
332250939
31402165
273410697
63705704
34759774
250764329
241066768
534355984
195685107
41206593
14234241
376173916
362907028
224970921
173968993
394247646
224664949
214465775
199262754
160622652
63684001
109258047
482971150
23581095
338209422
234373272
381502681
27704856
423324690
123668705
64668831
19509064
69082043
20190719
228694077
19319985
256509674
25171315
84796534
36038368
385365440
329004156
447354797
43383705
32352209
42920657
420371595
30324031
98179725
43347974
113709416
82172048
454799703
69059420
368335899
442986689
44466367
209968839
18360037
21022281
33307967
93395265
298597381
131570276
123109597
20402945
104237736
4898091
14266598
38625677
243821406
268357486
27681019
189376144
355702635
261563246
399282751
28361716
421114764
34903415
14286387
353576703
70665468
235743135
394913531
224240042
398606542
38901264
374071197
15877443
17678392
388815555
22975747
246177161
32866277
38646590
364758589
42854868
360025453
116715920
39339357
11909882
110333
35567741
140118545
212587221
30923509
66204249
15353365
277496292
136524400
19180789
45806348
61450363
20301193
77421606
33868170
35444091
221726495
46098040
38638278
22915264
222949555
55487753
353664792
241264057
81844094
367201390
313845197
27405283
41337693
20637153
90848755
33916529
18020127
352534464
37631582
63508984
29928571
31091894
20498095
57592947
139461941
18374326
70778299
157661373
54217077
114435368
35834118
195827347
31381810
219973094
187517597
17650380
14698968
218807759
204525639
345902145
34656014
14687587
28361527
21391301
136029854
29023898
89342023
63064871
34402309
111702288
15015340
113896865
249262359
39811941
17813010
33236436
73959997
160920285
26818369
61250638
37665779
69396214
75224818
40935476
20431436
9695912
4384251
47423946
340477331
18760790
58631768
64742113
169680131
28110788
2467791
248251399
20993044
30311534
200272047
223812019
314687021
14432054
322244820
216357534
226915404
74242272
14214281
47361819
20667497
18607997
223595237
45430410
217217458
79163086
243676189
87472437
216008028
25978838
288695161
142282484
191540463
172896557
269290184
19067283
45144731
15223934
92962860
11014572
45795996
24426957
246816735
99347701
27207896
18016691
279131939
19331958
17705285
153427612
195848365
31976183
19764533
18797522
17233716
48313317
21002140
63115140
42193858
66485074
38431571
267403905
90116669
244612345
39210456
38162605
186404031
19703579
107082533
19058613
33482265
23747876
28949430
125750601
76292859
34599188
48883095
96630997
23574285
21864336
45565446
64148350
26470805
125930580
112813136
136218318
63262403
188256896
20859418
72832208
31111153
60313413
39966546
19646280
47317899
34859489
226050168
211846670
23608172
145337107
18988667
115985069
84271489
16094632
30241775
80057730
18970504
39239047
172694845
36027595
23418810
21689226
29673427
89129211
20425675
28092056
41554173
63425851
43091419
21294436
47602230
16095034
192538156
49732426
182777714
14567968
21695947
22006636
84868803
19143048
120735491
111107965
43531203
188021130
31518766
101758086
17877056
112671903
17230800
19904252
25854567
44588224
19361192
34910028
48702842
31499866
33465036
47974057
26076279
20905417
33008891
33888817
113323016
23423780
134172743
18489561
87080308
86154361
32899575
27845999
42709793
31085474
22014140
18560876
17681513
25966747
29908667
14291504
38451208
86753464
36028993
75060420
28103763
26787463
103280252
20374992
17673981
31405598
37620393
46641481
96861734
11178672
32482854
31113685
115441879
143061537
21853001
35714927
21864337
138010920
37623914
31723557
21643164
40049680
43297926
17513859
43540635
29706137
57014980
31452966
39287327
67557660
14276602
18627984
30873513
14277275
14763346
39722908
14274835
34941106
84176305
37876601
17463923
82564959
18943897
17066475
94434788
60896067
20582958
55541718
25313658
23067226
29294824
23849809
28073254
75742264
82845533
40482226
58427057
65924567
68801651
30494954
28865987
16229491
21851999
19827241
74802451
74474647
18633093
27838791
73086372
72268080
70977551
67845970
49264950
33899446
70187671
25482639
34024307
66664753
31386412
36423190
44865727
21288315
68442456
68392693
67900711
27062533
34672923
64383802
39219035
64735000
22667853
63129578
18609590
46869791
19734035
45086329
62266883
14588822
21393069
34726771
18628277
25118559
61724625
61735082
31709436
57064417
33166646
39052549
32660698
14277722
3796501
59548897
24678438
41077970
55496543
38493594
28726577
18304213
14487318
18897831
9990932
21846143
42857269
41813695
47890625
12435822
52703034
11193982
36510958
21232668
54917900
45919516
19901715
6780932
17220934
20675372
50269852
38643660
49073990
14998206
32352556
19236875
27834369
16542861
27837029
813286
18934005
26719548
20642087
18213346
48713549
14340921
46384158
21426923
28232768
27848098
26022773
45594856
44941300
44877593
34898791
25365007
14206252
16557956
14281335
34567696
34696385
42844817
38146999
39091525
20934285
17187058
18682262
28303450
19463040
19337187
39581053
25144335
19899477
23651070
6626182
7677252
14340875
28093496
28094274
20796069
18716146
15895694
14997025
16432083
36059230
36307732
35789212
14287326
22920732
25532316
20238626
20582802
38163216
