2865954242
1231686592496111616
26214264
37665779
54577364
2924816561
397411698
1860429764
541129265
1432993051
2310502713
1596689029
32352209
307456888
62060746
2382362786
221185949
603775254
217217458
20195297
479442225
19450673
29178136
2586939154
18213346
62266883
20001209
55516088
381502681
2813589863
3402615569
1969414884
4723085773
404093446
205254000
119344327
3001004138
226159916
19256979
45810524
47423946
20555875
20611702
34972320
40825156
3531876797
58733138
951680521
404838884
440702018
47895003
44317501
317101757
24426957
18292862
20425675
342786967
1129039813
494404599
223422696
14487318
3393519567
1171912638
3131560029
1141852772
1896738200
3334686299
2849482877
3172800603
72330076
30705215
2537682190
3165790233
1464400112
187517597
1450680715
79444845
1477123380
56102200
52341252
3049470344
217060485
2949843077
78874906
2548131272
773464316
2219144097
46099888
2425403594
2177906808
101560751
2812762495
1473829676
228823899
11193982
2864493395
915441164
1324175449
25295208
2831441855
2841865528
158351997
44344421
275505184
3092735992
31367759
3096270297
3028261660
380236297
38653232
1627355496
899483166
308069596
267584248
851734532
934135326
21082438
3116109856
2987943713
16388996
3169146755
30268307
521624306
848824298
20140230
40936532
125721792
36329654
43510949
124450255
608208081
70423313
81197942
918901868
2483770033
117556848
15747938
2390953504
968334343
2606028193
2405130358
369736501
940056397
963114793
926041021
2713191328
49070184
478026444
350786174
216789562
179870766
2719123743
236942711
461105934
519416451
2414783899
1456563074
31709542
29805136
198625434
64385966
2733176182
784452517
14426025
320426129
2731255572
369395471
21590690
30842888
367249363
148299936
2747436220
214809052
2710600032
2754261842
2338201185
1281745435
2752846128
2537152179
624650855
364157227
220739751
1110908624
1176599502
92993245
166667606
45673798
390115409
764124031
407186117
1227221124
448741818
1451456810
2264840661
277468786
2682516001
1436199949
13360822
1875018320
776212818
108893642
35186651
436538933
263847903
39743376
177177776
406892131
398571085
45909797
247574859
2672784822
454191471
67577128
63266077
768179443
102971895
101758086
356128400
27848098
23438083
71240937
1089927732
48702842
525150755
116697719
244225925
338456775
28361527
516671992
14114267
20776064
900392084
34229862
74143933
186762172
20943905
19157451
47453114
14224622
47974057
14118604
1239625908
461220181
19188289
33467543
247488242
246816735
142282484
138376196
76292859
35248084
218063694
337299890
18988667
40482226
76319586
45565440
18332222
67557660
25346891
138855525
47606328
60891099
313845197
84709356
49073990
42844817
16813552
41554173
31499866
354516475
373890791
133205511
797752596
529278592
72839317
276861149
605490628
187974361
14617551
20183521
440741595
9695912
235941182
419197802
20044495
330190380
850749608
595719806
87237306
419446071
29691032
477106155
410928083
62297552
121420979
916703766
1907187048
31343887
1923047580
348646112
398545777
132475328
135820177
969880531
64522546
66664753
201633096
1952638056
34285054
145970009
1961607920
1657206762
35182104
76394830
1362242096
209580385
244884856
1119257389
1068300744
420464033
808461440
89425072
882065598
40215521
64979211
341725644
532666723
1911056659
50127892
1459560242
24955372
33307967
65447476
205632770
199670339
38657519
1650340477
1039725918
309126789
1896698028
40104646
2168560282
52662909
2169216274
76883946
125032687
1153445618
458637998
134488012
23830152
2179628575
27877065
2177706409
186351796
1879327742
1691130469
275890328
1125909499
486346035
311957955
1668818786
1176542090
2180602874
32816797
731447341
633355270
839346397
62238655
2217999593
493289244
835499540
22049212
2191189085
2222189303
1899600956
560854604
2233101413
2247150326
2240680102
43759969
1046341489
1076581284
29328279
316901820
2220084701
1267930682
229424805
2246980766
860129059
316563842
38885139
2148623089
2265591029
126117695
859527122
221674336
95194773
29731324
329004156
404124016
253931138
1676646757
87666695
2271535697
501637104
1107372186
112813136
57510423
214589326
22012466
1470607100
2281339101
1534655556
212191011
19392160
2292250407
588234393
735100598
18096145
74986933
2234847363
2180849438
493964569
46086837
19145380
470150436
2296352710
1965625789
2307671907
542622412
38824745
17867748
33538992
2168209047
87398107
2327640329
19452766
149636757
1150972124
401407743
34013960
2297754898
2337771695
836334348
31994651
2341253739
81927608
2332388896
235743135
1642304252
320679176
2350979421
2352478767
1542913292
38399452
1853778078
317991276
92326465
2329781909
93871070
31398221
2201942391
2271609436
2354121995
122739928
362608898
2180978995
1904973606
2385274161
2189842169
453338587
466668649
550085442
25482639
54921635
189124464
214842694
1007318888
27692462
2413458981
2376108436
34573200
20778180
34567696
2351520521
38693061
865181844
1655512332
281442250
233313250
93395265
32352556
2275160771
72121824
2408594376
2319032405
80236131
2382926491
59505516
2310295012
38932004
2402096070
1119507482
198809288
2423727578
438624996
247882851
34334830
602603558
1723379473
1180316755
72840952
2467169979
2426814174
14479221
35698011
33609198
283007710
1450893258
133887945
2435147125
1351717224
85403705
68741204
489716972
96627090
355702635
17929243
2445050869
2169366976
39052549
20240015
90026224
2175439143
2454349903
28804933
1901320784
2450426289
367182920
1454330094
403320517
148686363
19099958
418658020
774461360
112257491
390729225
28190442
53878477
2389682486
312226340
41867714
96630997
2423517786
2563018520
2434054144
2506996699
67021499
331760209
78326026
2505483606
1363948086
631222436
1557584240
10600192
2423358414
89446801
1142676607
136184787
100436939
31362764
1843033399
2578413404
108114771
522531461
1943899928
342954181
134425466
2637258154
2574703070
1275782689
2196565503
2584158192
83199512
18424797
250095166
775676528
45817297
595614225
2596131606
1488840763
2599333549
67570235
191066432
33988509
319228928
142613436
32671410
30241775
33217838
25144335
41337693
18760790
27207896
20144046
221064860
123504602
33482265
873304134
18716146
17685876
86154361
19764533
39219035
16432083
135462216
62523083
59548897
45565446
115441879
45845636
26588415
23185890
819168234
99376470
404354070
1382743280
410731663
31371709
1691425915
134098909
498812506
87551769
2438215237
22988843
1108291645
32961236
1962538243
16395558
2344071269
1666011540
955502756
18425625
84271489
20081412
25129391
2411395110
1244790386
34917220
1706528556
434937832
6626182
2491148766
353312938
1127724871
320766476
2179699148
245770187
2389717916
1425250626
2398597992
42936179
486553233
2517577040
72880522
946767667
37928643
36033821
29715510
140350532
221822662
214049275
1178437964
1103808170
1693847941
19143048
1523910853
32113690
1482525636
352408058
1887360661
1579870908
17987852
197477776
259523529
25660561
345836631
31696775
28073254
106428909
1087204423
42042554
24523390
19744711
1683862166
1710723708
1704511728
1657955719
102976177
40220998
409071276
464621111
808423141
490572269
18761782
20145056
1709956561
1043373894
361253898
422571853
568412406
1611588457
522268751
37305791
64212818
136218318
23202866
33464295
21859509
1312068492
501171764
282937493
368975894
17833235
179050190
512302912
1662674941
190194315
89172908
311886739
39488289
1544081156
832766652
97220037
48989928
361774924
75268931
1667634206
21824894
550540350
280019924
215993523
340790816
1200972715
1273578246
39733409
25110102
26215952
14351105
341382442
1848999811
38010448
65533777
340753571
29655642
94074335
252468595
181978209
417977566
406974112
431781824
219093490
26975669
21525504
1667208978
119392186
255194933
1590957253
34231784
737075138
22956419
47698036
19145951
24264879
193590801
1664666539
403907835
724129945
97088244
403431644
60668345
223085732
1253021798
63080961
1083987980
1437810536
85529693
38496097
189492004
1058955836
801323118
66681098
575311649
266111353
478935066
28097104
75660513
440209308
156944270
25966747
406856510
93590092
838894921
791037066
219416031
340540979
149084317
62574827
307854601
1314684686
1226002254
1323173095
1112477467
85383269
21023618
18489116
818264864
905595618
1327126291
554543084
1316191634
352534464
1329105972
1313453989
275686656
33033900
146184348
1063975993
982442894
519885607
31197149
1286688722
863845093
1094769602
1336720266
24508944
400190550
589313867
1285983960
1062491922
12471892
1314054067
575252095
1119349321
956857736
49601504
403636945
84362665
19642213
437227757
138427093
484987231
262071350
6285782
32991016
185321011
1286720719
1339168716
437346867
168612484
32991958
180905379
19059674
1316642946
358346099
827523758
33348473
33872705
200471333
400264656
1379236308
90269251
201653163
35178915
1358902812
126256491
1238449087
571841978
524326247
498136730
1377641300
509374404
148112377
231571986
573535964
1371738488
140392065
464199734
43525582
34440940
38638278
518313991
14273490
252019880
1328811643
30494954
1408474939
270525535
1364526210
367985666
39966546
234132789
82683712
26018502
1387271396
1008416450
1416056570
35747305
1309700484
340473383
1364604146
1279871724
30287258
1457630024
56467191
89538885
388815555
148855321
221786565
289437437
716024766
26710373
1361286666
21013228
1296216487
479918518
34357825
525847459
1450972664
433666050
373298847
24694916
1444988935
269976159
1446079134
109945500
25974063
886572175
44869490
1479390576
41597644
1148709864
135200068
18061771
430511834
1490109560
748903356
20987891
860378791
63052025
559453078
1486998115
62271664
1179044828
1409688163
1346258640
141885506
117220255
381727631
252738486
1371657408
19468574
1524934554
1551459979
1343924430
17484539
30714133
28090915
200097586
180085673
88268210
346035066
137675657
14894302
378729002
1598119512
216288282
252118230
773879119
568100353
24746466
1551481968
30833224
1108637306
230866175
142777789
48713549
37531659
1073140170
517749787
18628877
27429524
1500371
954462930
160156169
1477996057
1628651550
459237590
279250117
1566612524
1180305138
17368506
42611222
515437873
1654018680
335883776
73483943
1655222276
60344010
1618358852
22989809
126446628
1652575946
25171315
269937776
125284155
1460470729
1074135416
497641923
427537521
926188446
42065233
1058445638
95238065
1096143589
18360037
84538257
17650380
1091610180
46080146
903920270
398613166
31955653
864391304
42193858
429794044
114455635
267848594
40635374
115003484
65586025
601796318
399951749
42690697
23250443
20285266
17426972
309262809
1278469316
22172506
389973334
23503272
169518447
1315206667
131329180
1568450005
1120110816
1143360360
155947599
33830895
1567569330
26307856
99347701
789168097
28075537
407967836
1198189740
84460774
24943512
1007279654
108593346
107354968
58178702
46099447
30318565
417709869
973784426
929412942
1137087122
19017103
245106756
965762185
808328966
952592922
1109098232
358676812
20191034
248436358
462782473
17406768
36067300
64995313
1103809806
1167061771
1153785866
221000907
414098686
564822076
553408981
860147431
1160180023
1201879783
25657836
431437616
1184166451
358969925
428231834
21687320
91756062
57419608
240998240
305788013
381063195
1115202948
338049872
395414931
1036776163
48989345
319072924
205863743
32397025
1181561850
28166942
1192562797
1190108317
58511405
390856590
1250038322
1258017566
103097873
78385212
1156879704
63262403
27314433
34355018
411052847
374465934
1183688042
614621262
42698033
63816428
276032287
1278430784
14154562
23236589
26979187
24044383
464579270
28122204
313218043
35880536
383990161
89252441
149955780
1265167464
96164499
143061537
361852315
234767868
31708380
402644147
34556256
412996102
155654120
1190182783
14598781
18319804
34247120
780900775
19297030
491601709
314506741
483759974
50389557
333903537
303965535
813403256
61735082
225950399
184721913
837228535
107410000
609414457
15027785
466408137
263319380
48709777
381064674
61215679
1050453942
953284214
244194700
29680838
38828305
999118387
955583335
59392758
22363451
31097949
847066238
373474672
14502885
1020126108
300346250
324844301
31088274
895976281
19659689
921362574
50632994
42826539
232485720
484601222
418931465
429844913
29659136
53028510
20432556
807629196
1089238542
202358449
25492392
1103749050
1195765214
372735335
391069498
1062955753
135463706
92962860
839847986
33598805
19388802
626277494
28997082
233511339
224614927
55343393
863188267
866832062
251769222
867607472
871535269
865365792
87382709
855487898
490191091
190387540
848840263
19017582
563732826
901252542
122072637
32530822
35215440
138067736
428282689
80124668
20582802
568305378
924875222
223442298
918785168
842527298
763827847
73089002
236839814
932403283
461116121
42867495
26564673
421145965
39342472
913291796
113147061
86577305
945514393
818053116
33885551
18726496
252299576
250332886
61773044
483894276
394247646
32844394
966057043
55528242
589158587
463006120
174762419
971725681
340377361
20914689
46612326
28208132
980107674
899800400
895029930
52169203
154871126
41457314
132667784
171438889
16542861
27082826
51807708
42212205
126089832
26470805
735780246
341391080
36775945
32095550
12950822
27462848
196569190
499643851
32397331
461388002
141891526
494384645
18016543
33542102
54889751
353951333
66998183
274431757
27062533
49738893
21906990
500001295
446218949
573643334
567175830
16668912
540234530
466342611
30739418
95004718
28142174
295928792
473914976
33236436
46081160
46688502
55541718
45594856
17572399
533613258
725925007
193207281
318422208
607016620
194225757
28087905
53213766
739198430
19962261
366113519
517303484
531531833
416480559
82957635
612664952
495013259
24169740
291305246
29697649
226615290
19237550
202597933
14291185
607586872
349132087
63132666
261852783
74251291
524184002
619842733
246298038
225849977
601917945
17776788
34347200
68408437
29000770
239833417
45342108
60896067
18387289
44896803
25103877
160676165
89300254
21293680
71625725
21949951
314542260
21672256
37620087
20229175
24913773
15022445
20853361
39722552
29170575
35243598
53971073
17776634
14345835
210046869
26344613
23937836
19762987
40049680
18714976
29908667
279131939
26708613
19901715
319216129
19529605
19179740
78330513
14365312
172896557
21078664
31421204
25051303
14287018
22415635
33505076
25498771
61781451
18609590
20868447
36307732
155976053
31386412
145650504
353664792
52718337
65612797
56658386
35834118
24143353
19758906
22300646
28110788
36027595
42741077
18897831
21391879
21695947
49808014
20513866
65924567
26850290
25313658
21905404
81844094
38882731
21426923
122072320
20301193
436515416
33497800
38451208
187142414
465037671
21253940
492372501
47694546
496265598
87320290
516716467
518331327
345346888
28094274
66096133
74975793
41091317
532759452
36055778
112428297
29695445
515451104
332746072
44207761
268733546
28081962
55832322
579757656
588155833
17674235
20039505
18239882
306916140
463005332
365667066
181242794
29507201
576065826
68801651
353652117
274698441
37190586
36179458
540924536
365492075
549467564
21203563
186852309
104945479
41560368
353832731
419093441
14341247
552033726
403416149
299517976
24564251
82670042
382701373
223812019
334852211
511735749
48980951
14291795
373277541
36189150
518492992
148391437
18981070
380549956
152591353
308394496
39599815
420436017
411847231
31444149
56328067
40833884
19405748
420959281
177109826
282075815
440175885
155826733
221119581
60457452
405624240
27829732
452937710
396041374
453758064
94551083
22915842
455709392
228429835
110957512
267403905
80668551
47685503
41890150
74539103
242902729
463816245
456766982
190013936
385038970
18529878
467943096
47140741
23247176
472827733
304049189
465912646
477643223
40753387
479341887
346001892
148861685
139711581
487429328
113755024
263365721
492569862
506249897
29471954
22920732
340393077
342052637
234345348
216666956
507541495
38199075
507551010
38646590
49658501
153694624
382598137
63938155
207888226
242283802
238590555
242737374
163978389
106077757
310120071
340225521
43084246
36026730
14490887
285838961
327312980
223861812
51200901
370532678
66204249
37165324
52021374
344867951
233501327
54483774
18043746
20583062
28957526
337652975
17066475
61450363
64818133
219268128
96735328
24146403
14225413
21358560
252040369
20856837
249554559
16362310
31090806
371939579
43407944
21859700
41820304
26719515
63084435
37677256
234517620
64777319
234881454
82172048
47302657
264409165
69273072
88753421
134042413
38392595
42843759
84530473
308565504
324790583
241122170
28254269
193311364
307279398
61484959
326985037
30842514
340333654
338209422
318097289
134819913
120183536
82176038
29254394
44983912
349566003
238339464
41093382
350499927
321900955
28825205
22599425
19987376
14567968
352135172
42952731
331630135
21301081
235633582
95877736
15353365
351772115
184063053
360242358
281153090
31080789
214845100
32482854
19061893
107813582
274552582
276010468
35705435
291630537
102071469
63115140
56781636
19366804
16913083
238945097
304896770
18379598
97406478
17386721
19609697
107516611
293113971
23777183
102319700
186089859
149046826
72375105
195666183
200261662
14312379
35192448
14277275
215944848
31368001
215993689
74201377
18669139
189051125
14322280
180704610
229086274
64148350
200255736
29036674
37876601
39713393
204805080
45531571
227294412
23641557
34580764
64247948
39745276
20936956
194724592
148456623
241272403
135917823
156201907
49072458
222867271
19127726
242670337
16777566
28103946
81381193
19122024
33014687
14159875
19622120
89197227
256504306
245320825
38402978
31687026
69312627
221110729
14330330
187113841
258848660
47756003
24575979
172571624
225341716
256902793
42189876
74116688
65368576
17648646
75823713
118068841
118865170
103833985
223211749
14669645
15895694
28101138
27845999
28303450
34672923
23849809
21022281
27837029
19967593
33562987
155889293
148642486
20279163
54874871
19963243
66460291
14312440
24950478
138510929
132101779
67916847
34703909
177911444
180357752
20037413
19766036
18976278
89962226
136250468
47134635
21853001
24232719
77994993
39759723
33520528
18428772
14420376
19147731
42084636
29800123
19899477
28338371
67256368
19643623
41428699
87642705
64356208
119032148
63143621
27317182
27259029
80280246
6992072
14309041
34249307
15894774
19708641
28594152
35716908
19583956
103812453
38265914
31404274
15093579
93295490
19784844
45919516
40340459
92043674
58477132
19712127
17096233
75742264
90448119
14288896
19350045
95605924
69361035
87967362
31109091
34696385
18293645
24154098
19067312
53367893
92486867
18377085
14814837
66485074
26108157
81873660
66737250
19905010
23986190
53039202
11372152
81566371
28822089
29716556
46940056
63925220
23574285
74964920
36510958
30311534
67617143
31806564
32828632
41150667
70677830
73086372
41862243
28533131
26305549
61724625
65346150
62916317
33991786
46746424
71221235
38844838
28128082
21288315
48536494
26818369
45086329
12269512
34222599
15447199
57959900
21689226
25803631
30077419
65294584
28726577
56202063
65588447
43187396
38643436
23786818
26507167
30832279
63129578
19021488
28305009
19922838
55496543
39506065
58569375
19901366
59285702
43327119
43584730
13241742
48827549
56353909
23104499
20659166
21862201
18610189
54917900
37189736
34599188
23338872
31087291
23476352
14282002
35183264
20083729
40090446
18264009
19125743
29866406
19840393
41088499
14077091
46384158
17525882
18675926
33008891
14407392
7087422
20854544
18975916
9990932
24583512
14859175
29417866
46366593
30505656
20231161
32416211
23115403
45614100
27097619
42851485
30323439
4985141
21288039
7981922
25290690
36668138
37416154
43744255
29226551
18773541
24144508
36423190
42830957
28315847
14186437
39619973
6012852
14561265
16904159
34941106
19827241
29928571
36099106
22014140
37903343
14998206
20238626
19975445
10451602
16718406
16557956
20642087
26719548
14997025
8021322
39091525
40727926
14340921
14340875
31822122
21574473
14351028
15017575
24046713
18628277
17813010
27834369
17187058
20796069
33453104
