1149271028390146048
1498176452084256772
20226248
279131939
540694329
1124377114738872320
1020915620
3186630065
863909642187014144
148755634
1273896057441783808
1052582898
1219232377605644289
14106476
1462548977367359490
1168793622248067072
2307898220
1120633726478823425
3414509159
33483219
906294173199937536
63129578
361852315
1219343303130468352
4823433298
39972060
1041734490
864406880092909572
510968482
3026568364
273638217
39599815
21904772
388815555
3006836889
363282607
2800575035
20974015
41090452
1201786712227233792
1362544471
324263068
1199650111980261376
24150634
49450039
1313842001977245698
620182875
1283332494402748416
150251308
2881057294
2176309548
806963350643101696
919900711
472720550
2713171904
234356944
2481844412
1470607100
796822792037629952
29274301
1195765214
585991438
2371727666
432396256
1091782375
1209777222321614848
26207988
39311372
266698643
263036648
82593401
819487748
728743549
939091
607016620
40633689
44983912
1347295592523984898
1638563534
53508628
16884084
915929092415004672
1073262134140772352
22415635
1029415540694179841
219496438
88287482
4353260675
813678139
308502637
54917900
28726577
22014140
1551459979
2830349344
2714581524
1212889968038670337
18549724
1451874716
1054091266252828678
20672548
47974057
333273454
1204838809
233511339
2559002312
62060746
31423389
34656014
128206635
770986255
36307732
196749708
1281349465
37651226
341991404
589840479
14340875
43074271
319770046
56353796
39490510
119713405
243206115
2240680102
1070979968551784448
27844742
135462216
1382743280
2924816561
18387289
25977779
108856784
159845559
304365677
193554972
932603165781962753
250435513
36039059
31499866
19389900
46081160
19764533
28323152
43071761
20679622
385881449
2537682190
1312013733477208064
56676419
78888818
30222074
45565446
492189880
10451602
19915362
265486447
252979343
460005859
31976183
21648257
276651075
2157180153
1201050266314952705
1395635348
4503520823
1175227112
104830341
961333703896174593
1519675345
30110233
61183568
554318625
3972584608
1024913821641650176
36050996
63266077
361855290
1180316755
18669139
14617551
624913111
23798120
24693882
30247200
66664753
819168234
1527864668
1617493670
1180331610
860129059
524326247
2230683635
170023589
38842425
53367893
315450755
66433571
33250655
112856716
2417351493
3079733085
45594856
237260418
1705451886
254956683
2362711241
2298151468
280183942
34994925
111702288
372765977
776890418881503232
704048316036870145
245306197
463072985
525260372
3131144855
2653613168
275013845
747807250819981312
18611983
2399141631
38392595
221822662
3107069429
47134635
317385072
2870490614
42845459
312882833
2645220702
3058719389
706549641484115968
29273536
31090806
20210193
344327156
32352556
46359538
318977179
1432993051
18293645
36028993
749850007
40063292
96993423
71824168
813286
250722978
33610589
31700411
39219035
72386836
23480387
20796069
1005826836
261632571
3907371563
1407727147
233580495
22608196
132506283
1372674410
3223838657
460473332
155829739
117859085
2843406262
17009159
2909409993
56887729
19700322
18860581
39227903
2296020617
150788340
273945740
2889268871
33480259
327064489
2285949165
192689889
23748315
381430471
142613436
225341716
23413873
19659689
33885551
139047756
223442298
1731314083
294073504
180777812
45919516
2501394955
69806167
130267435
45342108
26231053
1198189740
45315024
74401155
112150185
269310464
19975445
214064340
45155843
31367759
107762215
59548897
342631869
1691130469
319143595
2266469056
93604188
14759152
24119198
883921728
60993083
45573406
470246996
188707980
53147958
1693209926
1032277627
17482669
2989662887
1033849844
1828468578
176542303
354516475
33189514
312035247
1482525636
26601441
743060426
1330040112
72054152
572871250
26885200
14286342
245109774
21698000
317101757
193186935
1092087300
29676058
43525582
501744819
54296291
25817863
612631568
14349636
229640435
2546282090
87666695
34285054
373821791
510563886
601367747
37665779
2163779684
64522546
22194908
25861301
850749608
606448747
199665432
526723478
496952496
357735630
204525639
14340921
34578070
454097455
1719501925
221000907
1208941832
256625759
2579750740
252800692
126256491
322531105
454026189
369442305
725925007
103065157
61724625
47298919
66796168
440356584
1281077874
27317182
397943559
190952321
469780703
127268367
446505294
31189481
34217951
192273401
377578254
46751223
382598137
101727020
19157451
23104499
864365041
189534312
262164620
153069109
1057485816
160470820
461941436
396834441
31543356
477643223
17187058
67668487
242861232
333903537
221674336
40322305
14284781
237524449
407952439
131280612
23785168
437558588
338509373
563600205
582663428
106130754
32535843
319228928
71885961
328445838
332746072
490545410
241490028
17049291
185302516
72228773
74417600
30941476
529472395
14277840
126065948
14978302
262242915
305596173
119803145
30759351
18046947
165940771
14365312
396618124
29151353
195412248
20969268
213241307
236108456
21423985
236839814
57902696
223240722
70987513
33852061
521647943
44327211
536666491
541522566
168781455
381974256
356398393
389973334
340549419
423343032
127074628
340852718
340417401
213787697
65460298
15894774
121403793
34272518
524216210
339960571
7724452
14284305
24169740
28822089
14288037
28828199
55541718
142199485
44207761
40104646
21695947
24153920
167092490
38822086
21588799
64773558
492095025
221514301
23418810
144976713
37876601
371502562
48302295
92043674
18897215
29659136
217530764
22920732
44714439
22900000
17898461
30287258
17813010
191066432
19962340
106769293
14368182
29928571
32113690
385406348
32873744
19145380
23244604
24950478
436515416
18079528
471084733
235927345
95482576
415679830
198625434
385963044
485686519
112428297
18461311
17927796
252602823
478553827
251769222
20145056
372166730
19388863
15027785
78596503
14419874
18609590
337299890
14281853
21393770
14224719
14997025
46857953
419861852
241959982
400864184
28114870
23582636
19901366
6012852
76292859
42045125
51870096
47607262
78587299
18264009
222818835
37416154
141744721
64004084
413907282
353573924
138134771
295876501
141709158
27905486
136029854
163892217
142664262
90448119
159561932
275591767
42625724
25262480
50270386
33236436
88008789
316563842
26214264
16718406
232936540
16432083
18002106
224352840
