3899360001
1120633726478823425
126325202
1088058279324991488
19103
229270836
1486733001731960848
68352264
224740201
88649549
912566684
1301599198761095171
20611702
50604877
948556376116260864
906294173199937536
44174373
1427397391578288132
1384058655784398853
1373724230873927689
1364939998051598336
331612214
1096398541830930432
1070979968551784448
1418412102
4023822982
1181840582169288704
1173622041112719362
38667363
138134771
83472953
35985504
280019924
142611282
308502637
1111799130
148716118
404003796
488834363
37665779
245002556
35695051
981793252453044224
155976053
86154361
34972320
160676165
991760123961008128
55337743
289497377
524477060
560669277
30941476
819321642711207936
23413873
968884050969718784
135820177
916215618612973568
18387289
14998206
376747336
237524449
14118604
64366720
85403705
2784760795
18724369
14487288
37621862
538250385
82617511
818910970567344128
206640289
2818756895
822215673812119553
30313925
89129211
78574896
2870661437
18717184
42827637
37468448
120895262
4386171561
216776631
1339835893
36882824
2914515430
398916864
112714402
180295902
21401523
1379801
23022687
15745368
17220934
244493243
1047599642
2743342617
430396081
83875973
62089927
818876014390603776
1093090866
1536791610
822215679726100480
31206435
3228887163
378689610
22011813
28319144
45565446
233511339
24950478
35456283
53680033
66985635
14224622
167092490
62574827
268553359
150763346
99376470
1180305138
37387091
91366255
39599815
2748646057
66998183
14304692
38628986
20223894
2586939154
17873227
255628022
39764029
1855109353
42382442
138427093
1167061771
17066475
1384082689
2425456266
51200901
391069498
27062533
18948340
47872138
205671915
51243315
41785808
90534982
118088240
217217458
136218318
18550977
25171315
66664753
403320517
14114267
390856590
14332159
14340921
23937836
10451602
14237373
35612924
410731663
33180076
134819913
16831793
32946583
28316519
89255099
27653425
2308094750
452940934
274431757
491297741
27105229
2386718247
32873744
1731333426
600178282
764124031
465243235
193597488
22028192
284647429
965762185
24508944
34656014
265565067
2155610291
27317182
27848098
37193436
39219035
39966546
250435513
322531105
403627091
500885877
743060426
749444851
961256174
1196497765
1704663163
36307732
23320712
19901715
873304134
1269692077
136392057
26066874
19157451
345842262
78874906
21391879
101727020
1076088475
89484734
1691130469
260132760
120036979
42698033
389680546
30873513
1632248070
103792291
25144335
317101757
44317501
951333086
347471106
21423985
46688502
1192873944
19784844
818053116
34928067
227013679
31526298
223812019
237347809
1694299790
181130452
140954743
21574473
38824745
39974570
142613436
156944270
931595317
279131939
63129578
18293645
21426923
62523083
611018042
35248084
22172506
21293680
38696507
23849809
48713549
92489022
61781451
18462205
37620087
223194178
280925842
214194659
32397331
29000770
19972884
17484539
32467248
1482525636
38638278
42495946
1106166692
33609198
1330457336
74143933
24913773
1198189740
362608898
19769863
31976183
42741077
45416867
20989035
29928571
17187058
746003702
529320577
313845197
18213346
166232365
15017575
189292117
215993689
117456179
191420661
484601222
439514595
487429328
507574215
218874134
37090321
451815451
310458941
68922471
234525840
358394494
620482271
196749708
108417952
25498771
495004140
36023933
262164620
30842514
135462216
1139453720
61724625
21846143
454191471
26719548
16557956
36028993
20868447
33467543
61450363
46644261
48302295
352534464
120183536
14407392
20195297
92253146
64742113
28952277
15894774
319228928
1187876382
1062955753
36297918
40639367
85822252
71231659
29036391
177911444
85458166
16362310
96748114
76319586
37903343
31085474
254558676
425086046
498116746
33152235
895029930
132928477
112871323
38822086
515851478
395414931
62266883
353664792
18897831
33236436
34941106
6592852
82325555
373890791
25313658
31195544
23104499
29659136
19764533
23574285
142217640
31740660
28101138
529739169
28128082
27462848
214049275
58477132
354516475
45919516
803184186
382598137
158351997
20662498
37416154
305242092
44983912
18609590
221822662
138376196
14687587
46081160
19188289
142282484
92962860
27845999
30923509
37904694
34672923
333903537
372186158
58277546
22415635
609353403
15895694
61250638
219093490
126089832
243628984
452932725
19813523
232367733
35462739
72292202
336116660
30955482
31708380
551734699
939091
16432083
34440940
473914976
101758086
93916643
50393960
14224719
39532764
31499866
78330513
70762972
19450673
403272223
36059230
31093617
30759351
29082795
141521060
522531461
520329893
198848582
46131631
267403905
245320825
76314210
38769939
44959207
41545547
26344613
189051125
24886897
40482226
41337693
21695947
275086360
36625807
25803631
21689226
16668912
41554173
45594856
34050300
34601836
75224818
32017455
338356313
30287258
436515416
17813010
36510958
409486555
49073990
39745276
63262403
19236875
63442375
14340875
307306463
59548897
44098080
266031327
16813552
247743683
40935476
45565440
19256979
250118415
223442298
14859175
169201702
34927464
36423190
6012852
29908667
74418848
19067283
813286
262690115
20854544
46857953
31386412
195848365
20853361
194724592
38646590
115441879
40049680
20934285
42844817
90448119
49674652
122072320
21022281
218910852
225341716
28303450
20796069
42079950
54917900
47974057
16542861
22014140
21862201
28103763
34898791
