116763916
2409488466
39085195
279390084
314472161
3645415702
1469264387512979461
816291044325261312
2539740319
96164499
1305054343650041861
107497550
1217475301212594176
121202283
29048022
1694334824
184727475
1722183042
798143302272974848
1234422445219733504
2815155979
1036964193591734274
1283753253008801792
43071761
62092544
130773534
387112097
1430085348848193563
223812019
3246079155
345983565
404145374
1205226832087388160
2366855258
3433931391
1731554581
707967655031005186
45205091
3232924232
33166646
902493890942566400
2481844412
429844913
1302585651053973507
856482735526903808
571123006
860129059
826694238368886785
4876636583
20934285
920191718053605376
1086972952019644417
606227271
27113674
1433759651397472259
827400285135925253
313253372
1380403600699064322
34664371
4353037300
358969925
1119076135
63175736
323111954
470233975
886608697
1423248043185483776
17947003
38150247
31343887
271902473
931590480
307237285
29251764
915136174884302849
1140656877279371271
1304427060719497220
37881433
1103787972
524216210
152591353
33659846
1048924999678083079
67845970
3317609915
1294248670993547264
1311296533720072197
1229911038193090560
1093961808451436545
1164801318742982656
64677507
1150376668441317378
1364614306256412679
1263967568013991936
1291291990701813761
17410350
1232317844819341323
139823781
289253819
2819911894
38282491
757979230244368385
1248201913696387072
1184894840087175170
1235610347500974081
881615056437297152
30927826
1354833262431133696
339264965
1949497680
74093436
1414494862204936196
58787004
388856034
2748646057
2461810448
1333171793201225728
1350150750966603777
2464733534
3641985196
532666723
32347467
1344485532
1519675345
34893859
2986407094
45919516
376173916
1357630163459198977
17228658
59510401
423285153
577028010
968497356487450624
462332236
39274589
219268128
1162210962
1171848583504699397
487708936
19533559
458497632
1382337056412733443
866100841
1396661888
50305974
1340055325261651968
25140248
174145542
14924626
75742264
58028047
964035774
1219261844096860160
2955663413
1033002455586533377
2359926157
43304756
1196621993623187456
197821962
1365023928750665728
1363682447695765510
1328906004
428352489
430666510
63266077
74474647
354516475
20008618
35248084
394830712
32535843
25669546
1174955520756633600
1884197935
2326177498
513091074
563046788
1713252985
1316289968164286464
74983700
35253656
2580986466
43203762
1215914436
279250117
1179383574
91394261
55496543
1110939981789433856
1304014713290977281
25051303
1338994562090602497
1349154719386775552
1349170292564905988
1351716580720316417
14230524
226222147
757303975
1086378912
1349149096909668363
1339663967120199680
88001109
820988930829021184
243248082
251950572
53670419
2343707714
292346558
1335436293787029505
23176276
24158261
783792992
1249982359
44983912
216065430
17494010
3287911411
20229175
1221242033530195970
521747968
33537967
410788717
23320712
475454826
1951964720
20882045
286476728
125453969
31087581
14185317
838753427207380992
18475198
2470136607
740694838975291392
10810102
260759782
42901319
2284280579
1329019426365169664
2709714793
1330873099424854017
15764644
803694179079458816
821784477076750338
1323730225067339784
737402868076969984
2996337411
33609198
635716830
902169719385587712
579308102
1286294355020521473
1726299720
2257589192
37685197
4263130319
76884233
14499947
268720526
2444122315
2820447172
4209052965
4023985407
983042080946737152
38693061
1256250442901852162
110373654
436592526
2645220702
19902938
15720033
909677530327797762
382598137
824377301244723200
1079443074
55821261
2825899037
87080308
108618409
416128895
3077698764
915175551706464256
765219955101007872
59083291
44710412
38146999
40001204
23748315
11347122
2317558679
1303568044304687104
554607672
15907183
454336881
915516061444866048
18724292
309126789
236951309
972547391105781760
1031436864748699649
827799606
19389900
1892744460
400057194
1586216377
178738098
33644879
715796256002547712
2164299882
374176832
600779680
943820029581291520
802514070
991276643694985216
238925013
21648257
1173967027096170496
427734625
89398445
72245600
268665178
21890520
823664138475999232
30354991
719555092911931392
727069075541745664
4100050719
1182312486667730946
102095809
1926360631
2354120915
21860097
4870564096
2890528054
321589427
1273766098316464131
1598119512
601775338
363282607
795267056371437568
22677425
473185962
14642495
2173021144
54903471
3457564396
862652485974069248
3307039066
2423498602
72268080
67407712
1211392226988711936
6751502
1181917722864754688
460042429
63670539
1029766189961109505
254715838
2596512356
91836565
19904252
1241383956
1129112765912834049
3208538740
177917586
102390704
408360989
824160598103588871
219640976
778246177636683776
1097908154594148352
454799703
21388301
190229245
401613697
728619284629467136
1023053633645109253
161616513
2436746448
77808402
1655512332
62310014
20150850
874258695118622720
1251520101662232583
34611886
14499829
189868631
564527554
402655240
798557710321074176
19570960
323190649
1239332857807384576
3801501
21863942
856148305
1050473500778090497
1145978074816765957
2339370609
3097396955
127268367
17853046
722347303
83858081
21799994
725925007
776684388037820416
485992588
34972320
1140437481621508096
370343276
393885518
37776042
23951122
1392559128
365635604
1185181931417280512
2467098135
4772627854
2415957962
32539537
1329866688
76292859
37665779
1375044577
932927287
15084430
14997025
1195025771368239106
47613193
28323152
2766464011
2276554473
160952087
757925195587944448
963338645288693760
50982086
158342368
1087176427
24909190
14106829
2180017225
31189481
925645722
1382743280
98639150
19232649
3169080518
40505648
61735082
507425094
24181511
14291777
243236419
38704343
3028252336
102767510
1125479276336308225
2873905618
20238626
1362331039
1122819409
3060165490
12044602
1175129858441142274
2195671183
2195885540
242861232
28104451
986324570
317139568
304331315
33885551
106769293
2903487923
920221128832020480
177301542
14618202
9126752
41653798
413177947
4849215231
373239963
183356975
610994783
461315151
224240042
17209005
238308510
14603515
442932958
804294660
139009915
877944056
20627309
2969845907
56044169
17487476
82825318
593854211
1313880829
315450755
1001794746258546689
796618867
724976869385342978
1059015168263417858
1168167671151628290
3033264665
2297207232
483134881
355049886
474273394
374402229
2476130260
31792400
127871320
519707372
27021630
235743135
56199360
14279103
1138355514
20583062
135173461
1346784234
3307278897
2985994372
717774036877623296
3004280937
62346830
57064417
756895303
1131490810770403329
61660254
1146329871418843136
1136394437012152326
1003895325025865730
2222360488
251034857
2917537671
89484734
971843630
1049654808288919553
806594768
348378205
816266015432708096
3307396799
1116284219574116352
470073947
992759557
4243036965
907907450199830529
2203886031
80668551
1113577805256773632
4119914644
859576393
1193849958
372735335
65306306
68740712
1019974187975430144
3117838067
1364604146
26073581
384572225
1016447261990096896
2787907820
410600310
3403299357
22356192
917347403375792128
864406880092909572
66700763
835939007691390976
532576506
184714771
461923194
14296042
29676207
32844394
122318779
737876050487709696
851788991846387712
26798240
242555999
298193494
2548131272
142199485
31405598
280019924
14407392
26278467
365934285
823377728
17230800
120048506
612972910
977151931
603775254
1006419421244678144
28099901
38901264
250435513
1551459979
28319144
341132281
18061669
158710489
1866997843
63070202
64753254
3305796659
905717060
216008028
1477964898
19976171
329004156
37267532
459181574
973500095084802048
56976488
416122442
888843645230755841
1974197850
161057909
247407600
2987098397
2731281726
214842351
138203134
899729325162942470
415701368
1062286777342398465
20679622
23104499
1653771666
1894632307
1329038221
44084584
293586346
433247367
18627984
2485294956
205268022
326165164
3179621871
385881449
2863714984
103280252
77990661
28361716
19762987
17463923
17220934
64385966
19337187
37876601
16824078
16958346
192942213
4516255048
858120066
793585473956425728
838111239750447104
2346469263
868645594327379968
1022601625897197568
105144171
38696507
46084578
4337757868
818282957618216960
2873711309
915206809580908544
19509064
277446946
291467422
36665547
65357795
44588224
84679163
1346859277
172054878
117040167
1543192765
735764197380759552
4898091
56125230
1555831369
3072098509
822476228548403200
229531168
233777428
942209900
70349639
718009445863788544
114135107
1144935463
281627499
388296976
14330330
17650380
1648317175
436301416
988573326376427520
875262109
4569304528
1602843278
4502695341
2289382613
18031814
11611502
192689889
26837025
284761553
2349865278
44317501
34656014
26214264
14505546
41603960
430180591
216883346
45396043
430250670
883746512660025345
38135837
18839785
830128820447539208
935148134505828353
933973531968397312
30941476
2562963566
407796664
223442298
21393069
748903356
520329893
3458195901
322508230
141929534
241048092
2361254551
18721034
410038024
2163306290
832595225247903745
34696385
18387289
378433833
182777714
36330373
112428297
31097949
227611752
89172908
25295208
38421714
32352556
48713549
2990519415
20001209
1330457336
30696149
27716729
47305738
166739404
27692462
515431540
44196397
3210919822
203132018
870352209921413121
3585870989
4813171035
1976143068
18864317
4103214737
14291795
406869976
17621447
2443794655
844911889075388418
833725935929155584
33435526
4872685720
329888286
18588815
29395463
18714842
73303753
197446914
1037059789
17592502
3066095291
222110806
382922105
509092938
2978522857
885222182
737302248338952193
263083479
145746533
104227735
45534335
1849010060
583438224
423703618
811229675758505984
22203756
29442313
216776631
819192944
3066827688
378613135
215026326
153772652
75235509
365979828
3131144855
30557307
21997295
117777690
561214543
788030957232222209
64391993
1978799598
93615977
107182526
14260960
356103218
792291271729618944
442711232
4892799075
28332028
145633804
452915184
470688084
543242750
1851752635
3609098973
181292273
405428469
334602996
104298598
22310233
499813608
2212083849
2421073909
3293745245
3316617283
114704539
340843262
245930983
341564433
768556495176892416
381687365
64839766
768533872564895744
2777336179
2933186074
758758862988185601
432298821
2305113932
181567076
747807250819981312
469585545
2318436408
3402921657
1216745004
39980193
1953534480
235463442
3088878525
22195472
413802355
1948102854
513350418
3061307444
3303474489
1494941766
407949405
3246299927
2321891696
20971398
1133087436
103800921
2196438887
3747320115
460979655
24732180
140149359
599985251
4353234441
18742124
293121508
19541556
46376581
75064739
416135072
3239192692
2978526405
10778572
4570789301
1849120080
1570047816
1536791610
822215679726100480
3429865683
449637728
392754280
3391710796
607595244
3608877580
1243324226
55487998
401915063
3431310790
2927205058
1622631307
267682238
3305515192
2292454922
98354773
1023417805
3246583893
16040859
58620273
412303032
46623193
57769389
69231187
217752780
70985635
86119835
125995973
255375597
2989575766
270465961
619961070
166142584
912746546
21695947
617255087
2834077014
3190979211
2609830963
500641978
525264466
16432083
2168382494
2445023329
134812919
402920490
193116688
473980276
1391776140
56392389
1586266080
36329597
1011129121
818837224003289088
2180126766
2266480685
237303495
830240521
57288354
2413938919
20402945
569928506
1688868080
232991777
745120236
104277809
57271025
273468342
2733981997
50603830
329010092
57605081
2152923580
256489534
1240038204
2611565370
579423584
11438532
795521690
155373212
2168493332
25805619
481964948
2799441853
3025926672
20551702
1962849134
267261581
1136864850
81824518
75993425
355696940
1585589059
496278040
20505325
42846874
90299585
2942586461
2942590517
2899895092
382331604
2942554461
302002998
476256944
2380171670
35575961
291561599
2863905945
2712899680
342864030
32854491
2371686895
2644805400
108232403
15047011
211117572
587390383
460163041
2444581330
182360370
2221096082
109226167
864661044
37901320
749593849
137687327
2653465981
50668277
37040034
2360629925
2653578188
1446632138
2790449228
37433988
2814868657
2829964140
204698478
2653613168
595653152
815289800
21181806
82059486
318489159
2292346321
339081858
395824525
169426475
413055301
515838635
338354087
2165324150
303651599
568981074
469263260
1371757249
540244474
82593401
398660979
19078514
89277811
1253106450
514333227
1688427906
2241431167
1207686336
2394073748
64366720
847391226
561139481
966202105
1219309794
45568342
73760208
1243918093
2414093978
868677612
505766486
615779150
24515933
225977098
1131352537
701941974
318887578
40816180
407405188
408419607
77198358
2434377529
63859619
218095155
505714862
21303235
82957326
84293868
279010305
1212162284
1324263482
398610621
245810814
164263382
440413534
64610462
1332194846
2467169979
788982234
466525698
956152358
18804414
970749338
19482922
177069964
44706837
2264840661
565630081
16325505
242836537
432895323
15647676
744702211
19645791
600105780
25998505
2180213377
9300262
159950527
12455302
85883333
27838791
2272885878
137103618
389479556
1707321486
1115348904
1240247868
17865618
22832757
253213737
505748969
1076418974
1026558049
1198387454
29180679
27860681
141084952
48788413
1963312058
1840798400
1534655556
747205759
207611486
48784644
2236337098
40215521
1339835893
23125257
2228363243
239616380
19784906
250561866
2204279255
7001342
1656124806
26203847
394060363
863530998
169963553
1722541195
1877831
84315057
222490077
31700411
254286408
171697811
5402612
970563998
15766082
414869332
705862502
18270066
18601609
316512832
61375366
714891474
930386257
376412378
40227205
19287037
19590009
33154963
742143
802162598
16465385
749207389
27830610
47813521
1404590618
369550912
790141783
873304134
111560581
255040592
33683331
500885877
34228196
78539685
408511415
82353528
20431436
213792079
1855109353
529360281
217616314
499811217
313845197
435714725
40340459
239767060
1379992086
90379972
14291575
1615463502
140838527
34285054
596422929
14224622
1685812314
295610310
8671202
43062590
1676490450
1576808508
1679126310
42843759
244707638
1665921241
1662687974
394247646
17960141
19119226
1658022816
52660746
146793059
961974776
14700316
148517828
18217315
1071777608
17004618
464621111
25098482
50393960
151106990
513584555
1601065406
928432260
456041834
17133897
157009365
220624198
24506246
87711816
195826487
986390774
295642096
273730280
165644043
303735625
121514648
204238767
434829567
1221534859
1479879036
36412963
138814032
14224719
153810519
157981564
14353202
37281164
78416656
146619371
147512019
327481914
356777135
453030125
85796380
966182575
454099919
18293645
25380560
1107372186
1093090866
818876014390603776
34543935
16079505
364157227
5988062
749077188
14361155
108352527
49762925
256625759
20504947
48536494
1223042233
441636351
59400002
164213375
522128259
1462231837
1034858136
1469483246
33865690
42857269
138369105
145935897
24177970
22920732
38260259
269777232
238716005
51746591
28101138
1389844255
24150634
107505580
398606542
292449386
137255314
83544685
291040290
494366358
19331958
396255103
32047765
143061537
402013643
198809288
41112318
23236043
54311364
16133530
65354167
36339766
21332200
18267548
17469492
272019676
98015030
566282431
132577455
634496564
470342938
1357130180
520670946
38632472
51473040
69269105
372895128
191852684
238480712
56792300
1222003712
850713475
603524800
1326602731
1369773307
438379241
58769618
1133598816
454191471
37509974
20585062
44423487
32991016
179181381
31499866
221812405
238101839
1364410842
1329274597
885816277
447475707
18955891
80916493
304434170
533210864
29435492
365535416
24705126
105531612
60896067
1092087300
34231784
74143933
402048293
550085442
25390350
364761686
28818351
833321647
22475991
1204838809
1026781020
1070829493
1285819704
7401202
427375916
35764984
631186337
1227104120
212149324
851811500
14940714
211808263
28822089
31963968
547145561
283103352
66737250
36107577
25680365
531287475
32397331
4212061
624913111
273686840
286750097
99734015
1023897120
588506036
924061034
304543204
31709542
31723557
88697946
20776064
85331879
818053116
26792275
1178437964
92993245
324842841
95238065
80803819
252531143
46671396
46638111
36048418
450128202
822215673812119553
30313925
807095
409486555
325830217
818910970567344128
66369181
2467791
59157393
15007149
108631068
233978509
21114659
375146901
81055599
297100174
1042307696
39764029
1652541
306989200
233612497
19386622
526207866
135562721
23189168
458465164
873777366
442739980
502807130
31210522
422871079
30322601
219768304
118164085
22971087
116732090
1181060828
46665360
57932072
196409507
429313316
219267576
156956367
45818077
735122173
1128962040
14432975
49370357
438355707
1108637306
372755940
32150676
948648084
52992670
1139453720
254446382
60783724
266031327
875062916
96861734
17839398
471741741
399420451
418028983
245434042
18016160
364198635
14118604
28877969
72840952
64441266
251354084
460966881
23937836
471229972
45565446
177179008
377976301
260132760
84289148
376097854
20226248
472830024
19178326
17965523
293538523
37814586
470099591
244197934
329562672
100011309
123109597
63421565
14159148
867351037
355702635
966113328
743060426
891754482
29403048
26719515
38412145
301933967
17006157
939091
214821759
85436197
60327537
172694845
886561375
804597968
32671410
495004140
18633093
20667905
425152354
24250540
49625246
17675072
376819013
22613875
304909941
37665086
373353117
76314210
478469194
269685189
265903306
24264879
31085474
103065157
40482226
859841922
64668831
249677516
483930658
21100803
590152667
262749489
22012466
442775206
74128420
22428439
183063452
272172091
56328067
87951215
518251805
83199512
356063063
159107583
19062199
191849753
845137104
265486447
23500723
456490306
838545979
140932844
56198735
31452966
320679176
62129450
56073394
561994768
32891924
545394515
314635115
61454352
19444677
14235503
92719494
579747564
518867545
108012929
38016658
218804015
21864336
47453114
29509160
529320577
561133636
37174426
16624174
310440934
96951800
14283877
89284278
37631582
72797562
342079423
32482854
228823899
212749949
123528160
217570201
217404729
33852061
46003622
465335936
124418093
395820807
67625357
85545437
634367581
19078925
20555875
25294402
22300646
19901715
25619794
81844094
21905404
761146014
237692012
29178136
601367747
42845459
702505142
55516088
135625150
359922218
478534853
43671722
604422506
353576703
42844817
352578256
44457911
18975916
16017859
23986190
607016620
23084212
196999109
210463171
25346891
49787072
53949942
214049275
573401840
555214206
134221985
41816215
347849896
452896048
305323134
196994616
122994639
28075537
322531105
328563924
53891693
469638160
358104822
390115172
477690211
222818835
113089857
20432556
37630783
425708396
32570563
64489186
28165217
196802368
94147874
155550336
28302063
224156880
377427650
286072305
111636698
28078151
68801651
21357261
550875223
348440186
48070231
538163186
266084123
371238644
21296047
21078664
349704791
431969214
325737888
100798716
237422158
22975747
217217458
499211936
497059481
20165293
197085820
534337093
517410637
266081789
295274758
516653023
14132447
324417600
229137304
249639403
70423313
384530469
65363191
138174242
29428864
122195535
21746816
182852575
30002330
454232244
317034318
221674336
34342871
35888541
502841774
273857959
407634764
30268307
59580884
29343098
30311534
23921403
252673040
35551730
150287867
44207761
78099370
455712665
36028993
116730454
14285785
438626233
246456249
142282484
516577038
509084624
49073990
29716556
19975445
61450363
21179460
38882731
31801713
369395471
26588415
44344421
27207896
39052549
75896448
116697719
17066475
45396246
55175377
367201390
83795099
348733384
112813136
22028192
455709392
102616697
35776770
33467543
25262480
27848098
92962860
68741204
45565440
472830379
147498484
14998206
66762275
48099139
29676058
414121537
246177161
23185890
49394244
511665645
42690697
389337079
75060420
493964569
44478866
28092347
173531646
21643721
23651070
65447476
28110788
84129740
410236677
62266883
61781260
319216129
353664792
31737709
19394188
246816735
41554173
24143353
33497800
45594856
54917900
402952461
172697137
419553326
19067283
352534464
229640435
18970504
21022281
63262403
218063694
491669686
19256979
30324031
14360897
366113519
6592852
291291580
192368120
295262229
66204249
481539254
219758949
216357534
23849809
492157625
488845341
114993807
24863047
26470805
19149820
40723249
307887830
32657414
19784844
134172743
19972884
26022773
392000386
15720635
45810524
239320809
364534938
66485074
20223894
32866277
224365455
40232418
29676819
46232070
48660856
287785714
138855525
152402698
20142758
20839964
188256896
31840286
238945097
43521289
84282572
219327105
29000770
172896557
24154098
34577612
482964295
351650159
132183701
148301172
30241775
17425802
104833679
19529605
34229862
59849977
14912551
47606328
17137628
19674502
361434073
9624742
16813552
16832632
34672923
316125313
251553556
436136820
36048614
132603726
430595346
117029568
18549724
20587233
62442994
25063945
25171315
382836218
245736917
328633452
14365312
31394950
321298972
14277722
27714427
93815641
34979388
7677252
48302295
18213346
37904694
19901366
19898909
23959340
14340875
477548889
18716146
48702842
17673981
26229790
20195297
21982720
18609590
813286
279131939
15848266
102700680
178920668
20861522
422876335
438277443
20374992
271547491
337299890
31409120
19764533
44851079
35501790
39695456
30919482
42730936
22834808
403272223
190551552
28303450
434028979
27845999
418200427
34941106
14340921
29908667
22014140
421125838
47423946
14125317
239561620
47358896
19281401
70760148
39219035
87940686
69632853
5120691
17632830
19708641
386732899
19546211
36027595
67557660
19450673
33902887
394836017
21253940
40722651
53147958
18897831
41813695
350954507
373406331
60891099
47570946
112150185
36307732
418982814
57592947
66664753
18360037
148062520
278305898
74217252
30927768
461179509
31976183
14287018
249635137
37677256
29515339
37034439
36067300
20176513
47974057
66217612
24169740
72270892
62297382
216467546
81905992
25144335
28319583
187113841
117217276
338977684
31356997
32043590
377965251
28416085
236403619
64180716
395839776
304063438
234069311
133738109
36124905
149260039
30834020
17242743
72003820
152413569
32353654
221064199
23292840
291247739
76104557
210522701
19734035
375138992
61505964
18762214
399388284
472956297
93467450
255628022
340453365
35171812
384895540
252274010
18079528
30953009
474240048
30734562
128019357
129098065
459293894
17484984
38819293
47334427
313967726
221822662
241959982
20441820
45845636
41337693
16542861
41814169
221079016
422930706
470928211
29938357
21481430
32020531
55032551
8184422
355998342
19090188
20301193
446218949
465469081
59827474
34981220
387029305
48103010
41383945
393380302
68635663
47134635
364758589
377421079
70665468
227785704
297563562
274423714
455213346
18988667
20839775
16659155
33212240
75757288
474918510
28612787
18551911
16293642
188268799
80792023
27833757
27603445
234818239
14214281
312592010
20936956
259280928
24458702
106428909
23049344
36501920
340577078
22902493
14284780
30505656
23439822
416933364
192517432
324328729
5628242
21391879
250846606
403338207
45878805
202108342
337205474
306872044
112118916
220272083
23418810
260887071
312226340
460278238
53321372
247488242
474834097
25169762
268357486
199751812
474833009
236339134
15895694
63129578
20425675
14712588
25313658
33217838
36634959
18760790
46081160
22988843
46207429
26777387
80895456
277496292
57653188
16557956
36389224
110244016
34357825
39966546
101758086
156580448
46688502
20625292
82325555
47974276
42703204
373890791
396618124
23574285
22415635
221000907
43525582
20796069
