1373958516
957539562062073856
906294173199937536
384572225
45791579
1416517291
1454512707131084803
1192479630701289472
115494614
2180608131
3317609915
317101757
1450906933
1441145910323339272
1265598313593737216
41908037
1181108894409601024
38016658
437373893
153463738
977285638314692610
1341331989769666561
2996731568
14273617
7087422
2670519938
3086692949
31399492
608974536
3179722348
793832719
36362393
722711599367254016
955933670
1270508600457400324
226159916
119344327
102976177
1308366632369217536
944602050
236827326
39332307
1666068997
796522001712168960
1674900966
1222935065543499776
325748325
852852697
1325009929560875008
86383350
1158323174
60896067
54917900
45565440
39599815
2548072274
529385417
847399193878462465
1157551921974132736
103280252
21188740
1086170324775944192
178738098
1658424937
846352226549420034
2863714984
29692369
1294248670993547264
296748793
385881449
1328441146327126022
50079902
2506893350
35720552
1148424811
1163737288679067649
20425675
72675026
776212818
30739418
1241377124
987334723
1311576901518077952
365333975
560965705
214809052
860129059
416486744
882923941
34218311
790836905625747456
455781519
1120350168
844531585143705601
1166762183763615744
2519939785
272507554
806963350643101696
395306456
92740110
112666537
87402180
1021129657482194950
1131483953280495616
382593384
275505184
1206945301203951618
839082941036789760
961184969812008962
3334339865
1229316421
34013960
607016620
1021112065619124226
48815812
113019220
39368560
96724910
1467108175
90354449
50604877
526651741
4284718455
1519675345
68293948
62499092
3131560029
520670946
91994790
3026568364
402748599
39052549
1731175884
87398620
22834808
37174426
4023469463
2973043509
1349219221
14197310
2931004829
2507477406
559667504
1070979968551784448
2399141631
28885223
152945375
68757451
20033561
818053116
37416154
81927608
82343303
1123235392893915138
33638176
81578629
20868447
885794513251434496
135820177
14407392
518338623
1662687974
28092347
28757140
44846191
2812762495
143397784
818159135527227393
177232653
554793321
90855234
4490607807
1929957962
87398107
4831070549
66204249
2764238603
61045071
1234906554
14998206
779057278909554688
26207988
176380362
40198757
19226267
842417431922540545
209016310
176227913
72513495
196292729
625677093
1942679311
493237811
353889124
1479661675
821814254
23774837
79069006
835157413913206785
19901366
2526850586
829105905610391556
54217077
148642486
19389900
202741167
372256469
34112258
318977179
204525639
112871323
2308659371
66685540
19881538
2469328180
4088630932
702592225499291648
197835683
591459541
4018156731
145975356
265903306
2284280579
40215521
2712079471
51473040
59400002
269685189
59686920
34893859
1111799130
158666517
148716118
404003796
65611058
28563147
28305806
17335237
477964537
1061570058
22972898
281098482
14499829
115099953
38146999
14304692
599541873
14118604
14487318
66985635
467704840
95655395
4179613355
157962885
861580997317603329
2299069779
199893073
715796256002547712
39452658
32352209
21423985
18745106
3769956562
26474538
517566043
14341247
196116347
151377115
3307414516
63107218
52662899
21649090
218884515
859518872
1187679788
4000589427
724857631173664768
3684823817
450438608
78537663
1227407131
533222097
1530111522
436538933
406892131
106077757
971018260979298310
20679622
21746816
26214264
81844094
45845636
11348282
1148709864
237260418
39456398
20301193
86154361
756555822533058560
250722978
964072264030474240
169201702
3973601080
971703168492015616
19281034
1379124170
341132281
202983067
2207572973
76588981
1332194846
4209052965
116388856
2412404077
2775267136
31368630
210809473
3393624675
404093446
393325873
2868525504
22988843
19361192
103555738
231118152
87237306
19350045
62574827
396134339
4090654659
4070315325
219304959
756895303
176351205
750511978041470977
247488242
941293032959303680
292820121
393400632
115044695
180704610
66943174
329004156
30183766
192889718
34672923
45565446
966113328
915175551706464256
344767027
34605396
206758971
56331217
78926518
499589950
14700316
17137628
20596281
39511166
171314974
3404025017
33236436
1880776908
247574859
901677504
44983912
1277542093
4449016960
2396088949
2902085253
4023888975
41554173
63262403
18897831
1138355514
23114366
101773656
632165452
915124547996839936
911124975632961537
895214544313876480
273437662
73160509
20210193
21022281
45919516
66664753
34972320
565418442
38842425
1652541
1367531
428333
15012486
14224719
14687587
840198864665772032
156201907
435655715
377563776
1208771636
999240134
2515387286
510280981
372158231
415523449
186410445
81801121
436682476
272477014
248772914
2481844412
385361442
334599876
177518868
26710373
317034318
1432993051
17898461
525260372
63073258
40038478
24880623
965762185
47437359
127218999
794916368734978050
17867748
38632472
51403907
1356910440
1362544471
31405598
333903537
217530764
23798120
419788091
170023589
31343887
107354968
76650413
41397635
27860681
34713362
5988062
742143
69231187
807095
33933259
3108351
14159148
5120691
873304134
2412604330
67931001
30941476
72245600
34285054
214049275
25144335
32357319
38412145
27692462
37876601
32352556
89172908
312882833
338369157
2352786101
630327466
3092735992
806047743789699072
370593604
109525851
203032271
248571921
1713252985
76314210
36334731
25726310
417212147
40230390
216643962
1464668358
42382442
91955956
104501205
239921383
604008591
2537682190
78682735
1354038852
1975003459
43525582
237293370
21476620
794245976282329092
2313007499
766620143032135684
29178136
27062533
1167061771
191754155
21890520
3402615569
54889751
3245279795
74474647
811592755281620996
20611702
1107372186
798531414178365440
2467169979
14588822
478685985
245770187
3404138255
3381366063
1451035015
76377979
886608697
262093470
337793588
4723085773
306164111
2270651757
1207665110
1575937554
3297702209
61150625
1108509721
85883333
106428909
58301239
404234002
24510571
3335540134
2964125903
3001177032
36307732
31499866
352534464
2297754898
29170587
3427849948
351918692
386723720
2485294956
224240042
1691130469
951333086
242491033
965998268
42857269
277496292
301942559
52566588
1248411960
1076088475
20195297
2913912754
3231460893
214441912
500753985
538274502
2335961681
73101257
63421565
20504947
74128420
22475991
20667905
56328067
28334899
34231784
20433173
22012466
132506283
140392065
36025548
24177970
385038970
42460799
55516088
554466061
255406282
3305796659
33503302
74217252
368540506
1513410282
156582871
3403106056
2966842425
3028261660
479555667
1209885012
183166466
3217015012
2851279402
3304862067
181982197
356724156
22608196
124450255
20707143
60285528
74761932
55388335
322069900
126256491
3114953800
3007449694
14426025
3004135006
453303839
534361798
400090800
1324175449
1934579060
2264840661
2850756976
2867190837
1363032265
2865797375
261427535
606448747
192332704
2477962855
9720292
55307307
2865919455
2865753411
1076581284
71643224
40714381
123003191
44941300
1318490136
80848887
359573726
44588224
1190182783
13473072
75256046
27000632
78326026
359532790
456490306
180229242
487573225
82299404
27045118
235122324
20433896
39054420
82617553
18609590
221822662
867016915
2310295012
1112707694
1278430784
576636673
125032687
615044048
20778180
26554415
1329038221
931740456
17929243
456469245
2411315467
1391542884
2156936977
553408981
590229061
319072924
80668551
64385966
21393069
96861734
34696385
90116669
1089428802
495041819
22638711
2267324969
480812451
425708396
90831443
354025505
113147061
202358449
2301757007
1347617761
2173943252
1238814224
421368016
27207896
112813136
36330373
361855290
31097949
46338044
28818351
210807672
69273072
19975445
211808263
22028192
33483219
31109465
49073990
31386412
42844817
1488840763
112981132
225849977
33885551
19337187
181130452
468780541
18377085
35501980
19017582
499182748
63175736
569857807
1236828967
1878721232
228663792
22604909
1184166451
247269936
1328811643
490572269
552694850
121704404
440209308
234077687
736534015
38265914
427537521
573625441
1937511163
952454018
221786565
1853778078
378433833
493255302
216789562
932148577
64522546
1961607920
857685373
1344713269
531063685
183225266
610794680
1362242096
604486877
90269251
411052847
30767393
1513333748
19813523
1894480675
476063838
32360844
1166636564
70372722
205226475
137678609
26979187
1083987980
1874147450
65039753
537980101
923679078
792605850
1867716644
21525504
14698968
1708897405
431781824
1551481968
102158346
437803905
148112377
260308246
74143933
28957526
230864549
160676165
524466898
74722122
56181258
361476354
218781670
26512324
307478086
34580764
415866479
479341887
498741149
1332360120
1387271396
851705168
1662865374
375283933
18292862
515431540
561171789
78864889
37665779
1412455375
53367893
294556162
1315206667
216288282
55168497
76588499
182362505
1103808170
33467543
580839095
75344863
1343626620
1073164934
187441247
20676292
577249224
136184787
1450972664
42084636
48980951
899800400
256902793
279250117
507541495
39974570
1416056570
1421515068
1198189740
792371046
511735749
153396404
1103749050
1286688722
95605924
1181561850
529472395
29040562
51323199
924875222
223812019
196569190
540975940
276010468
225950399
913291796
27837029
14154562
302563512
929412942
561497401
1323173095
1319973726
1093328550
21648257
1178437964
952592922
86577305
454423595
412996102
953284214
314081431
278787680
506249897
1175290382
1062955753
83839799
334852211
1201661238
1195410072
1174572961
490191091
31087291
1089238542
17813010
860378791
17066475
23104499
491297741
895029930
24263348
24441893
310404958
26850290
356740432
1125144056
72814742
33307967
380932103
208053246
26229790
20223894
479442225
899364038
1058955836
43296812
464579270
31662242
136029854
409185521
240462845
524799074
91346968
72292202
110244016
27845999
33609198
323106443
20688689
14417779
115003484
506536523
34562193
347853730
864391304
71000082
465912646
62040304
346001892
387752233
19764533
1005990247
851734532
24583512
29715510
19237550
246298038
72840952
32867036
868653529
865365792
42843759
341564433
923469349
70350949
618152442
23115403
210879501
352230918
431549520
18773541
221064860
394247646
37904694
135173461
276032287
588174156
506492095
204832963
958421750
926188446
21864336
512302912
18627984
403973682
529334746
870023551
361852315
66489387
626277494
35183264
859152523
938834965
33888817
937300766
145650504
349970652
838176253
920204569
20479813
36179458
398606542
49738893
531720459
264322700
34211891
142326694
39091525
901792998
22907043
103298704
122072637
15945016
340393077
64148350
747854977
83585393
14291504
591930386
25966747
38643436
19967593
28533825
411847231
183691232
532092171
477643223
181525668
370103895
38844838
808975572
865181844
463006120
25657836
14224622
38421714
81837587
404124016
463816245
172054878
19904252
470981143
304418525
524216210
230457924
38260259
25295208
175357776
19236875
48702842
46081160
36028993
39966546
266111353
34229862
338651001
403636945
31085474
20238626
228694077
16542861
14332159
76292859
22415635
48713549
279131939
473914976
466408137
629155400
467720558
452154813
463010955
44850238
599097549
55528242
25488220
64366720
14114267
108077269
853566516
329621739
103857510
14294610
112428297
28166942
179050190
344943641
382598137
149144947
138231075
612664952
266698643
240732751
555878352
37880184
15644592
252573908
275145398
487683136
466875738
360038685
308356624
106183794
338209422
174163998
482846979
485209247
34585876
516434289
527719941
304944003
462959161
18264009
240620349
746480492
394763665
188256896
27061402
197567577
22014140
36301348
32480935
282976656
140118545
385409110
733575344
62156156
270092321
102470995
463193929
708635004
585938482
45614100
55541718
14274835
83228606
134559680
246177161
18760790
47489712
7027112
214592598
18016543
190356168
48746286
437682855
582663428
373890791
38451208
56658386
20582802
309674016
569074582
436066479
574631982
323099778
42625724
19977718
18955891
61142736
29928571
71813915
242653461
332344488
328445838
383389032
42100413
39505274
293113971
17230800
30077419
535504407
229706904
79980088
259264349
26451038
428914113
180505807
480499599
127883190
19704302
418958990
138891002
69334420
20050087
46876341
215694505
438759291
33626636
389941495
31898483
49608424
19661294
21224605
68939643
207995483
194505625
16718406
268510111
239375042
69382909
469605955
57016932
183201869
87286574
551101023
37615968
95590407
42902605
98394664
93939156
528290379
240212408
489474171
122011829
538069017
341100644
47375017
19673700
14755492
20609518
13201312
15862891
17471979
50393960
20536157
371715518
433682977
415679830
38327156
390856590
75742264
337825216
466480581
425752806
32340023
271075632
284458532
464173574
45645330
176926273
18863815
363352400
27008101
233544676
35379062
34603535
489609342
346432821
57616472
52551600
62513246
43662896
223194178
48712470
184910040
53955143
41073160
307272237
389684617
238990642
72038776
258740364
41439954
464562162
30042013
366204899
28692401
58427077
42741077
32910784
60363730
118197989
423470022
56517028
813286
122072320
22989255
20976857
35246361
123020110
28101138
33008891
35462739
209059330
19067283
28103763
18020127
29182664
44577324
14340921
28436799
305788013
19827241
18610189
18628277
3796501
26818369
19902938
53951960
34941106
34898791
45594856
252753618
16432083
52718337
14237373
14340875
20659166
27834369
63442375
23434430
59222464
62266883
759251
16801904
23849809
40482226
61724625
16557956
36423190
21695947
41337693
93247303
267403905
14997025
58511405
20934285
259379883
142282484
342861306
112714402
329046585
40935476
28313338
310438027
353664792
332196861
358382685
10451602
66987835
160817572
440175885
74418848
184485805
82325555
463005332
26719548
20144046
14349636
96993423
21391879
381502681
21846143
239063731
18716146
479739647
453338587
77982733
22920732
516671992
36378384
27844742
35834118
17650380
36124905
34599188
130265635
280925842
36041901
112667725
477920637
36015085
425114628
328139963
18213346
38405053
285332860
783214
322596516
81605238
196749708
55496543
45531571
487708461
34703909
258471477
92253146
308565504
146390348
18462205
310120071
347268497
22372092
339009243
477024034
83366706
82176038
41325780
63129578
238988950
200261662
26507167
20796069
330663981
371939579
455825753
462749896
