88387895
1082664124021178368
41368484
298425835
3185933105
838111239750447104
90490049
822215679726100480
19584064
279131939
34672923
27068569
63129578
4216927337
81154009
3176081885
815275524
25313658
20301193
19901715
3258412097
52668925
2346469263
307821261
76008218
331013392
18097308
1229648221
342836856
2873723364
3247493613
576226042
1101181506
70460594
20675372
210604625
3207380837
112813136
135462216
515484736
25049947
3306382221
1362907921
3254286087
517571655
121885796
813286
122072320
41312208
2264840661
37174426
596809547
22834808
16542861
16557956
41337693
22415635
34941106
2457392205
20796069
19077517
33307967
27438286
202203320
113325957
31801713
81381193
417852783
