14420761
33208145
1422582040122339336
463261755
33216828
99583383
1574737225
25966747
1103098227568664578
39966546
1414494862204936196
18776278
73886458
464958912
729260931293822977
473898383
1023608387676893186
3129578428
374922683
327839316
1292585906
2999964017
222818835
775015906212741120
1402969559896821762
3021350613
433608736
1435262418
24689871
15848266
341686957
1389595729627340810
167040021
860129059
1316289968164286464
1270508600457400324
1222935065543499776
960241982735036417
778664461288763392
467482777
837766753849655296
42630696
42741077
74418848
63132954
31898483
776495687802429440
2652695133
971703168492015616
1096727409896894464
56662593
58444237
2160656056
38412145
223216900
617430060
603775254
1346506400252518400
1347909074285961219
893991036
112958474
43715847
3125033591
1148709864
72292202
223194178
93879508
464202341
2159781569
102390704
395232941
36378384
19977718
46688502
228153272
35997388
610795846
1154364619
53367893
4823566654
2228363243
68293948
207983525
2769579078
2849526279
481499412
1159082787317735425
1030405262224572416
2292121095
1164065309772451840
394285376
3801740296
1162170800847409152
56044169
1382215398
519885607
271094740
34013960
53726017
918901868
56331217
28885223
464725008
1722670962
55337743
1231279201
31499866
37889285
2842554298
45565440
2501914774
33626636
28957526
39314252
248613788
218447152
267996354
66217612
3001265307
751341165081980928
862908228
2370480205
787763208
1121737677970255872
45919516
21022281
577118931
393565805
340597481
66685540
23798120
1519675345
19093789
1346784234
135173461
1362544471
138551045
329046585
431549520
404981052
10451602
20976857
76010333
3312303430
32671410
28361716
27021630
34342871
19042668
135917823
2395935036
87934425
75996103
837276725478305792
884539826
1361223512
631923595
1733099653
19077517
612972910
1114259463178006529
34223270
304887658
1356910440
72245600
437373893
1070979968551784448
14417779
135820177
60896067
90848755
66664753
352534464
37182603
467427906
110992110
2957224377
794142722391207936
143397784
1842334093
1382743280
333903537
29273536
39581053
18387289
21423985
30241775
33217838
18907026
20585218
532576506
27438286
1129236186
14332159
38842425
21188337
2310507417
1672943119
2435401309
1456811443
132855687
3973601080
56125230
23084212
51403907
63118794
21574473
28822089
1039725918
813286
106846483
86918290
258471477
366113519
19867810
21078664
27716729
1107372186
96131483
99729727
373274929
47892260
2458072772
187133099
208851005
2279386694
500041790
2893104329
743723456777191424
25480395
212487301
199287699
84397142
353655566
64693784
18570068
49412025
33483952
107492505
314040516
283945918
250705657
68775497
296326690
1336127676
18046947
319660454
2467762387
543352994
472784395
248116126
4902651136
128220859
18016823
196999109
23189168
35888541
57932072
873304134
471837649
114710545
1226039742
836301836
2966028785
756881286
307776899
50604877
82825318
112813136
632165452
200097586
42690697
349262757
474833009
211129938
128037887
898402652
14130966
2373521884
306331122
59788326
951333086
96861734
428080755
155014550
24974764
755267682
715600740
240620349
39974570
33008891
29928571
27317182
70622550
2359597711
68352710
2414145584
49570820
317337150
14237373
515431540
198633369
376207031
96327394
45798161
28303450
41554173
40049680
47423946
24426957
34050300
40935476
19901366
36510958
34601836
31386412
452896048
4216927337
575252095
28971528
17960141
707991528208207876
45321236
44320971
72797562
4179613355
70953641
2412894256
723208738450993158
19975445
22028192
81650053
320207836
392927696
28818351
20934285
33483219
20223894
74217252
36028993
14340921
20008618
138376196
142282484
2352243527
182777714
38421714
37876601
32352556
89172908
25295208
115441879
34898791
463292755
121420979
482353209
216796248
186395566
90448119
101727020
24531620
44317501
32535843
37665779
30759351
317101757
112871323
243206115
199767329
819168234
319228928
37168047
142613436
245343244
33610589
165534844
81578629
21846143
82325555
46081160
18609590
33236436
221822662
59548897
45565446
20868447
19764533
86154361
17685876
18292862
16718406
14349636
20329566
20144046
34599188
55496543
26719548
14997025
21695947
16432083
33467543
48713549
106428909
241490028
30183766
30662875
33885551
230457924
373258149
74778874
103555738
764124031
95640962
93247303
122072320
612538931
72650927
70898910
51900256
28075839
94538562
41777935
45667669
254545609
23937836
822215679726100480
1536791610
255628022
2365960728
27082826
494429348
61781451
2883782007
489471387
47582349
19280513
1023885056
1045173938
4068610877
716466390
437997027
248637894
1886000492
1412400805
1930238052
614583372
28090915
68681070
1248561210
510931885
253206052
348944750
337690989
38840072
1655940793
29162214
891784160
311974150
550995727
426515141
109374678
49068924
346123314
374403514
41636619
59070658
861627228
242491033
40938591
1706937212
543500550
65044396
2467484388
828711744
3260668613
96739804
1356424658
3844259681
3310845281
3432628019
3832690133
1389336728
292787749
2772619142
742639676
101773656
762601841549017088
1860337543
1907840868
430233250
717337262007140352
1698834463
2404433921
4702073725
409144865
727235377854070784
728317010489315328
24890121
725024719414681601
852524497
28757140
55027493
164282355
706133409614139393
286422646
40936532
1091642166
3707177055
730745780
913018310
58913606
2885198767
62574827
33187527
3307939181
18377085
4846129847
339055436
41312208
149410514
176381744
3149333067
3989709412
1875018320
781384722
248772914
901677504
253630753
3019411025
2401898365
636535064
18761782
60021698
454191471
2197989887
400904397
27405283
36775945
461105934
28148610
216883346
3189056868
3293690052
606448747
211475606
15895694
1677856064
514591995
1702622119
38397088
229018451
96015722
74540802
48316960
176355998
293950010
39026205
38260259
2404437771
112714402
121127724
333290214
31511564
14282565
373000572
66987835
338008925
74143933
351650159
246177161
47453114
246816735
45845636
18897831
36307732
355702635
63155239
27207896
40714381
1239528128
2528694436
3247493613
153758747
76292859
61724625
49073990
433635563
26588415
18716146
45594856
17813010
17650380
459714637
199670339
473914976
63129578
63429334
611949939
68352264
275013845
1204838809
23574285
39456398
32866277
29716556
14340875
18760790
24154098
41112318
217217458
65447476
37677256
34357825
37416154
20176513
34285054
21746816
25144335
22988843
20301193
1178437964
573535964
404354070
21179460
48853524
33502071
16813552
19188289
29908667
76873366
707927607
3308567212
535777996
1669736581
20064921
371116812
14665509
25313658
20425675
495004140
38882731
23185890
577472022
2336438769
22300646
19901715
279131939
14617551
26837025
47974057
17066475
62266883
44851079
22014140
34941106
7677252
14287018
16542861
459275242
32657414
122195535
33497800
21905404
425708396
26719515
22415635
214049275
19529605
34672923
21391879
81844094
23320712
95238065
6592852
421125838
250539349
16388996
66737250
45115396
275461876
25498771
220736809
23849809
261750054
247488242
409420607
43084246
945514393
914293746
455709392
243251250
32660698
294015472
61450363
20839964
369395471
25294402
472017136
14284271
86577305
36067300
26850290
40934788
918785168
19179740
20659166
19784844
28094274
44333057
46099447
49462894
52011246
42844817
58733876
32129282
14284305
14365312
32482854
24169740
43319571
41337693
20796069
16557956
20142758
24143353
18016691
