196604445
1414494862204936196
320679176
217217458
102390704
221812405
42212205
1691445204
19583545
14118604
1875018320
18897831
41554173
53425446
35890178
28303450
2978119762
337332303
14420387
59569015
31499866
45919516
66664753
34972320
33609198
37677256
775042513522552835
125960653
65363191
32991016
1464466166
1033374143461425152
3223426134
515431540
38260259
25346891
522040889
90354449
560669277
2795386644
561345191
3410122983
20796069
932376493703024640
920404126957232128
17006157
20611702
17066475
19764533
17650380
516671992
16303106
22014140
18760790
14075928
792605850
50393960
18716146
22660254
29442313
33892809
373890791
42844817
29908667
291291580
146422421
2346469263
2251977161
20675372
21695947
221822662
62266883
2586727863
25313658
366113519
21905404
32657414
1267452992
602750109
2776087388
847545051039268868
846638428104130561
42690697
24531620
19867810
2464733534
23320712
26719515
23185890
357654973
2705998034
23574285
24154098
33502071
800703395845636096
14365312
606448747
47453114
122195535
1575937554
16557956
21746816
41337693
22415635
34941106
1426289635
307821261
61720621
26708613
63418833
19058613
84343337
29435492
135917823
18334306
81154009
4216927337
2784479844
35736111
376753962
32866277
3207380837
2417118350
923679078
340888695
36389224
352534464
776659523817857024
1643395184
747566694
3023717279
815208075292528645
14360897
239928211
25977779
425708396
3009953967
1342720586
1698834463
3173405505
16432083
41312208
28232768
2477906185
7677252
63129578
833363700
739364313475977216
41335076
279131939
45565440
701742344421437440
34728316
14125317
283452616
246177161
16542861
1093090866
2545609297
27068569
72277469
3247493613
216776631
241959982
39966546
421125838
78335345
606283016
19584064
725925007
2180532753
30934541
26200144
1669736581
372792343
34672923
2766008221
704298873959882752
21864336
22011813
34285054
202741167
30177869
27844742
304331315
19646280
19901715
811820179
456490306
142282484
15895694
349872308
19975445
2219254012
552236475
2787896839
2414145584
314635115
30287258
