1120633726478823425
90354449
282532238
2605255273
18186419
516671992
18554686
174178926
4216927337
619863166
2310502713
2966028785
62092544
4724782641
415701368
221812405
1414494862204936196
394060363
885444640127823873
296159942
21648257
19389900
1125479276336308225
32344564
827799606
34058174
216883346
766620143032135684
2764297421
927599375026671619
4155492063
783792992
340577078
1083105254928011266
872837084926627843
2180608131
3445004655
932927287
1192479630701289472
27903991
381502681
1085497340583165952
1048924999678083079
1224171498
65638654
124280207
2715434333
3294171827
27877065
138203134
271094740
1420264670
21393069
722711599367254016
1462976336
26474538
873304134
18716146
560669277
45594856
750511978041470977
26979187
78706973
247561511
793865526
34231784
33609198
14340921
1736947406
20868447
45565446
113593247
551730401
20279163
42843759
388815555
3430882365
26879208
117777690
2865544419
37722894
1330959913
23822793
48452487
22011813
21022281
42213583
312882833
538482752
215448057
3242094437
41785808
2718334706
551779334
28786884
3182718009
247185936
813286
36028993
41554173
30941476
411498136
304615761
2982822412
1880776908
262191989
4820618833
40936532
21035347
970207298
14125317
14487318
396134339
14332159
10451602
36747640
18760790
279131939
2772619142
22363451
53949942
3308954619
16432083
20796069
109591967
17756047
41337693
21399489
15932227
14584834
215993689
36041901
216776631
29442313
70953641
596422929
16831793
63451448
33885891
1896738200
68413635
3609098973
16557956
18609590
19256979
89484734
1167061771
2341253739
32657414
869606803
14402173
20366788
14279103
19078925
19450673
1156879704
1450893258
2789595010
14114267
280444580
259712905
86180543
15027331
64830948
19151976
35736111
45430410
73498220
221064860
111702288
2180532753
19234278
229640435
23418810
132135349
804597968
26208557
65621871
220971456
3410122983
19297030
234132789
282229433
34903415
14283756
124690469
23937836
28361716
3310072072
366058034
1460642443
92965412
122072320
317991276
422500531
255933118
20140230
223442298
420229699
1198189740
241959982
140878985
37904694
469720807
34573200
467397015
194225757
74143933
21301081
233980905
372212654
33160558
1497688436
3182698983
2461734589
929964096
20701231
35587592
71456208
20233660
89700115
214049275
56783320
28161435
1450680715
193611372
520658632
2345094797
18387289
474220427
3074877131
915532897
51200901
406892131
82163523
180505807
482307888
14659667
2489138732
340357856
246816735
74418848
372748925
19529605
82825318
24891866
236162205
17482669
2992831042
2770742737
24913773
23849809
43671722
35877137
56160258
15015340
497641923
40340459
58849343
102390704
38624201
1037031822
32844394
1157078581
34229862
513023167
36440078
48302295
217119115
33152235
21695947
217520524
254529538
555289000
2219254012
218884515
74703373
293430103
69835350
2437527239
2872106428
196409507
35795414
574530642
2834949994
17183233
1685165665
14291922
1057312441
14407392
24085491
307776899
28319144
2855343141
22475991
756881286
20301193
32671410
50604877
632165452
112813136
84639315
56199360
905595618
381455451
1544979817
26977269
122057224
81920194
468159624
33033900
420464033
71526098
1178437964
81578629
227013679
818053116
2279424897
78099370
119879630
487486212
116697719
837823800
960775387
561110484
2380602246
599153665
19042668
2647503608
857685373
317034318
2712079471
46081160
48702842
374473407
18377085
45919516
42468279
31821927
2264840661
60891099
1875018320
323103577
2447034603
70764123
338456775
14118604
243251250
2279086547
63129578
149955780
407186117
57592947
16982389
258026952
205858510
462208067
284531672
72840952
19188289
20853361
20555875
64366720
27062533
51844948
27912314
29047131
553717026
435738404
19918603
15916841
1582853809
951333086
33166646
2425456266
45341186
238113873
127871320
69059420
119412644
18381317
524799074
2369245121
1706528556
21296047
177177776
39743376
252800692
341725644
768179443
230547000
1129039813
20329693
47285109
125950855
34218423
44344421
2178826328
33852061
244983461
28535253
39063674
45810524
53367893
330987867
47317899
14291842
430180591
36027595
74778874
1934108610
173785451
65350314
1728936764
81927608
1468302512
17673981
1129236186
1340224394
111554559
1683115626
2306042956
38842425
747854977
17066475
223856272
36307732
403272223
2291403408
27714681
226624229
17471820
39738562
33954545
14419378
22014140
21423985
19764533
23651070
209479569
346023707
21030513
68741204
319216129
34334830
231118152
14291120
219093490
466696784
14906581
369395471
76884233
116449407
56326379
19067283
16813552
1454248783
38282491
136343710
42878810
21486695
118415180
14310788
21863942
48713549
206452431
14291504
307456888
1479378968
41896037
23700852
452896048
63262403
278925644
21752569
62522258
273437662
462164214
47606328
113002313
153220375
67686681
47453114
373890791
34672923
345902145
237669589
36015085
27603445
27405283
42854868
24010664
57602886
25962645
520393138
94721506
19077517
14283877
70372722
58469412
14420387
25171315
30873513
32149336
252274010
31499866
589158587
599279253
28334899
365931694
34601836
32352209
14131410
19119226
37034439
172697137
14687587
14277275
29495546
30952976
146422421
14340875
21645552
27704856
62060746
421125838
18714976
340401330
67557660
352534464
18897831
324844301
14552909
21391879
110244016
23606104
28099901
355702635
84538257
390856590
31518766
436515416
19319985
66664753
32660698
26287322
138376196
25313658
67299508
292904816
18669139
19062821
14417779
19762987
46688502
33217838
63132954
29676819
113129471
49073990
22415635
28110788
93925798
87398620
41368771
38260259
20191034
18628277
19734035
28130504
14286387
14284273
40049680
34941106
81381193
30241775
34357825
20176513
9695912
29908667
22988843
29294824
61481011
82325555
75231971
66985635
64735000
17685876
31736549
39052549
61735082
28303450
47423946
34972320
39960111
17183306
15017575
11518832
23694893
31150189
39966546
31111153
41813695
19704794
37174426
76627407
34922204
20837391
20611702
20329355
22638711
20479813
35789212
28957526
46408319
20329566
26470805
