2280909989
28965523
2889195717
2914509934
2898411076
2916372850
2965716003
2719123743
2999558261
2991760805
3024582076
3011223126
3073779378
2379405302
70665468
2869606114
2398597992
3201593680
1907071117
3189686985
2195398155
479330647
533078434
462246830
2695042250
1975003459
2710600032
252800692
23975060
22012466
1434251
11178902
15101278
1691130469
505904075
63950499
757216850
25768221
32352556
41151010
204478853
157907219
54917900
65611058
85822252
27259029
189051125
20934285
216448026
41793828
38769939
34708369
62523083
276172272
231793478
246298038
25926186
307306463
486785562
481053148
311626781
529665052
912566684
50269720
19224733
20432556
63266077
84796534
18948340
1397661872
14687162
229640435
65612753
177518868
40061433
735780246
503245246
299269647
96748114
25817863
40869450
34928067
156194729
21423985
1685812314
230864549
40536914
363282607
28094255
18949452
209479569
31439248
311888797
132099735
398821093
1166829439
48702842
565536637
34247106
1670197388
524428922
261840015
14894302
813385664
22194908
14830189
22604909
186032151
493131353
1609045435
35515455
525514579
142613436
107762215
1416056570
20140230
983400180
204525639
74143933
1380338881
34355018
15973392
14291504
931740456
1196497765
910573772
299035584
18671230
363191946
1269558289
86101510
75344863
108915816
308951608
1313453989
240582574
1169711005
467720558
821805505
242086029
44881245
30911668
860147431
47375550
217530764
45315024
410596838
108077269
375888642
34556256
64815890
1156265712
18864959
76450358
60889124
1196581969
20441820
437346867
47140741
813449052
611018042
74217252
325136526
122011829
797023778
195322707
1007279654
1124940020
1157003299
64366720
36378384
31101381
5988062
821582762
403665147
1140400790
531531833
33307967
82353528
66796168
63451448
1005990247
46746424
34050300
9695912
32352209
14998206
201690715
33593521
38624201
16017859
20223894
493131991
295876501
18443986
270347262
901696081
28092347
18988667
61429870
47606328
60896067
121183730
84709356
52554660
33008891
29045982
135425601
943609530
964756189
79987802
1097794657
1097580968
18970504
1068011426
456508307
14617551
20008618
20853361
418931465
1032862448
77795018
23651070
28304157
313845197
10451602
19319985
74418848
38638278
33832676
19962261
31499866
31367759
51223521
44207761
16777566
21866798
1019443562
36423190
28726577
33988509
503283260
1001637103
46688502
17187058
17425802
203047673
19405748
23580389
56076492
407952439
623149189
30203462
426116557
320829399
356398393
18955891
936850512
26720210
73618377
196994616
24509661
18934005
42854868
191066432
45565440
236839814
41090452
33173363
21759024
18377085
977260369
19962340
42843759
217774068
218482249
20667905
22907043
857664734
980061770
140423271
59083291
61215679
108593346
241636550
923469349
394247646
838596038
142199485
14332159
19125743
951135756
582663428
574795685
425752806
415679830
14274835
386794203
401585184
481096876
19769863
57653188
33885551
35612924
65907870
338049872
319228928
19450673
411847231
500885877
37630783
40935476
63838500
461116121
40872548
122072320
38870922
21689226
38643660
18633093
18714976
34575407
21022281
28148610
27704856
90848755
580896972
6592852
15446126
38625054
179465715
107821135
23582636
22049212
55047054
17675609
70987513
4384251
20662498
163411702
813286
14287712
24950478
37231899
36188296
30323439
44317501
77041321
102066481
26214264
41544679
35289115
108693690
32351643
15100833
93469680
228694077
66433571
19157451
32467248
225341716
182081797
217906148
38646590
20974015
28806730
45342108
67707084
252216046
19234869
158351997
35874538
31690214
14303703
180392912
257908807
252065629
52328301
64697682
37921321
276493304
250435513
34222774
37193436
85640142
260821774
14687587
69056665
41597644
333527792
291305246
114042360
293438817
42826539
317240118
261632571
28064296
293421277
64004084
202971486
282964464
33505076
25416669
132255549
292561635
332196861
25861301
25650703
42065233
340238809
24119198
219590870
28997082
30941476
74401155
448957061
428854213
396618124
53949942
25996040
421072118
18549724
30927768
133738109
20431436
45919516
74225493
470160047
471084733
419093441
49774380
55189997
23785168
485686519
190340244
15027785
466268040
482971150
509374404
89484734
499211936
529472395
39488289
317101757
43674570
127074628
20889472
387776974
19622120
19361192
322531105
392548533
201182471
309559389
613362589
247251231
117834105
36059230
31397933
607586872
218884515
43071761
575172871
409367244
103280252
141709158
349027726
90534982
151593788
103539282
269882924
34246864
45573406
212226645
17673981
20583062
40520712
19708641
135101111
717610795
739198430
169201702
26719548
475999502
847413757
496989250
867833863
411791624
141744721
559396889
732346982
883921728
57696728
364456519
316563842
34888013
59447358
912959443
45425587
201641845
401613697
403627091
41491478
18955836
233511339
472620321
100565461
31399417
18610189
844237640
908615090
481173796
569526648
27002910
28101138
22172506
75060420
47317899
19234278
381502681
31386412
36028993
22363451
20301193
30923509
101758086
23480387
14997025
101727020
26229790
420951546
839847986
34656014
33892809
14214281
36039059
21588799
292904816
60891099
32535843
23849809
81578629
14763346
19414413
264322700
103857510
31687026
573643334
18264009
34601836
266111353
354516475
14237373
28965585
66664753
28110788
15895694
25966747
14277722
236829256
110994325
29928571
17482669
65313321
28103763
39478117
163782649
108417952
93899982
85579854
18016543
34672923
19067283
92485382
38282491
491140593
46938052
47326041
14659667
314698088
27105229
17189741
28399321
347690726
361483018
19179740
15027331
400864184
330544213
50055701
442158730
403272223
455709392
473914976
390856590
338651001
47453114
14224622
119753058
21072040
310120071
27844742
156760472
212149324
478553827
134221985
45877859
733751245
71294756
19709510
17919393
31526298
92043674
236108456
260132760
17873227
746943120
31402588
793612279
819487748
320679176
35182104
210809473
34703909
17113249
14114267
422901718
44098080
31075966
101011258
30505656
56205431
45810524
25262480
23937836
385978534
14340875
17813010
59548897
20195297
20868447
21645552
38260259
20145056
6012852
22920732
47974057
40482226
304906565
35720552
34910028
106428909
58737118
14402173
516671992
292808173
18213346
431483642
14418912
49073990
34229862
232881556
40714381
19901366
82325555
37904694
34898791
27848098
42844817
48713549
22415635
41554173
22613875
14125317
55204617
414179175
90448119
61250638
44865727
26065765
484146044
27317182
36041901
352534464
21695947
48302295
16813552
43296812
18897831
41337693
116697719
267403905
39219035
454191471
14340921
45594856
18669139
24426957
61724625
63262403
39966546
45565446
76292859
26588415
373890791
28303450
436515416
37665779
46644261
221822662
512447810
7027112
42741077
36027595
20671944
22014140
20437900
19188289
19256979
65142510
28313338
140394260
211527030
71492397
22356192
42625724
135447842
27716729
16745097
142282484
138376196
36006119
19764533
77982733
19236875
33236436
27746541
33467543
46106058
98873754
32542763
384786873
16432083
20796069
63129578
241959982
16718406
20210193
18609590
36307732
30873513
21393770
46081160
136029854
