384848802
296159942
1518888547
1488497635690430468
743802157732864000
626637603
217530764
1494802105584046083
44714439
34656014
18475198
33609198
52397710
25129391
1628668224
99515710
33307967
31662242
728743549
63425851
28757140
707511117417947136
66681098
4114674712
37677256
388815555
32535843
489479693
2723308582
3308599215
462751333
167344031
307456888
21805544
14218692
214809052
67323889
1210303910944137222
23937836
1315608195776352263
32816797
32632867
27438286
337332303
986599884341080066
143061537
60896067
1338866706010140674
1071398514389909504
1178928221158547457
170661467
1196527020680896512
50303955
26837025
40505648
457823088
500870066
537052993
1617493670
605490628
1972948940
219416031
14360050
381430471
228791637
529334746
67557660
2615899284
1298143366866141184
29182651
211808263
25295208
20934285
20776064
33483219
74217252
20223894
36028993
14230524
872343314149855236
1349149096909668363
72814742
31689568
360767056
193207281
90855234
33852061
37509434
803694179079458816
25365536
226222147
2326177498
21423985
20679622
138203134
939091
96724910
66664753
816993776
14349636
1029415540694179841
82455213
1866997843
409486555
813286
216776631
29442313
1339835893
970207298
34310801
357606935
838033909
37468448
28529735
25504185
34575407
18680691
22014140
14340875
14349782
25158534
18319850
1082194397788360704
20868447
14997025
21695947
19764533
21853001
17776788
