2911618371
952979159738933248
98212710
20627309
835489910333243393
183553683
18796362
20623060
18762124
605291007
28957526
1127826775
824248439647141889
15402649
720629123870302208
24557183
119786274
224947053
36027595
1091565582
25605893
145539086
2890820506
3323796981
3305033471
34889570
228382135
822964671305121792
44196397
310711774
62302675
408115278
1503343770
896179355176628225
742419144210059264
1464466166
722711599367254016
19018191
733712478899703809
102767510
33892809
42401822
387806951
422628082
248664124
874581773430272000
249245816
2382436965
29442313
41388007
38679979
259402505
438379241
2521337298
501110143
217173788
2420646557
41570811
31189481
3814908675
189492004
309334506
1354354296
348451340
205224780
116242569
779416353019203584
18293645
511707320
576161383
1574775499
917722680
1004557423
749444851
137255314
1071311684
4135398260
26214264
410731663
3408460215
1695844158
1962539809
239123272
2344763217
2462998508
122318779
825012322112376832
37416154
211137828
724680111065313280
831213004792397825
830034222953922560
25262480
49370357
433123257
42844683
322531105
827927831648825344
2540514823
1580243858
492287960
1107372186
824159866646396928
2613246072
2304544134
606227271
376173916
3060165490
1175614465
278030604
819180759651155968
103280252
563046788
814388687295410177
1087176427
34575407
17230800
288367607
96000468
610994783
624650855
720591283211870208
14368182
23831517
478553827
757639238
805513937492070400
142706782
805675535112306689
1277542093
71768570
804678572870930432
394319239
385285700
32535843
525184347
21905404
30759351
33497800
488532267
81844094
3645415702
20301193
841988984
900418260
789151208200085504
714123128243404801
3419927662
740169927060000769
15482049
23320712
26719515
32671410
20176513
33217838
34357825
23185890
873304134
30241775
33236436
28361716
704249958338265088
39046100
19594368
14365312
749630904335798273
50632994
14687587
214049275
156944270
63129578
279131939
20679622
34898791
744449866806460416
2171201567
742258279372460032
260870755
738061892002971648
458564596
864365041
828773456
707511117417947136
18732505
4589780536
506241203
2173021144
9786032
47876756
725978928511369216
471210824
719191983491837952
624580847
715607853277569025
112728952
572609848
36038368
95982652
47274696
4892049405
74424673
117859085
425152354
631923595
159158744
25734582
20979525
920070829
4427157566
25055575
40901791
387029305
231697261
969145476
42605154
1635939260
20582635
132516923
2536690125
341964619
115951958
22067123
312788491
1670204485
2438405739
845206747
50466432
2155418106
3000372784
4209052965
237266653
4552487795
4859847243
4865170881
2874173163
33830895
20858086
3289302503
4723085773
15156797
574517928
430685385
3908996909
198294983
421125838
30468565
291212261
2317558679
55857123
332553013
3079733085
3844226195
340065319
56913978
41355044
3005768578
2389662540
2857031384
172856017
94210419
71531727
489648507
592238805
800220115
3237493800
4011142995
533216507
3208346663
122017599
1734755736
116157087
813275160
149444487
20503192
244873706
246706678
81397144
3175750240
69549168
23606104
48536494
64995313
3003078412
84298292
396010685
269992892
3910308863
3234265778
32191750
547704810
42143633
293651576
24504364
2148623089
344714782
74806770
70665468
3082266894
48959815
40200769
31405598
2565342829
2856471376
2360087072
40936532
29201180
3757278262
31384306
3428542661
1066378296
576117848
3629045715
39741741
340852718
468314206
160470820
101307246
454097455
23616999
580064293
27718077
123910381
302132169
37677256
64004084
3609098973
3435804395
21643721
3759369137
3432535354
391589535
36076518
3254736287
18045536
22989809
28713
1433704244
200155533
346510097
1330989290
380236297
236951309
438277443
1057312441
1585388946
3633121174
107115758
360670784
1258125680
35728867
3505279533
2945757069
21199459
2667152853
1113014418
3431316429
48693595
294803462
1653771666
513108566
395468961
34229862
28861781
95217381
2358711075
1342720586
32853623
743556732
3704451077
23042907
18318640
61879424
247219231
74236437
21489776
57953653
2641830803
734827723
3306382221
3395364364
35441218
245396805
374150758
383705851
211634875
1193849958
22974755
2190275419
811677463
54519444
314193679
561110484
3284344142
34247309
22388350
1941185760
347084478
22356192
287132287
3071963388
31691389
54569572
261409790
607286665
386445850
457696554
783097760
16904394
1273339802
3351725236
18867533
1342247437
901979438
360614456
89399185
3223897552
916703766
82861055
38625054
3652314076
3293720093
149954002
3645269596
11717152
187226215
364183666
3652529541
413199047
16970262
455121401
3381409551
3107337718
48103010
1671346567
2992893639
3548204601
1447214244
3382147257
30841751
239394749
535126159
45417205
2222052545
3639885915
135176526
101584369
462920286
3640099948
3639733335
569808613
2163779684
833472428
218469187
28694069
3528000443
140445689
120555998
26677369
407200362
423784667
3438986686
2653370460
3402011531
106074613
2445142460
3585169397
24670823
1104255434
405624240
3556463961
345670321
202203320
180050864
65399317
197448675
268473933
451641252
3467200214
481297143
363282607
2397865589
40070270
88205272
2733084339
2949364571
3566247556
3560657908
1668507156
534975036
64389976
20140230
2874398938
82070744
1390226240
494479347
14763142
2602203098
422500531
41440018
433746320
504281253
1116869654
18697324
3186828970
61309730
1139677040
3504001707
1412137747
430603293
1229826619
3505103901
195755932
31739402
227057694
432292295
3260042180
22049212
3438504287
711094341
1347109550
2484236408
359293368
13685162
3131063488
400107259
14300646
1259650177
20518751
21290360
132139365
26564673
227835747
434203999
192627266
2719123743
111579730
220971456
270845610
575311068
51770262
173751882
1458015931
505001235
845298692
2352216668
155907359
32848417
18991353
64738346
2189600919
229232927
3473030301
205584406
234561528
346773770
996804301
53904581
57318113
237663390
28992097
845781643
298642682
1625128381
378588601
90848755
461030359
252673880
2440142201
3015225784
367032915
3432546383
384786873
257834286
1175234233
3343784579
27311909
414223282
24053377
3098676977
28160325
3143145647
1169904559
1175383656
299796395
3385703573
125316960
14350767
16337637
334030383
23783314
952228332
76264443
59110433
58134601
31470323
3410122983
253580515
19586160
2258328598
27512592
9065742
312892685
1650543708
3427849948
3418127165
103108047
3023090697
445792410
1583387982
3419695769
901596456
3353074282
180315164
2413268966
3410282829
3343713159
3403299357
20854544
3435937587
367302518
3434470161
128288755
29501004
450024046
400817129
2281688307
14998206
38696507
66985635
14407392
14224622
14332159
14237373
19646280
30021640
1152357380
498689527
342585097
498983659
17944252
307569702
16337412
1538983388
1331391450
2405757539
3402488433
17271202
3149040444
2423727578
110957512
1728000223
21687320
380400733
38391994
469141441
96724910
113040300
1457348606
400887671
44455957
349231355
2879660218
381455481
410928083
244048666
373863744
130420904
3331165121
3413481316
3424701225
192180618
534693169
18831549
360447111
172289542
14259655
30889790
922884769
2747629463
378071530
2740582371
3030244055
98139000
40722651
3298324145
204706399
23582217
119452883
3412344718
937553599
2156965750
447271262
14183582
3407553999
64996483
39599815
19907239
62806889
26880289
19233357
1514087286
506317854
3097251287
86461778
15149743
282277376
3371255631
233581232
3401444211
204276552
245973780
134560412
2961169223
841868797
3401742268
895220270
2788515564
179485571
2512944995
358213406
3394614142
3114792983
203470976
54635699
473997221
2395735095
15576565
3291089092
2507152763
173804007
3352146993
362514960
592182147
117336931
3063831003
559709759
55541718
3387241858
1356297846
1876810100
3239636092
780289382
22674099
564811285
1340100332
3385491401
3131126489
248569306
2976286121
3046506075
29303433
1053361910
1073506813
1257765740
1510235358
122320328
3277960434
3371319700
494384645
582616641
3372262972
33466194
3369717653
2716495139
3022914880
70661380
3069695511
30324031
20235640
1775312905
30705215
554148287
2192058508
612972910
29277321
366105633
1477123380
3050573289
28182176
2282250531
21344420
2984160987
932842364
3356023912
3308693649
2883809873
3353593971
3353807033
2879505652
735581611
1511819288
34058174
618186440
2218242171
28969873
378560518
1338522338
48333044
1924485482
347275162
33099288
3299307237
494429348
1444716092
3346956405
24527837
286422646
1415292331
3065954573
1122340658
3349275562
250510509
27208529
19760795
2549034607
3304031321
564822076
2889469234
913125264
282445214
3340762059
18447838
37630328
17187058
71526098
472136927
28852619
828780145
1040514960
171464256
14287085
85893495
89400830
103986906
3313103211
20221967
606346316
31444149
29259431
1329319766
74189775
125512914
3331795871
172423013
30268307
161380299
14420691
226865326
397153576
2504309508
91866862
2908640067
190229245
2482712314
46391393
2330388634
186523844
19598883
78572556
281707965
400858111
54577364
47915290
308725592
79821511
217548444
478026444
110974597
2924816561
2497094666
1251165642
168539771
167533471
344327156
136184787
761541476
871535269
90855234
1108509721
277997984
2468198215
577921890
402872837
972466434
76610442
263036648
470111304
529270196
29928571
1178437964
17969007
271902473
343983889
109213070
297337092
3318890158
56200225
524610484
135294661
1889716112
45907664
272096034
462162172
38638278
25867735
39269172
358696939
109293948
50764034
111723117
109591967
33865690
1972948940
3243857483
319143595
302871531
53845657
2775462555
14302420
409111181
14305137
528775907
319050300
20424463
210805646
29412603
14636862
3088497519
106769293
1580127944
198137420
3147456483
2437046378
2597650831
21180039
3313450048
406565530
47437359
242385761
283916631
3233964449
373298847
275932698
14486205
3300942849
169994609
158162591
33065974
198815760
2920895123
56102200
2594613845
1101181506
2718340881
25729216
401608592
74124890
290034008
33950311
171419322
57916104
594654118
377683216
1120575619
209010203
23949699
181119925
18563178
14118302
1520400324
1420752566
20758837
859841922
329655918
572834075
1731797970
291685138
456978991
421049314
49060343
33641221
194749577
20610385
311951198
15498567
128630654
2357483365
98351555
20580713
96400439
53039671
302685489
72798603
2293442938
110363504
1206318890
39468561
1354574096
54530632
339532308
38483841
480242559
407186117
326171604
2379405302
838033909
47448389
350813063
2477230853
14894302
411319649
18462286
28310202
1246474590
3291855053
81154009
460049232
340409720
62946119
313158638
3225104405
44166443
256664173
1683949898
422189990
914504478
3047417145
2225835988
2393530474
83394652
3131054601
14286342
234733773
174240152
473185962
280019924
1405523352
18318196
24360305
2942456536
144622386
202078939
454799703
16071125
121420979
2726369213
1362162804
2633018244
332187547
471793434
3025444181
3213368226
14822025
271367322
347029816
719552912
1706688853
1396390513
81799987
269953381
3021371684
252040369
54173721
1625883685
211862856
1323104856
34305486
2577364771
95997072
122177613
562002661
1130531732
3065287503
3151281923
230105685
3235312835
85634301
102415577
31724585
391549944
919037930
1183057789
245415947
187517597
31526298
1643728850
270098781
2416304379
33502071
269951402
40625668
15223359
14291795
173968993
41546201
70195677
1354120382
193186935
84329488
55551293
42407938
1343071
273565551
478610370
289105819
26279353
2260177889
2733897150
35821012
245275015
301460726
490173594
2483931236
47229296
278786314
250826176
866957533
34573200
63053977
2520035639
1286758290
2954590061
2934931756
342779577
1298141479
70412155
484083569
45239629
2654480499
3131006933
32467248
103241905
3023971025
238125536
135449105
1731314083
1430545886
245462664
62506696
140878985
1682952697
328445838
702723412
587241476
271094740
251238854
38824745
1725191666
2161424113
1489999638
18425625
215359615
438682451
374033929
32910734
116869370
3224494852
1074942354
29053427
332761338
413817905
95965951
1295512538
36434474
69671246
1548423786
37437880
209479569
908635753
3180239436
3173542017
82323571
1037690472
14542929
2440746904
596422929
3170639242
2357222225
364506503
475785368
44859397
3217603983
3198060455
523000316
66681881
607522201
2993973969
2984013665
399046632
62508465
28148610
2324308591
344794448
18043746
137292619
40317773
1352818435
302859056
626359514
2275689754
968955060
2921098109
32824456
2963939057
1971754560
2651524357
126571640
26269762
340437056
19584064
427693330
2196853191
33677145
37509434
713990580
18632003
294073504
3180453370
53956938
2412633051
20715550
266090674
3162161540
829260972
2539645071
1239945181
2299179867
20915104
1496579581
21857414
2826799128
440033873
488852222
35457563
2992016963
1357050738
2371324794
1260420288
615506745
564527554
349597997
19176881
31709436
354917016
3024192622
38635103
3095271921
592844262
944451830
42862872
87677961
86726920
31963968
743402995
719146303
507802008
81200353
1580374508
2308518303
3172149106
1720146660
1359797515
86290053
503102281
575233277
43994178
1112393719
1660586610
213380564
1441424312
3027232151
3164166371
720335013
19909515
49280085
2779034572
819487748
295579767
49601587
3090239500
216666956
160867736
33902887
38923978
402328540
58200572
106479287
1707998058
529261960
2870490614
3031249050
419103833
2189302774
1513410282
740354689
214578035
539255396
3118977873
64001352
90264795
367929127
49425501
31138551
2191756041
2608336555
483251833
14292056
1321902139
364180825
581714657
35483071
54256381
1866754303
85083156
34027223
1710881666
771223836
1631170986
3121742226
1964817799
3138046867
237330861
40513258
2846867474
58139756
3120317676
2193872901
14378181
3125799293
43759969
472268243
72365254
25483753
124751908
66675109
2873711309
39082362
87447470
932540701
2800575035
2803351237
1328619926
234077687
1399375992
414334941
1259481428
2371764621
3107666883
41878492
54020836
1005931044
414987227
251596742
3046934629
204422762
82167645
66693790
3026893056
10129252
2400824184
1182666463
23344553
123720166
784545385
30671223
50303955
475975180
610708690
393262923
3047785524
218571797
21995479
2293725837
858597816
82430415
1708199509
467514653
43200020
355756622
70355519
534341666
1152117008
340277469
22144935
2981103473
253249342
66823893
28331009
2895126124
265565067
59401027
625097225
2379392737
166505377
70496582
404145374
609982435
3075916832
53855114
851357874
1387222693
941350496
424181020
3090278567
31025997
1037031822
1477365528
2447482568
1391824716
30823930
576931831
66780134
20432173
739461620
2637258154
574728584
17337740
461488537
136192486
931652282
58849343
116171465
27396567
36338039
23176823
2434268346
911345070
314081431
1381906795
32086032
198625434
459090010
133234354
524196738
324834917
172329064
516576138
1389057204
42724025
2202985695
3070337217
420371595
1296379062
1971709146
2987929907
1407525890
3028261660
101780665
3014289916
283947133
38135837
2401200499
869410801
186351796
594953727
859576393
43850536
3063589050
3039442708
16094632
2228333039
3090008655
31367759
35463458
63084435
3075588455
94721506
59400002
224946583
3082292922
70022802
1850382462
86052441
475024774
80069319
58511405
16600393
442806753
2949065627
440209308
174426959
28319144
841698871
344931280
1060229102
229763503
31468995
216486634
2578624026
194050624
3042487871
965014422
836124602
3067750127
471837649
1178833999
59472131
54835944
29958529
3064837815
36640935
2942812768
32352078
354259583
361758488
107062689
851734532
149849416
1408474939
244067681
1007404717
150771231
526440831
24436604
619152353
2470654986
802126556
45188682
979213423
2258431063
531279550
289545362
16095034
462321614
464171886
38169970
74078975
2825028148
27317182
1513333748
101056701
49746926
3053259474
24959402
3065811449
2854375852
631313695
1666011540
2839272071
385098165
73862642
14284402
2863694998
236827326
101834804
3062823958
538603797
61489446
113466870
600217422
3044288870
340473383
998222636
625497732
1449532152
15015340
15402344
2412388550
2801486453
19649668
2778436393
38653232
2485554978
140780492
562291663
1701738008
86063602
3050553468
3064826578
270005480
1228605192
2797603295
2765779827
2736746648
3000269196
628145666
2973413361
2819766563
19207340
31109467
151960903
1590402607
1103836352
234373272
518259489
196927059
97405363
81488726
3026229232
374459845
372735335
347147257
34656014
557603994
16423314
340353924
568585601
404376094
2964129591
2411071532
291624499
3030688900
1359054020
525260372
57431730
286116123
1049119500
511025175
1540384184
2872106428
942304814
236768918
15270079
518934246
1238448962
2414077747
1319705556
76585094
861498962
148391437
2727239239
826731788
19784844
2993852079
472929066
30304097
1532954144
49755218
3028473123
2400327069
426486458
2586598114
939781760
159110276
1196222304
1252106971
1168643202
3021790941
40340459
2264840661
14426025
15369479
29746915
27817693
2862382931
68958389
59077909
51431958
109128484
49011314
24182608
827025655
916407589
133798612
2789716268
558486852
31209985
1418855846
2440554799
386789569
44344421
112588791
1328154901
500753985
327355997
3026270908
35795414
1901046649
149955780
1069320259
2398597992
2714145509
50516203
28524344
2754777701
1328714534
11888752
174418778
27485335
336142856
271105505
753545143
766385814
372173666
105480586
160480752
362360582
124450255
32348377
2590058264
16904159
1468302512
23115403
201690715
2785775005
28084070
96039701
2554375868
40619063
1410617617
2907002138
2420232620
141889094
1298319782
248436358
26554415
1042044224
122426177
2280909989
120639089
61135615
2398420670
873200750
469527246
400650892
49048476
1592879324
341889065
2882425264
1635342296
2889027687
2752846128
44837562
291339156
18087674
63483732
45430410
1477316750
72330076
108856784
270919194
21746816
15514553
2966144643
707781445
42226534
166516088
1943899928
1405862790
861400639
2338262975
187142414
756895303
2821357733
18520064
246308814
2217739672
953811068
2853761805
49735169
2491073516
2427168164
90264586
599585375
55087565
236162205
42508097
27314433
2986656796
1375278470
2768985909
195319768
1413765162
139781345
79330484
28786884
30973707
18238707
37626533
288644101
604689867
24352252
2991119034
17820154
14191622
2165413610
2987374618
2181866944
359268879
586474818
266441931
421242809
2987943713
305214821
2875645215
1411361972
1482973218
2918416437
1006077457
2816114607
38428861
150919451
2176428032
16815724
27834844
556353349
351183227
280056377
408777324
2570364021
2690765206
1235211583
399106062
599159352
2872270581
393289003
466784316
339869165
1215772574
602080822
2970311279
1316642946
236403619
28971528
2748398647
1732985257
139481952
476214344
627034429
1081291106
2404437771
15857285
140755828
59542677
28336221
551730401
26296624
238315982
373305316
20839964
2541397164
2311510516
1430162592
18447907
932927287
81112551
196569190
1077835411
2430124064
1265167464
63119470
1103749050
394247646
2488560805
145970009
441307591
42952731
18475198
868594087
2729918674
235145810
1127641760
1391542884
319072924
1688049632
199667492
306426609
773489215
224970921
402644147
77848500
1285872902
1115286355
356794586
350263365
464621111
33525103
393992749
777688220
1654001880
398545777
14284293
274578952
30409527
141983189
27843804
2573504599
1272109884
143019846
596419873
182361989
65880609
62495835
28089410
37417055
305455284
109062332
176508588
522541481
2173969814
17803404
14284744
341002815
1281133082
35736111
2379300853
2906947686
53680033
492938063
81223112
340824499
2853038957
11430462
476153918
243791786
1518809059
193941328
2532661636
568942180
2791468837
411727546
16646306
457504774
324795375
482948382
46106058
423719354
2638806377
49966412
940056397
2949184115
96843489
607159536
34726771
714758284
70630201
2231486871
67555935
1342246146
28308000
438213600
804597968
2181215517
317034318
39052549
2151614574
250435513
20386897
2586939154
2863714984
2770247716
1399419932
271844563
31100329
1288773914
2858411747
374402229
19976171
2868169873
136797962
478526242
68780681
63175736
2868785181
2752870502
574447897
451018761
2888080161
919354350
36308071
26572435
260660056
1198303794
75838766
18355894
28611543
417977566
2267523598
256625759
270031753
486505452
34013960
2831427568
223812019
325699400
2933365857
2916139438
554619714
252070519
2741065739
65159869
226628588
2415957962
145928789
268257499
310120071
570171760
444483612
1082967332
39054420
555947457
112666537
2219046069
2415646176
341520951
240772591
404165469
14312379
62574870
456883296
359573726
137390418
193625565
130597727
2727175346
44193090
95074760
32144904
39738562
405089814
1198189740
34711815
1243348075
34211891
360140342
124190139
41796727
53876028
23215296
272953342
2915214015
287606173
1209914426
2583581
40914660
2923870877
23442357
449026794
286175588
17661090
54610163
32977920
180097938
804294660
98721723
2536944339
226555254
2354422018
356209700
1966775646
1160180023
164196106
499105909
59549359
2819895827
2863600085
84538257
1676734928
39239833
44972313
13712
23574285
740526594
260257555
1245053622
2596694492
38842425
425708396
2435611364
40322305
14279103
2352246670
29676819
535661060
135037235
1335706644
62537209
17815546
23067843
372212654
72892934
417919343
17093617
55835394
30927768
250089507
183622298
1924255446
1314801468
749077188
34910028
62523083
101727020
317101757
44317501
25966747
23937836
27845999
33852061
18714976
74143933
20611702
19762987
64366720
23830152
184727475
1076088475
227294412
19962261
175357776
19705628
31409120
47318453
67707084
238308510
258379696
21423985
203669147
93395265
206640289
27062533
157907219
67845970
116388856
1005990247
223442298
31499866
382645387
1354053799
1164488000
1343040169
526401874
356740432
416308353
466503434
489203003
514790063
553611494
781155769
839500880
928123724
260609931
374709783
409084047
487660486
1222590499
1338931508
1411276669
260636939
310438027
519707372
706938148
801323118
1600935918
1951134552
28092347
89172908
111107965
269685189
399963906
6765612
33250655
40633689
111439783
117747857
222550469
367908449
287428738
422512211
492554765
533701188
574736908
813403256
860129059
945996066
962348466
1007318888
1155216132
1170050598
1200547406
1386973009
1449833640
1636277856
2187137411
578195305
931595317
309674016
850749608
23265032
221064860
537062754
23104499
36624824
631956096
125750601
73101257
103555738
1676711912
115003484
92234881
70919331
78864889
47600311
1329038221
24177970
510524379
183356975
17096233
43531203
19450673
64735000
74217252
14118604
532666723
34941106
28334899
234387750
14125317
57064417
17113249
76610050
436515416
32954988
27515852
332250939
31954157
27860681
221822662
44865727
228694077
161616513
20432556
306916140
49073990
40935476
36423190
14287326
19319985
189051125
74100531
66681098
116173312
21864337
136218318
28865987
22172506
27207896
264125047
36079803
105897061
97406478
61429870
419197802
21022281
101758086
145337107
329004156
414997494
324844301
14330330
70212596
20853361
20582802
352306584
42193858
27113674
498177017
44341712
269777232
337825216
330265552
14159875
30873513
14349636
33482265
950575638
33465036
932148577
271045372
16813552
41339186
136524400
14296042
36172605
58631768
28093496
60896067
31687026
94434788
46857953
25289729
224240042
415701368
34285054
38646590
83839799
28594152
24509011
222209875
219268128
266111353
142199485
20667905
42843759
373890791
19414413
21846143
86154361
10451602
47423946
19236875
38421714
76292859
16718406
14114267
37904694
485126502
21293680
99515710
34556256
931590480
87398107
1128097045
25977779
1136685918
730334082
357357049
271606257
23986190
49709146
116003907
41566304
341514423
252501143
1124940020
26839190
91836565
27723246
532981570
945749197
34009056
42984003
1169991176
410304213
819543384
1172705646
471802731
1070829493
162152126
488532234
376703328
112976272
1120218806
30886191
352534464
17220934
241959982
37876601
6012852
30662875
48302295
473914976
21864336
29251764
138376196
40482226
41337693
48713549
19509064
34696385
43062590
142282484
75060420
26719548
14277275
33467543
68801651
378433833
16542861
45565440
20195297
19188289
33885551
25365007
23651070
19901366
19899477
19529605
421368016
23481859
46688502
82325555
64385966
90116669
27877065
37174426
353786385
115441879
246816735
39091525
38163216
778087093
18716146
20431436
341564433
18387289
81578629
36028993
116697719
47974057
14277722
18609590
25313658
14763346
20868447
55496543
24426957
26022773
74474647
28110788
35789212
188256896
31386412
64818133
25144335
62266883
14340921
22988843
80848887
198549401
22363451
143061537
38693061
22415635
112428297
32352556
22014140
18897831
66664753
249253255
48974071
19237550
33166646
19921092
21002140
171438889
288941704
96768880
18797522
315450755
59548897
87080308
18627984
65306306
19337187
61724625
17813010
20238626
452470861
34672923
45565446
63262403
14997025
19764533
39581053
23418810
39966546
28303450
14340875
46081160
52703034
27848098
81837587
63115140
37623914
80668551
32539537
114577804
13201312
410600310
38504139
21853001
917421961
19331958
16557956
23849809
38451208
172896557
39219035
46612326
398606542
37267532
126065948
567915703
309126789
22379431
205268022
45919516
38901264
18760790
21426923
428854213
45594856
38624201
304331315
17066475
20796069
16432083
21695947
47317899
214414946
42844817
31662242
48702842
17650380
96861734
61735082
104428120
18124359
22920732
31085474
216008028
38260259
42857269
21393069
75742264
277496292
17862883
18724292
36307732
82564959
95169910
29908667
