53367893
66204249
939818513472114688
221822662
24856051
1356297846
33013018
341118096
437373893
25144335
28885223
25977779
4179613355
295361148
987038060
309334506
19077517
461105934
39581053
21864336
61735082
38163216
123504602
87551769
66664753
279131939
45594856
23849809
27845999
62266883
22014140
20796069
18897831
45565446
36027595
36307732
19188289
21695947
29908667
63129578
14125317
14114267
18609590
48382350
936659518771159041
321578623
65313368
3072133660
619294873
288101845
60532178
806194447847424000
52668925
933687579769221120
989224573
264979092
4299222820
14282840
37677256
520658632
18374326
188256896
516671992
3009953967
38145897
212679945
39275561
709665154699563009
337825216
1001254195
9695912
16557956
34972320
18716146
2284280579
2284226135
221064860
18387289
38260259
38451208
873304134
30287258
821110070
38842425
63155239
24154098
16095034
142326694
60868457
28957526
14287085
34941106
2374235313
34672923
307821261
22415635
47134635
44317501
34696385
609320987
838111239750447104
320679176
276675433
54577364
18629239
750511978041470977
88676229
217530764
923679078
