68352264
29182651
746281450757042176
479026352
14224622
24943512
1324175449
1878721232
183691232
66985635
196306582
10451602
39219035
31700411
309559389
17876987
929412942
811592755281620996
390115409
19762987
48702842
322531105
21393069
96861734
250435513
25171315
51200901
54917900
291277159
1453024098
328932781
14417779
28957526
33609198
14282840
324844301
9695912
25144335
14365312
112813136
47423946
14584834
47606328
19901366
16813552
19256979
3092735992
1119507482
92099045
187441247
27317182
45845636
19099958
90848755
2501224960
806047743789699072
232485720
814460652999901184
20982023
386545524
399552743
34656014
747807250819981312
37630783
144830278
20707143
44983912
75256046
583114172
26979187
113464686
3362016513
951333086
1871737044
364157227
231571986
315450755
428352489
464568399
60896067
615044048
136184787
48672761
49674652
18475198
2864493395
495041819
3367511429
869463834
21574473
28139449
11193982
515431540
112428297
3402615569
20176513
461979961
3005324951
513023167
34859489
31398221
20431436
2537682190
494404483
579757656
276032287
7723532
453338587
14330330
2853761805
2761674393
28143724
44344421
1167061771
149046826
31101381
18293645
529320577
17066475
75060420
27829732
19764533
17187058
24575979
34573200
107181637
3021240545
707927607
64393342
316040294
7705412
2924816561
2490160888
538982328
2865753411
2888339207
569004150
355702635
20191034
31417167
23442357
461267295
270092321
427537521
864391304
314081431
328445838
463006120
338456775
19705628
402952461
199667492
2512551217
43062590
1107372186
53921742
232623507
494429348
2524309994
39599815
39581053
23418810
481458863
102428526
44577324
26554415
23434430
18955891
230457924
848824298
1116299047
373553369
2423727578
573535964
25313658
112420057
420951546
81844094
217217458
35834118
489716972
1501629842
2645160602
501637104
20853361
2563018520
2581011146
22014140
33236436
64366720
2581851269
2546340104
66204249
15048424
93395265
24955372
64385966
31413264
111702288
42100413
2465468423
291291580
1362242096
478935066
221476163
17230800
117191496
293113971
2467169979
851705168
1534655556
245770187
39342472
459237590
2389682486
329210216
2409109465
2427807269
2175439143
2438241507
148391437
1426289635
103555738
468780541
1486998115
462056552
55528242
1488840763
73483943
44098080
69579495
27062533
126256491
269976159
487573225
81578629
101758086
18714976
269813255
447000732
84051394
53329988
464152345
473235154
179050190
614621262
17875286
983314447
30847115
62266883
36160117
394584396
48980951
172571624
26507167
65612797
1043282406
1112707694
25657836
45614100
418122076
34599188
1079386092
855487898
440175885
849884281
1254670231
192536934
316310716
1227121567
23250443
93914726
25389682
1286688722
134755983
1314054067
38643436
1278469316
18216565
570763281
944616330
789645014
197927377
1416056570
34580764
1450972664
1490109560
514866709
454191471
17929243
1653369576
67931001
542622412
479341887
374473407
188256896
122072637
1590957253
6115392
1901320784
1277563334
28998589
1125909499
29659136
220005923
155826733
127057123
2169216274
16978332
873304134
67861527
361852315
35689073
2284384786
223768604
252800692
90607528
19529605
1178437964
23185890
133634310
18332222
14283877
291890876
2189842169
20432556
45565440
19234278
82299404
21391879
1096247492
36328838
420344473
259919091
83612760
399515470
1204786310
399282751
1843033399
19179649
43079126
1664326285
18213346
403431644
28550979
30927768
19145951
45919516
23458354
221822662
21022281
35728867
31499866
27704856
276010468
61724625
38628986
61735082
313845197
43531203
34050300
19583956
45810524
33467543
403272223
24441893
17440779
63262403
235145810
1127641760
1391542884
1706528556
28303450
41554173
74143933
975902922
21695947
352534464
46081160
36307732
66664753
196749708
791037066
63119470
1729801471
96630997
2179699148
28103763
2189727688
18609590
354516475
115441879
111546153
90116669
398606542
58511405
24177970
61324811
273587097
1077835411
135462216
743060426
308565504
1076581284
90269251
328995303
411052847
19827241
148299936
519885607
138689616
20301193
279131939
493574718
90264586
31386412
267403905
19967593
224970921
14287326
82353528
38260259
20555875
172694845
39052549
28726577
1239888458
63836368
575252095
294556162
255916523
60891099
34941106
18450196
34703909
310120071
338651001
1103808170
20582802
31801792
74116688
564822076
113147061
17691499
394247646
490191091
1239625908
14659667
33892809
14687587
381446233
18897831
1513410282
318271193
140394260
20425675
952592922
19188289
422901718
86577305
29676425
442605315
507541495
29040562
71242617
491541680
86260789
1181561850
1190182783
34972320
926188446
524326247
84709356
1323173095
63129578
402644147
91756062
404124016
75660513
45531571
72840952
916703766
145970009
962140734
308394496
35795414
156582871
27832769
1089238542
347853730
319072924
22415635
895029930
16542861
42844817
924875222
899800400
203669147
279250117
39974570
415866479
29928571
39091525
49073990
116697719
31343887
29908667
33008891
39966546
42952731
196569190
82176038
37880184
18610189
463005332
773464316
31087291
145650504
26818369
338209422
45594856
403636945
18628277
17813010
612664952
1103734574
353664792
55496543
