62092544
93060730
575129909
188261304
838036489
1087422271206105088
516671992
1472000073798148097
494252569
1433381830061924353
132702118
190551552
325007822
545456910
761541476
2214684138
43528884
2473724316
333333116
279131939
1302150288132968448
410038024
2389682486
1082674824114290688
24531620
279250117
26470805
28361716
234132789
31153092
1029415540694179841
17421178
1294248670993547264
821978730
1414494862204936196
864406880092909572
383786444
16017859
2929586027
2801247624
197339042
278941952
4353260675
1567569330
49388141
14698968
29440550
803694179079458816
30354991
30881344
939091
1349149096909668363
153220375
4856541173
2343100761
219429281
36345076
46869791
719555092911931392
384786873
2326177498
36747640
1304046761636499457
1301141828612300801
1228037337709457409
38016612
3445004655
818927131883356161
88001109
268665178
4230727151
150761953
405113967
806963350643101696
1178077440863813633
1386419118
33013437
58016578
2925842572
865998362381778944
1034769883
1164065309772451840
347275162
1193225509271945222
50269720
1197161544
34456552
2863523277
1073138757275172864
288995481
2214560525
239320809
47318453
151768781
3272294341
39505623
819121643696123904
172694845
1006641320
1551459979
188021130
28315166
4299973654
185677963
2320369347
480340047
82047362
3200615903
872837084926627843
4503520823
531531833
441307591
2738545575
1277542093
3846396760
420633636
4023822982
19389900
742419144210059264
237767804
438602228
1020915620
1070979968551784448
860761097338589189
212162287
2966397556
2181866944
901539204978679808
10544862
62442994
45522699
125960653
2784760795
831524237584297984
192328753
981668744920535040
33609198
2952084729
1084939697741328384
2924816561
2868525504
38869092
844108461625491456
138203134
1078693601356509184
2973043509
1260619458
2882733429
509084624
1664933730
71885961
502930299
573902646
72720525
421125838
254715838
24664027
456198992
20229175
309126789
1025826091
19226961
120048506
2988033940
2481913562
133683225
524326247
70003741
292929271
30847508
297999457
2301440146
19394188
112398730
183552184
2298151468
32357319
109374678
764547597520568321
32344564
117834105
3212757406
351918692
1241513142
21695321
2559002312
59130586
4209052965
390975115
59569015
988318398475128832
155584627
58569513
63107218
284730030
524477060
33832676
978672543690313729
250722978
461105934
18462205
141744721
3123406113
2160798019
3433931391
141951148
36031018
402377699
1320925746
272404530
291305246
1667707238
282665540
26249582
2470461931
19145380
2868785181
25051303
775345397762035713
267996354
66700763
45321236
46207429
975959892
28086973
446403998
242438885
22194908
471709113
38135837
3458195901
28085805
932603165781962753
304615761
488493877
565418442
843360326724829184
2341253739
915124547996839936
138535158
434848353
208623146
29660732
46623193
86154361
4814721328
364377121
28128082
24913773
142093182
906294173199937536
291040290
2728902307
369371554
36882824
76543481
2978001779
3684083357
265486447
269694877
31700411
91833088
102603307
37666984
3544791135
811229675758505984
966113328
416135072
902169719385587712
255628022
15243853
820941912773365760
3033547642
175357776
567915703
3193964471
2399869836
431539137
859407446
779042405664362497
472784395
872843568230125572
75742264
2613311413
2813244519
113439411
29967293
111406423
224691234
829733244342063105
14243708
52544275
892419642723119105
614684617
191867394
44611200
9679302
994705938
2180849438
314040516
884390711814238208
26201346
2405757539
2646513918
149070298
16708728
72832208
840198864665772032
105265572
2748646057
135820177
1490541247
531668338
20058825
53336644
1087176427
498136730
20859418
4876636583
818053116
80566097
1179383574
19233129
14118604
3317093613
11193982
20582802
818910970567344128
203842320
370719436
329937840
5120691
289253819
1094508829
55223004
470073947
466390247
529385417
229079918
22834808
317034318
815019089890541568
1432993051
4791778277
20868447
17712364
4902651136
771236587
1974723090
756895303
508731428
2701604485
191088146
53017516
4887555507
3046407964
833380226377904129
459181574
3429865683
281963240
822215673812119553
822215679726100480
818876014390603776
124139003
36365424
277918687
23444629
2742920129
912746546
3238885882
49937264
513584555
4892902906
24426957
228482831
15428667
136029854
195872423
1264632930
34696385
20425675
38421714
33502071
208019751
2404437771
315450755
19647809
3092129199
704956795362496512
1138355514
52660746
1209417007
20733972
455244774
45335955
404003796
158666517
14304587
2851279402
231793478
137346158
14284273
34928067
784455210907398144
3466668496
30247200
4849215231
37971791
35456283
108417952
23185890
773769458
68741204
23937836
1676490450
442711232
28184374
47698036
471672239
148716118
712976626343133184
88649549
308502637
2264840661
815289800
2934007485
715796256002547712
562745251
14584834
27704856
17756100
1329887666
776212818
861803558
93888165
497245511
136218318
37685197
53949942
2797521996
1657206762
1106598750
71280219
2867136389
1111799130
2338108773
1413670405
330131498
542170497
375146901
18611983
246816735
1659776335
33542102
341132281
493934793
732912102713765889
39599815
91366255
65804220
376207031
373239963
739209260052189184
34724209
2276554473
82353528
735940736491872256
85822252
4240044333
407186117
32051342
20008618
394247646
72840952
42379815
414334941
3192090317
281948176
327413420
230457924
234126305
23104499
31109467
8671352
18916432
1632248070
593599728
188286404
38412145
40639367
247546239
21786064
3404138255
496952496
2399141631
1575937554
831280387
113676041
268502346
352230918
15007149
18839785
14312379
26601441
2800867986
2278865772
1359513330
570171760
260425346
60930890
1643647968
785462220
44148101
25501622
247681084
4448684129
167408971
2425456266
2748530725
3609098973
28139449
15207668
388815555
212679277
18557271
25813743
43922664
18293645
22897196
18628277
1851145568
23499901
4845326044
1292445570
93241358
405428469
17425802
3401872102
813286
3131144855
59843533
83875973
135786521
707927607
14292745
413804411
36048418
39456398
29928571
86263895
1871737044
1669736581
96735328
2192914376
1234639646
499211936
215286052
34972320
3175807619
48815812
4023469463
3989709412
408360989
51241574
769398037
461922813
14281853
461143189
2867960272
25272654
243284086
2481844412
2826536846
342625257
3769956562
441744182
35189604
224968087
34013116
19705628
3305796659
90448119
4039761447
14291795
19977718
630213240
89172908
1061007776
151593788
20555875
817554637
138855525
64366720
2545609297
3822448575
1341559801
2823960429
3749005755
3790184423
359979092
1219865652
3306936118
200468381
94659924
1680065940
14118487
450438608
304316292
789605024
521710157
72936579
19450673
238125536
249633429
51250177
153403071
3298890213
307456888
132255549
463763953
367851703
251596742
55388335
32347467
2412604330
52104623
1346784234
99708447
329700587
3304385571
269216440
84679163
1167061771
921362574
3026568364
65962283
103065157
1689182839
1536791610
143397784
3247642671
292820121
480570471
3169899941
62522258
23608172
1886301368
1195030874
573735909
226944806
19392160
2214166077
38065120
486346035
2174115818
395228354
71283764
522360398
3001183410
2243482883
382714881
14206252
37723507
1150048130
102373302
365948924
47453114
67561158
455500569
1089440538
115470159
20679232
618886740
34231784
345285366
1513811304
80515718
1023984716
1241396178
554793321
27299858
28413960
21870007
2471204396
24886897
106428909
433579531
50604877
34893859
21645552
866643061
19090188
1898501652
74418848
63132954
187974361
35533049
34672923
142613436
39227903
17063662
478553827
535155659
32844394
155694288
51103171
1382743280
15857285
52765131
31368630
2964099647
1931667091
2813019454
268553359
61272088
18608709
211808263
2810327434
37509434
160676165
16886483
25344165
280019924
320829399
96861734
989203754
32397331
64362370
14651105
2507477406
1903638187
220335490
14157772
19200499
61617051
272129575
86577305
1201821740
137636680
1277501492
20981914
44855475
39368560
14341247
342632450
1120350168
115044695
266479073
41908037
56044169
41554173
470195940
2868848357
19288223
271415458
29679005
2966028785
63175736
23250443
2282124549
2715434333
20976857
31097949
2962813893
1193158483
1660586610
66693790
2185062985
1251464551
2414075550
94538562
1379124170
2911915366
20591678
86805838
2818756895
17471820
272477014
21210390
52397710
1867075470
2442803510
352534464
1919276130
26710373
2427304238
25966747
306227173
106094793
287340563
969880531
82464449
465067546
1675371613
83795099
806594768
90848755
198613141
1636467158
626950953
374520711
291291580
2586939154
319630668
2720666903
57740508
14432975
2604550899
857664734
5402612
428333
14159148
2467791
214821759
20585034
606095011
873200750
245481553
23438083
20165293
624913111
1135357525
1239366985
17648646
2352264009
954462930
18996642
237014530
237283714
40209152
30911018
1409688163
41777935
63429334
14214281
37666554
618817090
109664014
306335068
2211176812
17482669
2717130846
100009493
1264014362
148112377
89129211
297926182
429125005
390049789
221064860
2735993530
342631869
39738562
14617551
298642682
198625434
283945918
558797310
183225266
518056725
55664020
368519311
24974764
602660815
92015358
32529204
195264448
1455189506
14581396
35749236
19524118
64247948
390121284
135153110
20676292
373890791
167092490
14997025
136392057
145371775
74143933
55496543
26719548
112813136
19061893
19904252
1259245140
38696507
14407392
28533825
46338044
19062821
2265591029
43071761
92740110
112666537
479442225
137844411
2212313540
2424327958
19939667
16017475
764124031
364157227
2596131606
970772994
93879508
206640289
296486505
24119198
18988667
192889718
18670265
45810524
1136899754
51200901
19361192
818198660
40215521
463855799
2561668698
2560124168
41867714
29932999
2176733820
324844301
25996040
4384251
1264486106
234276524
1534655556
22604909
1207665110
198809288
555907901
2489138732
1198189740
89484734
14277275
77199754
68352264
2467762387
435225922
19744711
2189929965
306900960
2462457455
545394515
1859727049
410731663
2420661668
464149805
294073504
1318854932
35209835
237293370
302989940
14224719
83932732
365625811
26099555
27692462
48670246
31087581
45565440
26456196
1901046649
108618409
387112097
66323839
501752651
14395000
475172955
44869490
740526594
37193436
361855290
138427093
127637736
20583186
18692263
1493144496
14417779
251559459
1171559262
15605191
383326632
1201175172
53924546
45565446
193186935
579072373
70423313
26150665
411450283
28971528
38632472
53367893
36378384
29178136
20934285
20223894
22028192
42990099
66433571
414964081
428854213
601917945
17867748
715600740
575285345
43091419
2271186381
55061116
15100833
31371709
44989406
29659136
2281339101
219465351
811677463
19234869
606448747
624479334
233511339
76873366
74238159
2263882553
31687026
459316218
34273040
90534982
1923047580
481991629
287302106
494995037
23320712
45203851
54008660
77795975
98772794
217349040
385361442
327064489
31085474
43525582
1691130469
61429870
30352096
40221011
835499540
29736765
380251490
404004517
193597488
28092056
29294824
371892780
19659689
27062533
223442298
333903537
19769863
221689319
20696268
85883333
38842425
393213445
179050190
20001754
121053477
20583062
52033549
437803905
1322351731
2172517161
28818351
2176309548
14377605
161264651
11134252
1704663163
41325780
33307967
69392154
25313658
18377085
28099901
393400632
1178437964
1632451148
69549168
561171789
304887658
33008891
33497800
34569505
41337693
225341716
38265914
322531105
26214264
34285054
1356910440
54577364
29273536
36918193
130544240
33483219
25144335
25295208
1488840763
1959103621
172697137
330267303
33872705
28304157
14349976
310458941
623560628
19646280
1710819966
159845559
456535984
87237306
39052549
14277722
34601836
19234278
20662498
101727020
517328759
20432556
33152235
44317501
965762185
99729727
207643011
220998485
114733482
39591602
14998206
14114267
912566684
157907219
18897831
422871079
416486744
402655240
19297030
124741065
78385212
57600505
33623709
579866638
403320517
22415635
372839416
1269692077
14125317
1855109353
65533777
37876601
1842334093
242094195
25171315
453946408
131280612
25346891
48766866
35430880
21288315
31206435
40869450
120036979
9695912
41185194
230864549
45786456
1531615836
236829256
773669972
792605850
1611324854
18791763
1531796442
60394046
89479176
103555738
1482525636
63525135
45919516
18016543
41179518
140394260
341391701
114680005
250705657
1326569053
1469359106
1108637306
591344670
1336903502
85403705
33180076
30428032
74217252
1412455375
29431394
229640435
150717602
1071370500
319228928
991956258
48702842
66998183
20431436
1195765214
37630783
317101757
160472609
19332451
139220828
42581615
863308099
1205100582
112150185
28726577
54151623
32352556
31093617
48638930
47606328
859456027
15644592
1276015244
5988062
54854379
1136935058
21864710
730471074
21689226
952592922
14257199
1187269573
520329893
248005260
42042554
423470022
32149336
495420731
55164043
17187058
808594566
264967782
533405448
32366554
59227026
236839814
934834777
30953009
45519320
45594856
33236436
66987835
40062854
18387289
20093102
149691116
29947545
607016620
38145897
29182664
134221985
42460799
15745368
402173391
911043942
942487831
308030401
462758070
114751780
390856590
459714637
7713202
310807988
477217653
446065347
389941495
431549520
242491033
516585792
33476973
219768304
223085732
406455791
248772914
78682735
990557340
343872174
382598137
261852783
30941476
214049275
36423190
385978534
34556256
18675375
248116126
48972045
440175885
37880184
461116121
26089178
317692735
847066238
177306892
859518872
20854544
22988843
30183766
396272143
34656014
466743554
411725585
819168234
45818077
40935476
46359538
14351028
261663158
735780246
35707103
64742113
30110233
170998924
28835546
35834118
354516475
237524449
28303450
839811512
192316660
26889370
39506065
60896067
75224818
291277159
81801121
57748040
56467191
135462216
278664682
66664753
21649090
481932428
66985635
543352994
57602886
27848098
197587780
833979072
31499866
99585460
358100722
856781466
34941106
24950478
72797562
14332159
33494129
20973141
837370878
838545979
172896557
54890313
407075233
749444851
308565504
19354318
66377215
96833115
39475551
41781318
135173286
301358130
821191682
18948340
439543270
803185406
376747336
142282484
173248262
186169688
39209161
420371595
19261863
36028993
21022281
776672437
17804381
516745054
17113249
104563123
266698643
409350939
45396043
44207761
199059928
464672160
30311534
132506283
64697682
133201357
21255585
297295848
199665432
316563842
58737118
23700852
39144003
47974057
68804124
562108219
32017455
582663428
266111353
617430060
614484921
226945764
30873513
31111153
61885765
372973885
239833417
270248672
586501148
23798120
48302295
19067312
84709356
393001171
49068924
230888572
45667669
63698866
72810008
409268590
36510958
58241170
65914130
292447148
292904816
19962340
84796534
19917840
30927768
41691168
90854856
47991996
341062077
409367244
43671722
108856784
92043674
480596599
20210193
254558676
77795018
22405387
82695237
36969004
51900256
296326690
31383680
185182752
333290214
494473079
571125509
30991641
404981052
95640962
30662875
34050300
582592165
201653163
308373366
47312284
42698033
188256896
66985162
42100413
14700117
110667450
65345246
417158005
32838045
560669277
22172506
284600971
28828199
54631326
550052649
260132760
18669139
135500797
34112258
382701373
16986847
36307732
225950399
36045159
30955482
21075492
66320386
521619306
34027223
330544213
556345045
28110788
553704410
27844742
21423985
180105135
22914421
254710359
36612877
27603445
243107115
254063693
196962381
288894958
23925022
44959207
44407004
38646590
169662017
27207896
34885738
37443725
252299576
532576506
473914976
290411887
38532678
61868624
170701175
339055436
506536523
323897337
36039059
218863631
252274010
432972836
33988509
22920732
14287712
38648743
259924515
62523083
107698587
221822662
39553570
34575407
359547970
27373978
78330513
89466599
32129282
370609724
99376470
72292202
42741077
227664388
17873227
19548525
1379801
67557660
488834363
17987852
187229761
54944067
10451602
16718406
14349636
35915109
374071197
14659667
17864273
135173461
342717762
19921092
474889806
33472862
37903156
282976656
14588822
30313925
6592852
393881050
18016823
204478853
92742473
18381317
33187527
358382685
195848365
384241739
266508642
342862380
374403514
223194178
28692401
310120071
392642294
281313591
461516580
92962860
156763824
95426542
287413569
169201702
30322601
203864281
31709436
232821385
16557956
116904468
45531571
33467543
37212321
452940934
95713333
22540157
370112478
128220859
31802342
46604765
224624339
403272223
437997027
217217458
54917900
81716981
18549724
41785808
14420211
180295902
103792291
61781451
46104584
26066874
41634334
291568131
313924528
93247303
55541718
22014140
47073928
14340875
14310995
66801323
203496736
401628224
346483428
31210522
33548497
27601390
30287258
319660454
318977179
28631172
112714402
122072320
151556941
14224622
420951546
277162590
371748433
12044602
194715953
414898272
33885551
29153646
20927352
63132666
62266883
350947137
40025776
288172252
300745821
176362334
39539129
39966546
38493594
34703909
311006957
306117980
127074628
327597852
202999203
252988529
63129578
20611702
258471477
276172272
21188337
267403905
228694077
48713549
28323152
70372722
307306463
45391213
357409833
19236875
63442375
28101138
196749708
18046947
109024259
287617251
216796248
19067283
19256979
271547491
36015085
36041901
50303955
32660698
369534154
28094274
156734725
23480387
120053499
35888541
90497686
76292859
340591622
20989035
17188157
42827637
18318675
6012852
38260259
241959982
218869621
85458166
262164620
135097529
270457801
19764533
116732090
305242092
46979706
48075273
174996199
233317497
267436288
141709158
27317182
211163753
72079243
40715430
136325235
19766460
71029886
46098040
57029446
302870769
185375986
208192338
360447111
245501644
345018148
57932072
45918672
39731347
158351997
223635303
255183443
351650159
14291713
24044383
218645431
239330785
364758589
69396214
322539298
204525639
64198695
122195535
196999109
32866277
33538992
39811941
31461297
23189168
20585218
7677252
44983912
29908667
14340921
14237373
18970504
16432083
82325555
20796069
17813010
81578629
18897215
39219035
61724625
46081160
37665779
27845999
34229862
37904694
138376196
28075839
14353621
18609590
38643660
143025514
47607262
17187505
21695947
184064055
49073990
63262403
36027595
185343614
40482226
44588224
26229790
189051125
26588415
31386412
23349466
38822086
38769939
14687587
45416867
41119959
30759351
59548897
44098080
17687363
38628986
28093496
25118559
56184740
149944757
30201647
138134771
115441879
39126084
39983579
42844817
76450358
61250638
55390614
8671202
92489022
28952277
17066475
60540946
25803631
36059230
58477132
96993423
35250069
38903262
24668361
34898791
