4528707983
57286900
716940365585072128
1101780461674627077
1223068441374007296
1207636113852182533
1225477822044524545
63702365
892823839364845568
1218125739318366208
37171115
23676236
34051652
266175811
1090396251210670080
1232320238936580098
124823622
1214475466305875968
907840322675372037
755345232
1227720708203175937
32571141
73313010
1203661645349679104
1067632943034593280
114107534
963932124515577856
870659603222212609
39692025
3217197490
117216241
3239853627
25928003
365479827
939302042991857664
1146250440276873216
97832664
1166785985285410816
351493211
16351531
1151265095910957056
1052258532937162753
726524390855286785
3043074894
998537270004154373
973681153793077249
1177214514120548353
1037514022919262208
1019415454966779905
995125216706625536
1221557512601772034
809746067935920128
1214975727050854407
1230584354180562944
2274751929
1232911564128210944
534519896
1229193683184082944
1206217907006390273
1156451823009484800
1217422811037425664
715005139
419206479
1181827383063502850
1229015351435898881
1212103740066422784
99198532
1226850341708128258
1132673670927798272
1232884978494644224
934044316573499392
1231142952958754816
988860179897823232
1190852659953033216
981551627986354176
1084165724384432133
1214806670208987137
1232945302816071680
708408314992992256
1174870403275206656
15085244
113364160
1231268015146012673
1135315561
14088589
93613853
2422845180
3065968695
744937682179063809
1152995205894815744
62727730
830608376983912448
1164494431275425797
225227931
1050180651952037888
1218025380323291136
1219552284205408256
1223511777960325121
1125788476056588288
837747391587549184
1181122250977763328
1180560370987085826
749862558136471552
1213445100040159237
1226094360850157568
732554385318764544
605723299
52544275
818876014390603776
1213109361679011843
1451011952
192493215
1221070523075047425
3226559117
1145660588422586368
1129664628093382658
1206959804289175552
973514466716512256
975624241885433856
4882665219
992198453898948609
968889962354696192
222534661
2657990132
15793681
151965668
719503169
734478434
808774010716700672
2156965750
462799987
19018191
386755094
414693833
337332303
1129236186
731535960
781568024683900928
2992628275
3039359157
3039395291
718334774226657280
4760411596
1133013223559573505
157905419
2181244212
2837950002
3037875657
1462945333
2296217728
16032272
1641482785
82825318
765456692
14288037
78058188
2231753876
189051125
17813010
443457853
180307747
87080308
1008416415462903808
53321530
1317357973
36148979
108628896
