14460243
284693066
193311364
1941941341
135820177
623560628
969880531
24950478
367716157
1312068492
5636412
25805313
63266077
45155843
112981132
1488840763
33885551
212147408
1121839369
20191034
419446071
29691032
40869450
23436442
477106155
266111353
127582247
107354968
170998924
316006432
14340875
87237306
185302516
1883707867
312346323
390856590
210756211
521549435
35164541
454817861
14617551
9695912
214845100
14549178
1043373894
1148709864
497959904
1567569330
235941182
200097586
19762987
26818369
14906581
215993689
103007195
440741595
20183521
342717762
965762185
419197802
18897831
388815555
311886739
161616513
55496543
30759351
21022281
310807988
31696775
330190380
850749608
34556256
83958481
63080961
1867716644
333903537
272339822
355702635
112871323
22956419
21525504
17813010
473031101
165386051
1176981954
20044495
243087788
368431343
1664666539
65533777
982442894
119672633
1659776335
585081775
226167775
14291645
143025514
14341386
21537443
21487914
368975894
84362665
262178051
475975180
1842334093
447314550
71553627
768400561
31199236
14665509
86494718
25049093
149691116
1500371
902402563
502096037
1694460812
517749787
19237550
105897061
19145380
70212596
18342303
42827637
18318675
15213141
41867714
70373458
90831443
28768632
21695947
156944270
785210455
381430471
19667095
21423985
510940138
14997025
19764533
14349636
