62060746
32352209
48302295
45919516
34859489
38282491
2264840661
19901366
14125317
21846143
18609590
951333086
82325555
1076088475
221822662
115441879
28071794
33170830
352534464
59548897
48713549
34898791
230457924
103555738
33467543
33236436
27848098
138376196
45565446
246816735
16542861
20301193
25313658
21905404
33497800
317101757
101727020
44317501
26214264
37665779
86154361
37904694
14365312
873304134
122195535
489479693
23937836
24950478
18669139
14214281
14687587
28303450
37677256
33852061
81578629
125960653
337332303
34972320
37416154
59569015
1464466166
23084212
20425675
38260259
15895694
23849809
349872308
56326379
17066475
322531105
39219035
414693833
22014140
80668551
38265914
16904159
1551459979
46081160
307456888
64366720
18554686
20611702
47317899
19762987
48702842
14997025
17685876
14340875
16557956
17650380
19764533
55496543
14340921
45594856
20868447
39966546
18897831
18716146
14332159
34941106
21695947
29908667
16432083
10451602
20796069
22415635
63129578
