1427356608565293057
244983461
70977551
2842554298
68352710
1706528556
184714771
84368180
728484025
1300008530540363777
1585589059
1260830019418574849
871668595
601882135
220063494
1219232377605644289
177858857
333279481
376158197
1410866743271051267
1291124616514207746
1217429690979364865
25127782
393387610
237524449
835052755
409955387
2812768561
730062398636314624
46869791
17113249
18988667
746943120
1096398541830930432
39599815
846726126596755457
2382362786
1349154719386775552
1349149096909668363
14230524
849082886
2326177498
188021130
5988062
51241574
2467791
742143
759251
428333
1330457336
30354991
409486555
803694179079458816
939091
193554972
419788091
1331771401892732929
1361341548
19233252
1290349018082684935
1231888618337325056
51396153
16017859
491269777
1103621601688543233
1309459346921848833
2269004974
1971631555
1255562159020478472
634367581
88170821
211808263
811229675758505984
310626575
988318398475128832
1652541
278941952
2893296315
2097571
1082674824114290688
2371605150
318271193
287583301
1301231352944234497
522157793
1206536558351994882
725700028392689664
19226961
3117838067
1237354206438326272
561510048
120109196
912746546
17137628
1115568007185616897
1192479630701289472
50303955
473914976
864201931635470336
634463033
379014467
24150634
432396256
257181222
2371727666
2917537671
15764644
852998983
26207988
41908037
274899271
1038017821
2430383642
127074628
87179667
4103850075
38638278
999555878226456576
26231053
749444851
829109221
1026168501051027458
1135780164804251650
467704840
1136546612459769856
1132915052992958464
1057342513625919488
271902473
401940558
18043746
2729147326
4186118775
26837025
25144335
265486447
430180591
99734015
1855109353
3048852564
428352489
955456516659859457
3747320115
14277722
237293370
831804089700872192
62060746
1070979968551784448
47934527
14930764
15022190
58333
34972320
414334941
21423985
862908228
373000572
66987835
33609198
143397784
255628022
3247642671
2859378034
75996103
37889285
68352264
2265580343
407186117
333903537
27836738
966113328
2188965707
353652117
24502964
2585736955
1054640354690039809
1477964898
1201031540
442711232
624903538
53019992
54577364
514596967
250435513
413098410
31367759
38660485
18611983
845643132
14420387
3019620929
932603165781962753
29182651
515431540
1336903502
425989199
2395935036
30247200
109374678
29928571
4005528171
864406880092909572
839082941036789760
1150965864
90831134
332182627
371238644
216796248
33480259
2533146412
58653454
60896067
14547495
361126944
254966135
28319144
964177550971990017
968902117
291305246
726408395067133952
1227661518
965952108
54917900
368892349
381591872
31068930
14300452
374003884
201646403
292875318
402655240
250196340
112390204
17508823
18557271
231218773
216851823
20943905
3403434226
76889387
45635770
112403405
82353528
19659689
68741204
251523398
1959103621
28128082
27062533
40209152
14584834
494995037
928145366956027904
46626720
2178826328
580788304
384015542
250062961
84610679
309559389
30257547
62777967
38648982
106153156
38402974
58737118
137289317
24146403
45522699
244225925
20914689
2590989042
786990323717312513
3246176992
398616191
20974015
846663964406824960
28104574
44175851
88656311
3246145840
1279871724
600892130
15297685
63761171
1487151318
332203488
19584064
2989393258
849561541301153792
1861487492
1405763341
265565067
450583343
106428909
2699699595
474414037
82342148
14284852
2576994630
2328468611
121131669
267180076
157907219
40049680
27704856
36624824
28726577
1160180023
2282453770
19769863
36960333
140423271
221064860
260132760
307456888
19705628
28099901
730745780
292787749
1669736581
348944750
193273408
121420979
707927607
580893470
79980821
34902836
39718750
3522410177
3748040116
606187745
2841010461
27749158
2949141232
28101138
580740355
57472338
14820456
177518868
827552754180771844
1277542093
901626904113012736
804678572870930432
429794044
219104432
143051572
108893642
88660961
291277159
2458005210
33464295
31374320
14277275
18435641
45321236
45565440
838426953287872512
551819324
835233144836075520
1661058085
493289244
822388866770309121
1880776908
1882689842
884539826
542059826
575311649
818460035663667200
2404437771
189492004
189888665
105265572
122725131
19185125
58550919
2696441863
2366854972
40873211
324780470
294073504
14583593
1702830144
2391609793
14330330
753281502880927745
745605314674819072
30924263
4556935222
946561819
560467369
627731455
1336791120
355132901
475277732
365102063
749209919765811200
748080191759650816
34578070
900392084
48536494
251764937
2846461529
2969588985
815275524
421047772
17821142
23263761
730429453566906368
395439921
590048517
2306042956
3318479931
505862575
497641923
186538947
468159624
37677256
2537787802
3406148741
292501187
404838884
417977566
1353556668
2397651121
2468904860
3164014775
4048152814
4233519316
4283437995
713303320488714240
469780703
45396043
2172517161
2176309548
2389717916
2504754928
2613311413
2785883318
2999558261
3293949927
3749005755
4727451136
4877919190
3052702307
3345794651
3387267375
18318675
42827637
68939643
413804411
15644592
34893859
20776064
54869011
68942913
76585270
14487318
341054771
4845326044
54199105
2467169979
722133120892420096
292904816
14402173
20008618
65459758
2413458981
2165288930
396771920
466480581
381502681
33483219
381446233
22910295
2867604598
1972165123
36006119
3079733085
3496852213
69231187
27830610
709441740881666048
158351997
241490028
1456923392
101758086
20611702
20555875
20853361
28303450
31386412
39052549
47423946
373890791
18714976
37231899
34050300
30923509
25483197
4812937073
337690989
183552184
2548082071
776212818
2272809881
2599841437
768179443
725753798
1775731
171439381
837552390
44203664
217217458
3439157530
22988843
201653163
1477474694
479407036
306383187
3067606767
4354178842
792605850
14419039
20425675
622840497
4053445697
855001376
127279547
20223894
18293645
74217252
475797974
130945778
1048446804
517844607
2851279402
14502885
14763346
1691130469
41573543
3216525615
1628655409
17187505
708314788
2891150805
2531417097
454191471
34256690
39484150
466452273
772116428
20778180
15579102
223879744
2425261350
3406117366
2228333039
1397376482
56044169
21746816
1349406738
34247106
67120915
65357795
3143905265
531294024
32873744
75214773
108856784
3334377035
2408889276
3209424827
51025794
41677820
3061352139
241959982
36074497
28765398
908615090
3303988671
459285023
2775462555
1259182224
3247537623
40482226
20761638
3247468271
622805603
25118559
32351643
24511665
10810102
52551600
69181624
807095
612473
5402612
14159148
14224719
17899109
50393960
33933259
6450322
14499829
621543
25087685
2924816561
14304692
1615438508
25480395
2153061052
201690715
20976857
2153125097
404981052
122072320
35186651
93247303
22028192
142282484
36378384
66985635
112428297
341564433
35212369
35211259
339055436
2792784947
391550846
420951546
1129039813
37630783
22415635
19764533
34931703
25817863
1453024098
39540180
560669277
44344421
40869450
2219254012
592072716
32095550
1681311290
32535843
2256388107
42492798
61617051
2672784822
3238614616
448336808
67013948
3175807619
2915459362
2831637662
30911018
96327394
88915300
110471666
461235256
94188924
1333408675
140488453
2914101975
190340244
3141144027
3198865865
222492561
628810304
27848098
1359797515
2424327958
60891099
18016543
3206778681
148391437
98210156
127856676
1167061771
373612898
1032411025
410276467
39456398
3201462239
40463751
2978062816
49370357
31745482
137292619
130773534
289864278
1328174474
34575407
24426957
19236875
516671992
464661883
23438083
126256491
18934005
2934007485
390729225
1731314083
406959840
3151116435
3118980028
3135864432
3107666883
344813078
54961432
31080816
429963689
89197227
263319380
80997007
42625724
136029854
22049212
333527792
3045826022
478072616
323761311
3075259882
235315418
490226083
14340921
53032573
231118152
85883333
38643660
844108795
35209332
55810459
349132087
98943586
550052649
40079019
102963465
63129578
49764774
1530111522
1227173581
3028587004
302999231
67561158
21890520
22486381
25499969
17867748
14407392
2494081446
167092490
2517531379
89484734
22475991
81824632
22488324
148642486
30662875
114754637
46080146
39976879
161264651
17675609
45919516
37904694
599541873
461105934
83585393
19188289
41325780
25295208
59447358
17066475
17482669
19256979
20301193
20676292
22834808
27845999
28952277
30873513
32416211
34898791
36434474
37174426
39219035
39339357
42042554
42844817
46641481
47453114
59548897
62523083
64366720
84639315
108417952
112871323
110971491
150763346
156944270
189051125
214049275
243206115
351650159
353664792
430998262
525514579
735780246
873304134
1178437964
37168047
62574827
31371709
21391879
19529605
47895003
1519675345
1640414335
1662687974
2228363243
1070929081
1273050558
2989401941
20140230
1417990819
124220989
106367656
39469650
220802067
95961353
29251764
44207761
25262480
364157227
410038024
39219318
32352209
23250443
761135604
562736698
20210193
354516475
26214264
28997082
743060426
320829399
83545658
319228928
151960903
156558153
71240937
322531105
80821148
154673517
28090915
195666183
31700411
404093446
135462216
177177776
6012852
136184787
395414931
1322229337
410224608
354975870
28133600
28526031
250055413
390115409
44896803
1330040112
2442536181
32341477
1076088475
82670042
113041126
26611789
467720558
367838782
28533825
492569862
2879542366
45845636
2477802067
2550149892
764124031
125982552
22172506
236839814
478026444
594724485
36510958
26857134
1433395334
1365496092
1399073118
14998206
55233514
304063438
358004737
30864225
21293807
345842262
28079832
398176968
30941476
1339835893
161801527
2601566029
314549440
221110729
189041858
2752846128
187142414
2807006866
1653771666
188256896
479457379
103936366
398571085
304651235
214845100
921518832
267361758
796026864
2390953504
29273536
871535269
906059119
99376470
223442298
17873227
26601441
34925517
18948340
525150755
2378683720
1450680715
1130136218
912566684
33988509
24523390
1625128381
39974570
2264840661
2645220702
1112477467
2751627937
45565446
39014421
198625434
193186935
2731420412
369052556
14617551
250095166
287805833
39743376
1557584240
398613166
356128400
1221913134
574366564
1089927732
1340224394
38628986
577393516
2580682589
20432556
21824894
44863614
2491148766
250175223
327064489
385361442
228820203
26725154
36775945
32113690
250106493
1096143589
56467191
28077786
148295859
2469371042
42854528
404354070
436538933
42716678
406892131
1196497765
313845197
618186440
49073990
14237373
318855601
75060420
21022281
66664753
14332159
74143933
48302295
115441879
45810524
376747336
16718406
1281077874
352534464
1157965518
63262403
81578629
21846143
2398597992
440702018
33667980
478039169
19386796
38395013
133887945
23582636
1546313839
2181866944
529334746
69538062
410731663
255004362
819168234
1859727049
458203852
1285983960
388103928
45909797
48713549
27105229
89806212
50604877
210807672
102976177
80248689
205254000
340225521
226159916
13360822
14125317
112813136
299517976
247574859
20195297
19975445
18716146
45342108
33307967
17650380
92962860
14224622
55496543
26719548
10451602
29908667
34672923
267403905
61724625
18897831
550085442
64697682
2383751275
717610795
1281745435
27692462
808423141
2394037892
1143360360
560965705
22194908
2160432810
28313430
26076279
31499866
96861734
2240680102
2356625730
296750001
1409688163
180315164
19901366
103555738
125617191
1371657408
19609697
36028993
15101278
2337771695
72245600
385513728
14118604
145208733
1286919403
878477161
19646280
2220084701
36307732
16557956
18609590
41337693
17813010
500885877
279131939
66433571
81927608
1466884968
14114267
36039059
41554173
734478434
487573225
588234393
252800692
79163086
920840732
27716729
94397645
2271186381
573535964
36918193
89962226
106077757
119900167
827523758
47698036
120036979
61781451
2177906808
19343254
899483166
51403907
225341716
247185936
45594856
22014140
47974057
23849809
37193436
216448026
33497800
965762185
14997025
62266883
473829279
1482525636
138376196
236829256
208623146
34889570
25313658
33467543
69273072
119344327
82325555
601917945
23986190
27877065
213584571
19157451
458637998
19775860
31267211
1487623928
101727020
44317501
390856590
317101757
16813552
42715161
142613436
20868447
1279725505
14687587
883921728
20796069
813286
21695947
1637943235
1652920406
524428922
1670197388
1664666539
1148709864
107354968
14340875
90448119
33885551
1450893258
43084246
39966546
26267775
95877736
63266077
532576506
199670339
27317182
46081160
18669139
34941106
47298919
21588799
333290214
1360095104
16432083
76292859
34910028
221822662
384786873
233511339
901696081
77041321
141744721
217530764
45315024
33236436
34656014
25996040
276172272
20145056
24950478
1357278818
1339168716
1070857573
92276513
34222774
459316218
269985725
37665779
