42952731
4127816465
2826065163
20676292
37665779
218884515
314081431
3317609915
182362505
4114189936
33483219
48713549
46338044
90831443
28818351
64366720
61724625
53367893
1229508184261480449
1325009929560875008
29928571
136184787
328445838
1603282212
179050190
45531571
58511405
22028192
3028261660
14487318
14224622
50604877
361852315
20301193
3402615569
102976177
86154361
524326247
338209422
14304692
599541873
20223894
18716146
279131939
27844742
473914976
1479532554
14332159
76292859
17650380
14997025
34941106
22415635
16557956
16432083
1192479630701289472
20934285
406892131
14340921
63129578
26837025
1450680715
210807672
10451602
34893859
436538933
25295208
74217252
14340875
69273072
226159916
43525582
14114267
19975445
36028993
603775254
37468448
31085474
279250117
3865678821
39974570
36124905
203669147
4871860577
28529735
2537682190
