1414494862204936196
2228363243
183356975
1225199370
262191989
832766652
404110448
317034318
940966075675631617
1691130469
17864273
700747662761394176
4867463752
20504947
114476986
272953342
56328067
2978119762
22604909
2812762495
27021630
255183443
213267399
44344421
22509417
204525639
631191258
17685876
517844607
1282801020
39591602
2282124549
20238626
4193051236
18948340
33166646
1851596005
890481727
33494129
127074628
2250673858
67931001
19921092
273837228
3396068908
308356624
3296149975
2596878072
1950234158
1944200185
3248685665
621792565
838103592
3241923184
619152353
22121419
114733482
44324818
282229433
2415920848
17168052
28971528
156425897
20839964
21423985
112871323
66985635
307776899
398124347
14284876
26719548
341962652
111107965
23189168
331257640
2752841003
2533722819
2172431470
3164137415
753837608
74143933
493934793
632165452
2264840661
501152686
17837021
2793744833
1534655556
19529605
14296042
86577305
28094274
65924567
42231706
1277274002
1538806777
18028676
123042190
1583475606
472784395
912315072
333290214
31499866
18046947
847066238
34928067
59548897
28093496
14224622
213584571
83545658
245807678
487493647
543500550
406455791
23582543
458396252
459714637
585264763
9460682
16335435
47423946
74418848
124741065
2395862654
5402612
248772914
247185936
464202341
28075839
41636619
35246361
800239220
223194178
181130452
428080755
14379246
58228836
112714402
342861306
306713113
468679492
432598512
53015487
58187044
358382685
93879508
61617051
66987835
389941495
242491033
26588415
122072320
18461311
915243422
452896048
64123461
24712099
18955891
14127542
1162561099
230864549
502068718
104563123
28584427
156956367
1541461
70225982
89660415
31109465
22028192
187457092
1348418760
977112482
1361485590
39052549
20555875
76292859
53367893
218884515
37174426
50604877
1005990247
17675072
1382215398
261840015
32647633
217404729
63442375
20667905
34231784
33307967
19609697
69273072
102976177
46080146
41325780
31085474
38632472
33483219
20934285
36378384
16813552
34556256
39966546
19975445
48302295
28818351
20223894
23849809
14332159
1371865321
108910958
938739001
76450358
41554173
84709356
38282491
48702842
74217252
43525582
33885551
70616293
16343974
248348027
48713549
21746816
42843759
221822662
33467543
142282484
1361842026
46081160
40049680
24169740
178920668
479442225
353664792
19764533
43671722
437997027
6012852
42741077
28110788
19337187
26850290
19077517
23641557
219768304
466746678
523158633
40482226
30241775
26470805
33217838
14712588
2884771
742143
759251
4898091
807095
32526649
198797858
40851917
112428297
46099447
19784844
31840286
19256979
14763346
34703909
15895694
81578629
37978805
19977718
14365312
425708396
39219035
194870988
206758971
2803191
97635702
34605396
101773656
19119226
20165293
14997025
13850422
266111353
32660698
78926518
372741260
1007279654
288695161
30322601
22475991
32482854
18714976
25365007
17673981
10451602
23185890
21391879
32671410
216357534
73101257
18716146
20679454
40935476
8671202
38260259
21695947
146580117
314756471
20144046
211129938
55496543
219758949
31985912
36027595
14125317
210463171
34229862
42920657
63262403
364758589
28087996
2097571
390856590
1169669724
456625376
102616697
15749983
143025514
351650159
30934541
37468448
25264938
22493750
20596281
18270066
14361155
13259932
18213483
18462205
29716556
454191471
27845999
28103763
45594856
18213346
381502681
421125838
76040625
24737507
38643660
261750054
20221825
463855799
66801323
176381744
1128962040
423470022
34941106
21905404
92962860
246177161
422871079
64146627
442739980
41112318
495004140
1178437964
465243235
19188289
14284305
62266883
22014140
18318675
34342871
243251250
20142758
509172472
33538992
72832208
68668134
27844742
35707103
97411039
14118604
89129211
41781318
1189629678
502807130
873777366
18016823
1191196615
17220934
33622690
12615582
14539324
24741685
22920732
19904252
28757140
37876601
13479052
36028993
138535158
14237373
428333
352534464
20195297
816653
618166258
63421565
459275242
33201755
283018310
253630753
20425675
25144335
25118559
33497800
57932072
502841774
21078664
66485074
29908667
279131939
33187527
25313658
24154098
355702635
188256896
122195535
267403905
838545979
14274835
217217458
24143353
14340875
65447476
46688502
42844817
81844094
246816735
196999109
27405283
44333057
269038282
14287018
14114267
532576506
116732090
416486744
250539349
307836988
31210522
37443725
275461876
137292619
813286
42827637
35888541
20513866
14340921
49073990
33506248
20301193
16557956
473914976
32977404
20585218
271547491
90517227
568138357
599175264
14287088
256652097
365315890
22415635
41337693
61724625
32866277
17066475
20659166
18760790
27207896
45845636
239561620
270927913
18016691
16542861
58733138
14487318
31111153
24584925
72797562
112813136
34672923
128220859
7677252
63129578
20796069
