296159942
2513321868
1078592474
963484827130441728
347147257
1189863614796247042
413848450
443156042
248772914
1270001948452950022
59808841
1239182377307561985
30850031
1070979968551784448
351548925
1121112333995130884
177214413
732880138199834624
992688838987436032
214414516
329637109
18310891
270023954
3369295121
70225982
832277390302789634
1196015779227095040
1106032836379856897
35276169
561389155
1248411960
52566588
25657401
224543211
4403375356
372735335
122726995
329004156
827799606
246706678
1205621382886961152
3332580784
1021426354150150144
2412739760
15076342
833321647
3305360409
138356914
3169963433
51002583
2773496200
1235727171747971078
1379772720410411008
1097215362305847297
1166773546565144581
139935679
2178775035
2187155450
1361645341746098177
1259956813006622721
21867628
14116906
433608736
1382337056412733443
258777567
795943957
1856727097
230457924
840409864698486785
504617582
2460381038
2478160297
883746512660025345
2267235260
169201702
783225125810343936
518916086
3114313702
339667353
329884396
347139536
494158786
154778534
24175389
387112097
420592327
18390545
861976100
1358117090268446721
97223779
471246665
124030765
369786975
237938196
17004618
168426736
2189600919
1386419118
1079080719253733377
135085424
14304253
3105815277
555088837
289568966
193217423
1235220694931296259
2187550941
450577085
322577505
604667467
3107195583
1715615120
602919997
151564554
237362654
504834362
167757224
301525935
1347100344095027202
1325196680304549888
81488726
2989169968
27916865
846264758
35303718
1215149156
78955161
841465166193655809
3172047450
45511355
111553864
1124814554
784797226556071936
84165349
376819013
22007731
372798788
19864877
469428671
353029255
2926962585
66192191
85286794
16511394
216274281
40326097
3132221185
2166754591
93622688
1278624349772222464
1356943026
895220270
782518430188630016
1250818384545165312
1085185818937835520
817554637
18394995
40505648
395972607
25133766
732847164850900993
2428028817
2719526967
1458245725
2754536953
1279616328421146625
2866030426
1078405390675660803
24046684
1106660360923287554
869909089
2480168240
1057352785
3385533365
500629760
61521038
509744485
1878721232
1346555851377684481
1059850904483086336
1307611178
1218066421638488064
2426189960
487673211
820452522494226433
862700596070989824
1154436905834110976
526139520
784407217760006148
37677256
867214392
6475512
26213840
35325872
3026382405
232193350
268939503
1223314595504435200
1890151741
114468072
50084549
65317267
712645860
2185062985
882967080
1224429271080480773
1068454256
1271921593
1681027554
28978912
279250117
2829474409
347469842
23306599
355049886
1541936100
36160400
3986106142
497337924
201667307
1181316281653514240
21575737
1223302773418209280
863338382
302847532
618137878
1594702040
259392379
179284606
168174633
830403180387246081
484888944
322803264
14368182
19330445
1274744285313761281
20984741
932726724
17803404
1050350887
4765008075
724503387241349120
51991671
1373597254678945793
1176994477
842331796289290241
1322183742933372929
134084828
1372890163832033281
360087997
24955372
21905404
588615911
2906108529
921680309669842944
931202394037383168
2363494092
1219343303130468352
329351248
488785742
880104858212343808
3902419828
3198010973
546095123
447334179
1297954075984777218
70985635
1354525155238801413
4764882552
867748383108333568
1315891948608159754
18186419
1167336132486602753
941355430474928129
2365448402
194531073
1091886498
241567041
455163625
2832109033
4596301403
30834778
81415307
38260259
577364772
1224166849
89284278
16804282
248597949
1969191133
39725438
410313078
1234972551593578497
840577446541946880
923618394724818944
2422183664
821810963938766854
1158625949245726720
951220394748469249
2212681386
1310587637842010115
14712588
172896557
2680539031
1317096866295746560
3581315176
2800183793
3334339865
1271375767906197504
196994616
29908667
99357523
2412597084
746645855541813248
64025936
1661058085
722436507261366272
2831441855
579163735
372755940
1237417418751750144
236780890
2902650220
1353191933829644288
1015167926813458432
1232265070178177024
3224663561
21679573
422825907
221822662
1063718275840974848
140070953
202170318
349643305
707212147240128512
25100920
883017788159389696
1339549117173927936
1030142105572794370
2861422920
4362952695
102891072
1295658717820497920
927259054807945216
326250749
597643381
15444256
18292862
1289194938677288961
148391437
600188579
302612407
928744998
1396661888
37921321
435791355
26283813
242496394
232269358
326615671
118010191
4926687075
1486490882
65399317
34543935
702497747786715136
1466176488
1354772527638323202
862825794
19770476
53060592
389386022
2293272063
948464795946233856
777967966600175616
1195025771368239106
260928758
817767408
143085351
210635783
300876599
15079924
19649135
460364759
249700990
5402612
788982234
2174470418
518426627
14055301
11695472
8161232
115099953
85289376
621523
1524236191
1016679763807784961
24158592
122392913
1019988035050655745
1178630227
327324133
123109597
1421379786
15007149
214842351
1100889915435429888
2990400792
1196013452394934279
285677567
1225753273401036800
1049246592564436992
394830712
45565440
498631199
2782296910
1887669427
4284718455
801203059359678464
291929844
173752600
127486474
314506741
1541037103
14114267
34268915
1596545360
92960940
2805627770
370103895
776908904563347456
1103420859501420546
879271956373176320
317034318
33152235
322642633
2790094654
442169653
2318961447
217197631
396863775
47073928
168781455
405113967
70665468
59065675
2301440146
208240682
51225993
1734581473
106479287
49948094
41302772
41075119
1292390851461685255
1175132233054793728
340493928
364199566
1555397550
493012869
434323933
2434267783
1338994562090602497
299421853
124418093
372296470
25993111
1089552211
14741289
14297516
214376701
4647632253
1252595780
1161061802
1186425182
58789930
970010362312617985
1193219249600389126
574451079
83594664
1191025618055520256
19201740
1214695072236810241
137776972
801968617839439872
4169722942
1115500298125049856
230447418
484506706
516254532
464090406
250849265
251063434
28652377
2815450829
1281315524
473907309
827989402441936896
767585017
224915703
1222935065543499776
361364277
32859695
777904700
32174873
948857202307198976
527887628
722182635150249984
1307956015330209792
3213031280
85309586
1351980042256003073
466027049
913507970
14310592
1601886788
1525576716
1324435839582167043
20756118
323710529
1718379914
745389384
1850910643
2261731889
490173594
912766747228475392
1191289959296258048
1085862396172873728
1217801761
377946810
28535253
3433931391
85469815
1877831
1290262707678187520
1299719901213609984
1301141828612300801
875135017
2728902307
1281131237021757440
70638743
1222828057
2269004974
384514167
1081190760987480064
112838324
1055344234138689536
845137104
37063961
1203730472674746373
239505684
56913978
802830825276448768
76093893
70109916
637277976
1223581513830281218
1313107308545740800
23936812
195222591
1071053863430447104
1187388616001163264
408530105
729642246862180352
38453785
2355358625
521183116
2352786101
2641221999
4194163403
2277366406
1352471306
1116623564
509944875
35501980
42878810
258342333
35101952
380657590
60460224
325129312
1466579064
16064982
20897050
289518132
278485485
45311246
257590377
394266397
1096398541830930432
68670910
35888541
1415387844
2311510516
2654264795
494341270
1245713342
2641331723
16972715
842243418843566080
22528545
1364401086
940970896231206912
549948120
2796221918
930351008848506881
3467112376
35690250
186527636
272953342
919095216
892715413167013889
874405350
160529859
518795444
321011964
77806310
1472027810
526627650
107062689
26979187
376930122
1363893673
464645247
3311655025
783393750454198273
53970342
17410682
95883967
1346947679947956224
3061300019
1101985276929421314
1322129574
1161968678818242561
1216061304445849601
1284113417230589952
46445037
151011781
19712127
778867694
625098984
454097455
381666539
32844394
827259086563479552
1516215103
826350458868494336
824936020818944001
1927007911
91469043
1056847071150555136
16805215
4471333827
1041671056790970368
753638148958216192
822518881138970625
4872627238
281553305
630627399
3515288423
1340042392112689155
135955215
41082097
15848266
374176832
2874173163
82872579
26278467
33166432
19749502
28032976
1268308730753568770
57154041
1325112696283525121
1331621479
524196738
130827304
111974180
579295585
441090098
961298318008733696
193712204
196675730
33659846
76610050
17209005
419093441
2425363525
977654216520011779
26328944
16729453
20795318
428910745
875498788005310464
136240057
371918261
738443141108371460
284289647
18789100
981618483317366785
307522979
89277775
29821030
2326228160
1346773677791129600
2333709170
2873912499
785219031259344897
778152513954521088
1369193767
231830923
964435831724355584
768075144
29944820
523624386
153375577
31087581
373562937
1142762864
33496439
26710373
310626575
1208042953404497921
3790184423
623964152
16646956
36006119
15278182
40332787
60888046
22771961
384518775
1416102336
941388744183242753
2271888624
1288867202
542070097
1337050315791732736
960878850623328256
1004650904774172672
18018355
2417351493
873304134
195322707
2402541958
1655681040
883392988075835392
216065430
138203134
803694179079458816
15764644
821784477076750338
1323730225067339784
1349175483989188608
70937097
408489413
14508493
14323217
2430465663
359573726
1284451386
1229822846404349952
14763994
67845970
25679544
932229984
1345453522293297155
906811824720547840
59200390
1126198074
813329441489375232
3167575715
36423190
237260418
486677940
26424739
389548615
2569743630
24727170
1349149096909668363
822215679726100480
818910970567344128
23925022
588149318
1317222319
1513333748
1243082982967123969
222299200
14289813
27959173
464061917
38434400
130597727
1281665017981657089
1144341867900940293
23741175
170683432
576538750
18240207
391424852
464950368
31398221
136187846
90818945
64404994
1047926840306913290
172537869
28693649
1209885566743040001
292875318
67724181
20058914
2962579600
798601965206966273
348991566
470264590
49288616
1147068670029520896
471802731
43285951
73356074
883766109685641217
1324088059772739585
486386146
249539943
24671642
1326084155587883014
700957291
14378181
1171468995871920130
1971170186
759251
3108351
15220095
117081052
449107440
1139101482475839488
38504187
1325091906691473409
323375285
831236887
42136753
201804770
16134412
15287204
21872414
13010542
409527237
19498265
1019947534628814850
28110788
29318862
88391265
875439319342862336
1281349465
1349451800848588800
1253587333
170265234
828254562041602049
410788403
414320817
25813743
474967333
2466596618
2359473830
209989445
315749809
40633689
4503520823
2863600085
2905755646
192186955
291892855
1056489746
63145400
1310533649385820161
1338473818130690052
385421972
15808016
614646965
462397146
136999700
148043601
1028137162154409984
43566423
28083611
54377143
305580442
3028223825
1096055512955793408
1228448803
1312018365851066375
277461020
605490628
94721506
284761553
132949080
62121469
453765473
568334003
2805478189
3233964449
1003699123940446210
605291007
22902764
1068207756
1871890350
38889035
2742779805
36045159
87395124
350163596
452898996
803708791799812098
19949760
66009407
95097499
28405075
1002139728
237036551
29963409
51036811
65621871
340409720
62238655
2961969729
618965660
1278985530450030594
738573361
1665894013
777668834
385433309
1223966867930435586
1664459520
965003511414083586
1254179511706492928
80052879
123642846
1903677397
1215404396
4023469463
835070451625902080
432927079
156669931
91513999
827448415747502080
284160468
1321451395405516800
42909771
255887362
936860694997360640
141134894
16025112
191461735
28348670
24663514
1631288474
3161064605
34611886
92717138
957444328808476672
883931413791338498
1172530716
3190270708
1058076294401921025
1100701050
566938513
178075465
1182931465
16109944
3402388037
45866701
193189523
58506255
3254614587
26859030
142666295
454120379
265486447
4286475675
607019469
2347984669
928954262742294528
38497695
19058613
53876028
1408190809
924668026598973440
391243055
807391130
1277418037814022144
522984264
48783043
27612996
727885148327399424
194567509
63980005
59826591
906181147465482242
1347868897
951459387813584896
360124413
860680550
835000178
36943502
1075966500014571520
3215204086
49012692
291270241
34001012
22708496
551819324
316226602
1165834475051409408
260603193
829358385002905600
840967478155046912
1329547993
308939719
2559450053
3316898013
731608388
434657188
48258770
925718293230563328
298778066
1061724811293061122
2882811159
107184027
1177730995161899009
414797232
225344054
1652541
2467791
300442541
20038291
818282957618216960
1523082728
2945688105
384961548
20667906
570071868
805541716342280192
1149786344748736514
371831498
1340359753
31464442
1115670843256856576
37300401
316767796
597822270
393370698
19190875
16575626
707511117417947136
29746915
33250655
95636081
32372724
25994696
20357641
1348277873124249602
36683668
152866991
15628890
2500899012
38392006
59133641
1231820270
14473530
20701231
135894048
303374023
629770638
30934334
23737789
66735435
985109683
386723595
1399241101
132944373
18122971
471536446
754071383395663872
395248965
22492349
2396591178
331471172
395622170
1735631
740234048430280704
2509748972
1184099033465458690
259687598
288444593
2896034597
14135037
1323360708491386880
125941811
308575096
1029729547783229442
1428604879
36360601
448162713
14257199
52665532
46391393
1157978983612473344
164057735
802944686
1109244709
329728757
903782154
515428278
2872218131
553615446
406978675
1192802038729576448
2765883253
2552607488
14703980
220071263
52854526
1258125680
276171716
1269200191
467225373
245925505
394601682
2741517373
552032678
369014884
246419270
4089668476
756988531
84842549
114226510
970207597
83385523
507842392
1603282212
475024685
1330166042144989187
1076102425
3336480731
58575433
314081431
61875589
1339467937158184960
23155802
947144948721356800
342652101
2501261395
753545143
110660765
1147681724
235567677
1941665192
470972977
1023671172557352962
19160308
736712634
254235974
844562487676719105
1971572838
169480265
749650460
740917569142566913
419788091
739033251348631552
371275968
423565643
29169706
1331333816871477252
457721578
213652258
50082777
275965623
1201179948200996865
1313784354347384832
61191822
2177543188
586679364
837174786
27688616
1294273296360513538
39807674
3014607137
3242360104
1212744165571751936
1338052423772934145
1156202727707435008
709768881284509696
32051650
948705771151339525
987281356790083584
887491807524921346
728225332185149440
939120842
752225858270662656
390299034
955474624917188608
166280355
779685735993663488
66093485
3188150764
2708009307
483251833
297472158
117455117
450868400
2313382092
601922436
1302585651053973507
29691747
1143184154496000005
1927435362
778570878682533888
154251253
1013791235570585600
544290399
211789709
1675636452
1083818311153053697
14440414
521323407
1248693374
1072408852849659904
997758038
2681574761
2867005355
325732523
3386533894
18529878
2614506238
484535164
1238041699412303872
4084173861
221399303
1064231754750484483
445863058
29422231
1424316608
984425161381343232
70767339
59061555
226094882
268297082
6452722
335510118
20509798
170591188
33914587
157455395
433735138
763731549992939521
1140227619608305667
728475110
390732949
223573430
45376684
40962593
1567696717
150023336
352230918
210941372
1543804904
59068624
39501826
108876920
3086926163
276905731
2878187600
730842835
971301140083113985
1642600088
2861984488
491318595
113325074
105912335
781569027357470720
2235053879
56718614
1289511102305492994
395323916
504710368
276408730
516773751
523623570
391572559
1215567267959910400
3082023361
2409850943
95482576
822011689654779904
388397854
1100208901
509958717
714203095002124289
403294753
166543007
75638596
155829739
204687390
883258674252263425
2559002312
1003301428725800965
76099002
14613022
1214989609001730051
1117307676
294566360
66639921
56199360
34284610
14226613
52366390
981089652261171200
17960721
743723681717751809
216150866
954645399637250049
3391710796
64366720
3131144855
915304756121362433
846636140828463104
380824639
27299858
1304046761636499457
1330892617903726593
410959077
541870070
14285140
341101091
37659356
4119469527
1061218959213633536
48959815
19972884
1026436765526253569
1484094895
14605569
54974155
1010189344743854080
84815718
524186222
1280382983057346561
3043335867
2992953436
88200293
852963558
309681251
627401321
472694608
972158785325359104
1925747780
29722587
232936540
858674768
787182156
872328164
137734273
340418256
1315437751710486529
777778355965947904
549423208
1821813558
225464295
388856034
133761311
878758923565580288
60889058
143939536
14224622
537072667
30439759
108352527
25733903
135462428
63852205
237735771
263843782
49567113
857157351903830017
1074930032
2920412133
206737431
153556649
432636379
596515624
898302865151860737
872016506
950824252562903040
1249718202877251590
1287687758274854912
2651688097
109549520
43524776
926194112780492803
743055874479038464
834049147
121068190
239323944
775992415962497024
494341616
528342072
3524598981
903337701944025089
30234944
26199451
1678795062
410620123
1309448174931714049
776355968
474070514
103065157
2948937802
31140165
3439684755
749593867
918495250452307968
954996284934578176
353098685
1251572776420458504
27029338
45249172
285182197
844486678324658176
484634488
221580114
1362544471
3181115782
705894218443661312
288956602
3816356002
769901564
49905481
1303568044304687104
89439062
1146329871418843136
1316057665949310977
925441731331543040
31351423
1051513087898075138
495397973
14296301
1179175525
159566304
954646879932952576
174613728
269948336
31209400
1119971336485507074
20697218
23176823
2609619064
27835974
941699814
33216828
91998886
373565302
2649038442
2811612143
1864808131
470215305
1271692193238061056
565644285
99348139
1091660777059217410
450156045
464105071
7474972
877790893775998977
79250743
563559770
168624772
21391301
117378288
51396153
4260193702
1091989969
4221104657
1015731654873243649
759828464727887872
2830373630
819795753715388416
75248850
928654093270372352
240443994
245327351
437430917
3037311033
391909906
2297402709
394921438
134426012
1007744523949236231
249774386
2705199688
1091752334957428736
2965044250
740314308492435456
858739698
1249362488
403663465
485214361
1325194883880128512
587812211
422035307
396600018
2740286560
3012996081
258289147
96191122
739253130
1019111147281240064
373976467
67328151
262394870
904685345555578880
3232924232
1236176044614393856
233942985
397411698
20910944
135820177
171314974
56723973
68820150
855038156
3358757890
130746857
1106587881773117440
130204032
4570789301
3308599215
28109832
48557655
333385445
29182651
74406096
281710327
1308655237
65619734
3404285571
26530119
468700535
2764146761
471882738
27429184
72801158
293136506
225745312
414036052
826743615875604482
565028689
42269530
515684979
739433111885369344
477122511
448150138
67016188
101727020
17615837
28336221
2714941159
37182603
24571952
1300792592481873922
14376995
29658272
41347630
149955780
864724196
856290036
857019480
630970037
4658686943
17290780
464503334
30625026
32868622
257897630
49336316
142213666
1205100582
210766079
34049755
28072620
1717294334
1032491120
63160235
324419106
14317755
390293738
849527574
426518717
254512254
456615033
515505688
890459138
242323070
4923899261
387077932
312165620
1001939705510932481
487458260
1365183726
1202056939
251163008
84709356
14233504
30867104
1091851158363271168
2334077075
175187994
2401294028
324402333
95575706
747809342
162669042
238315982
358732354
476938040
1082595214160728064
348961090
1059092400369553409
426047000
49935296
946372453735034880
1274259525563006978
53127279
468508022
94851288
228654631
76673256
1510606650
542126969
894460224790200320
147693000
327008531
332379440
2931979738
438152515
1213479639496060928
36594701
702086626453880832
1185270297043329024
1325106622004408320
237462541
750511978041470977
30288756
34859489
721659922371473409
393328609
170661467
31362600
14291845
246418298
819539254896365568
2420746373
2956817649
21390842
757968800872562688
1427404915
481047860
473873055
295678788
2226136414
1283867743901691904
3659066967
462208067
22955401
472294857
28550883
255961843
1115181945380589568
43690394
45673798
306347159
503245246
1013110541223628801
320332939
715834782
801403866139029504
97000826
263036648
2164176075
280183942
717036122837266432
309369205
619888243
828839316
329931630
804597968
3228358437
17997231
794271485649096704
896542432933924865
236113724
30268307
5117631
307405267
41796727
345909289
479840045
889431692536152065
46098362
1046100960
1000665492133117952
2470331074
2822821655
3001761658
1934485416
701798982
1132361446661263362
383326632
843084723484278784
879484856002072576
2699399141
3314010046
40547430
430475203
1976642947
1149039278
168829577
32528588
704044479519592448
389543413
401542924
769145549761159169
1222916687445594123
66705819
387000289
562012877
31843640
2618369457
764761889024901120
364200006
238717678
293980298
288136854
146868457
488691192
766596224
50082898
2532158394
179585864
1358883631
35001009
1019989318193090560
1293936805
3105756778
2510541167
358871900
818843509084082176
1472385247
394633725
24367552
716586308550975488
423550651
491337097
1316768702986162177
904566048
13241742
244045939
1039973104037109760
130628676
240581865
66340772
1175353406229291008
485640114
2572733922
2592835119
2487318846
117023932
43606943
1043114631584272384
346773770
26512324
30836079
262491156
792605850
29440550
182103608
45833962
2439562192
4655701516
3393385137
2344071269
2325000927
22760020
400303425
72642225
1013665285
844237640
1234885187554729991
1232215907868565504
68472905
2256218511
636034358
881980041743171584
18269413
58529763
760731270
38135837
2290658585
3457292777
790879650482364416
24027430
458564596
32539537
356740432
2420157306
399046632
3558171561
577855398
1586216377
1080601747
738437803269324800
193047385
1389838586
12788122
20425127
210477772
20078169
253528391
72279667
559009535
14302420
1173235207
2883094375
66204249
33217838
314821659
21830064
16720345
219304959
1580147976
17927660
216020969
28528811
5201311
1034011336185970689
563235947
15360475
14330330
109374678
1111524997
93815641
172724332
1460859835
107080459
6002972
1034855748
94105751
1226575086360186880
112487412
252221912
822803899
28795459
528630505
37442216
1479412651
454977242
43694087
24564251
30422944
764232049
58584215
274233070
49611127
30832279
337951420
1120061658
72228773
93898199
1085959531
2295705953
636438280
227476275
33260668
16047333
67299508
2267517833
3143918842
43105199
1023641184638574593
2484236408
1281288101718081536
35445227
587432713
390052434
863073687855149056
112150185
27718077
119595878
306688987
1290914712566337538
1904170514
508817739
793754305308270592
1073486504834592768
1721889648
584831220
246176012
234678375
19768292
37904694
218774237
720452732
972856027245838337
51579870
2974487561
2966064568
315929420
26195766
119155159
8876152
900334888947257344
702948714
3395637394
860605932434325504
87762321
222474759
2995631530
833359200373862404
257242329
603775254
732348631
50305974
2524825165
105830452
2956519895
2714349168
31370002
4899304912
20646711
14113386
1083724849011441664
2163865473
118196461
19177523
31985845
231441566
2312604479
1268113275868381185
114389142
30862510
1278387600420679680
1181690018773049344
14351028
11193982
22159078
14860484
35470878
63392970
1238843193543864320
1617493670
49270551
1177329699866972160
277021023
2160570740
2809645953
173767535
28774762
18668413
36018369
97405818
392291731
619475949
424529589
87517927
134425466
3655036757
1191025383157710853
302664823
2470136607
35736185
770132330
66634656
2178834655
43174028
469331473
36180004
3082346383
271646152
19293899
371817224
81381193
935134545195790336
20013086
472366092
1113550372206010369
59197171
306644885
34899856
404133653
350613181
3610988307
30873513
1240331634873962497
330874679
216502965
2777949597
1199903830173003777
383786444
388858482
270031753
388210438
204889502
455930040
724857631173664768
415383770
26974962
19501332
2412070252
31547881
29311056
240003465
101834804
106051761
24890121
531063685
234673244
867132148083503105
245323483
512461639
33466194
1935352513
1420264670
886639301508943872
136029854
28539272
493451611
49367709
176381436
2743330251
882566035
26782987
390406175
285126176
223231302
1240720542711394304
3290383161
203335029
896010173717852161
63414077
794007907
2238218602
254545609
88436485
165374512
1131491727087493120
237209123
897184762972049408
141277576
45523610
24518661
489648507
486872434
135229705
1127630965738758144
4653584020
221924496
2414075550
453049714
1147277230399209479
535438154
365598616
477962271
814960539860434944
2358236409
28182176
408442641
788748461709594624
926799286620241921
443948325
3130909253
212362659
195899672
960500211088052226
26595713
1595984736
84372993
427502077
2546075118
245461128
773056885
2627319680
1058472955838107649
195914629
437803905
1598558112
453236818
2845030174
592708614
2180591288
2531751904
582189891
1313231498447904774
2425639097
24475435
1294662682075893762
108382182
3300989470
1246103435923070977
274489490
494429348
1243863842
171211471
140878985
3199951
1013711491311251456
385920208
292885014
272507554
96460530
448468314
33886474
140350532
22201622
422611664
1891481316
1515824094
354441345
112289234
230435506
45822628
42468279
24044383
1352172085
1423182362
636220977
1866754303
1524490177
84634624
221384307
239541918
95137553
34012881
260629823
539215090
17754872
56662593
783767093711933441
761499357153746944
1051181380732968960
110670585
1160176474978209792
155177727
486427773
441234210
2580707677
2408474134
333103564
39227903
34211891
23828921
993084916509356037
44222407
18724369
20927699
1074870404
3439837403
387680837
97446611
842310032142274560
1108352285892063232
742548835
879250144625127424
245505262
259404617
477559771
1689413918
572540803
221362398
285214185
565710092
1193849958
40340159
323663725
929741497360175104
43780075
1148654088265056256
966582247
1355159401
876576338
2537207812
1456396616
14475818
14217648
40233148
26980309
723198494207541248
29167559
2732415487
277622018
1439215178
26279353
762347817499238400
4754758707
20044665
14829057
14649930
2400294041
61155745
841868797
28892317
988431755668525056
49063460
1185565956497641473
882881868181512192
2367748527
1102159628719271937
569172553
2830033544
28576819
423697752
373983168
110160501
17867455
528315350
4194110981
102986402
923135024
2256168387
497236942
515875701
328622718
30881344
24942138
1026437581913944064
208337142
1228761872289144833
1106285309422198784
1115171606
1696210652
19653874
2907024810
749544272425254912
439441878
2971956261
1269588677904269315
49406048
873029837224525825
29156609
21952867
76620799
193625565
577279660
843109927128391680
14343745
491583390
48392008
2182435839
2444144143
4559003139
23624195
35445447
46420581
726525196539187200
72953579
630253785
29988288
870379862892171266
203470976
2758359887
18344887
1011169284
1237849737350352896
360765305
21428364
271522822
245556652
303801713
402007310
328865009
210569161
1262201995
291590359
408823453
1093432512490164226
1896734448
963952136
719194254
896013066407743488
751044012686073857
314152424
852956673438351360
3216973433
42887622
169244081
36026971
1470739297
538482752
2559501046
18600689
975773982925475840
1290184602385108993
283219453
25144335
846133238
28772874
62946119
427537521
63560251
1110285194693693443
19598263
560318650
18982509
338615598
821110070
1066468030182551552
585108927
562358440
33593294
1364985679
42019734
53675318
902400946298380290
34575988
555282125
1081484377933180928
26192327
211098578
335526876
25716438
1617133458
53039671
991386113154658304
3400739613
314635115
2653145065
1875182502
61594707
50676238
1382715066
204525639
1319757152202952704
58554071
71482818
2410546182
31007362
1324019953926897665
57832321
718349821153832960
1290651308442214408
1325095369462706179
1036652855753678849
28999033
2389241164
236399908
1455189506
19712601
101891267
498916217
33562987
3304849108
18875476
518467459
388813662
328494016
910194139404349440
310222442
833201645840367616
38282491
1962680772
41183221
607294673
250357438
464150663
49391534
2627745712
1585589059
1227699022699409408
2870912878
614295077
18424797
426870246
4048191141
35433255
730745780
60692666
216290594
47325224
1394083934
40049680
321949183
2157576594
44174373
48154045
31994651
70195677
299829753
33237600
25586583
30927768
156580448
1231673944249425920
70423313
27438286
63225207
70184088
70764123
18333975
813445656
1284441272376336385
1183299316531810304
594638177
1324660644092780546
729260931293822977
966891491560849408
2904375388
59083291
2895175703
14395284
1037705578313932800
1959300258
2962983082
106730403
1159706521422352384
358018868
1240320310060122115
495208281
834432394400776196
59557645
797910304302727168
1650013182
573835582
2990501547
491541422
342971374
108648075
161486054
1302150288132968448
75044835
28078151
943200703857741824
306164588
414987227
495868202
28094255
66662457
100748802
67147804
429014658
1872919598
82871098
32953541
48092120
817917765768114177
1177313903233110022
1141337859158347776
270360433
2999569138
1284122030
14351754
469527246
51218827
36024036
2159263680
1159382600949129216
235523076
376957451
104797068
381673677
263430666
845206171011178496
19469553
70934503
814527775075954688
1912172540
458318517
62355181
161315255
187600454
15929012
86399906
619978972
55822967
4598216303
305560756
4819251975
551823200
1002972024308994049
169499733
49803951
1298261003193335810
1314484336998191105
1436661
1005525991945621505
355348269
2410945122
29193117
2242964021
126092071
132506283
138458222
1087712938994122752
339321219
3376280385
34682083
1142407945
84619967
237912778
76404460
2219046069
24441893
882765835
3116094856
321552012
1190408205840605186
11727672
30951017
34264811
316977240
284025416
3108533079
35755090
1001447028075974656
96150554
1239520430
599496968
30008373
773196935293460484
711857158070145024
229152272
48976132
56360420
796070520
338977684
147637306
896432788425101314
1319919082431537152
714617863
4136862509
214064340
29444769
2294266685
3645415702
845699259190202368
195054282
2987097574
135557313
3254245409
1543192765
421686714
966758779600752641
2859310179
796361388
1104114671982911490
2742054196
218788640
72268080
560400378
252602823
27739973
297394964
14284837
277458736
197313613
14305820
2735930728
1049237472150994945
28594859
2832670331
26564272
33482265
19176881
27613626
926533159977652224
851667908
1899914594
260656270
30270089
34906915
469664805
20796069
369055527
1489776218
460411141
287588568
474103664
1263710424031203328
373403003
320909369
30236460
243791786
931584724405030912
35178376
265350539
283147906
112188748
31378726
366201149
342579593
2192914376
313403883
3393427643
1290445750065860609
1242934780360101889
885582052317437952
1060961629687476224
67930748
26599047
796715545
282023126
64995313
2804795111
96860933
30195176
1240827150653100044
88192052
281589495
469233896
603177343
28959866
1028275856937021441
67561158
1252298672596975616
49307381
401999647
1104777746708869120
56048102
24046713
1128381103172202496
312297057
1002593265672245248
28142174
2472099963
44455957
14619739
561056629
14282345
441307591
218063694
77143383
484378340
470615552
14906581
185649448
977552661980512256
26296624
3169080518
922074261577256960
2548072274
437373893
110411056
1306553842197303298
409486555
939091
243149588
603855424
779221488067022848
42955578
16812392
87162403
477061627
47459713
18718423
1311175608
40117334
462162349
410799846
55857123
487604877
572084785
3023136717
21487914
337919526
50251066
275551231
1429890756
2970367533
3405779680
1267770165506330634
1228419612645175296
806096173597622272
635616639
1053108241
2342579670
273118166
7901952
30643633
1092717913918840832
488684370
740823498
14291504
293889718
18895648
505958110
28775353
1004074898275397639
114841584
2289826750
886201654391033857
264105257
31096116
770916374524858369
1049421604122517505
2154319532
858496435
3353630182
42615278
221812405
2875064356
1237089364569661446
171611264
2416341788
231711512
23590619
17038109
1896444162
497794019
347279065
434455721
3087478091
1094082169
926503652386394112
1344626348
763360694016339968
388148354
338258707
587503886
44210206
7025962
897506834080247808
2467604272
224816532
394836017
70341038
1114985193499189249
760809205662113792
1165619804671225856
2151471778
1093038021585313793
72659354
14966234
3296731137
4858633474
2817343110
14738143
318222561
372398688
2287007891
2734265816
781830128150147072
44959207
42495946
19385216
2434488744
355487870
435655715
771137306
45519320
191066432
2902479641
138340902
34259771
773080836069556224
236328420
473299343
41878492
399330290
467446075
1229820852327329794
118482985
237725404
7723532
26231503
1727867455
67916847
37165324
33560195
313963564
1275295515144577025
409084047
488584741
31367759
2527019682
14407392
115372501
1324426416
145648905
4927773759
270931604
38532678
2563235923
18288411
37877328
2225434181
398634494
50282099
1227221124
177911444
951095210485874688
247219231
18224758
574379858
124149022
1108291645
87546756
256636985
42615788
170023589
875262109
89425108
14487288
709309129370812416
113354879
301911162
20455813
108886742
462994769
14618713
756161600114008064
119672633
223466827
141124859
46201723
788487455951421443
2518573756
738745268158529536
944531316112060416
70107751
544652425
187242628
493838741
14463442
474323966
29729702
2772002093
164348843
950393910
3084007589
1178592548
882643644
24599637
762902986758557697
1141011613539061760
1138517740891889671
42270722
1177328618248265728
1016672833672491010
340230319
101533274
104864699
1457077928
629180762
1483179049
20518751
82422376
18185929
412183111
18055712
217989224
1228403471034044418
125960653
342890658
473803203
1251712695113527296
1037972109287477248
157053616
3505698921
874678264190705665
360604662
217060322
2200480047
823513809293901824
313889321
20854389
1563021859
31985912
49634119
750627115440242688
360140342
315828280
529334746
821419
40513258
1301549505582596097
21155271
53759193
1232232593350963200
1363863764
910856132
90383183
1105149179813335041
418542485
89399185
1045902188
32605937
37647734
132169104
3324719297
520658632
344943641
96160878
2607201472
322118894
792095269974310912
158688517
401237832
1201210005967527938
478092659
31379089
29157910
811303670
1462676612
1858398619
371892780
873593740115443713
3088711618
28515860
252135505
949725031180963842
870763807420928000
48971049
490245284
57323552
1114514301744754688
480422821
1058003279471407106
6686652
90424419
62031791
1106461837
1237440197207437313
516939838
2412794714
260678175
248173109
792011840981262337
883452411708362752
4784311520
29277321
1315275424646266881
491276963
246298038
944379643666120704
499009623
1223295332110520321
558015175
34116346
991761097580572672
702905320411152384
25352133
350770473
188499599
245297495
52069745
30859711
2385410748
3322601280
35185203
131969061
74078975
2908351276
2765408531
3324657449
1510563344
15776620
238089804
1151972657480556545
1001440236172382208
14464675
59546358
118804228
18632605
3099309022
47317899
83771697
33511369
1041237779135397888
28318293
567684174
487490783
267204162
1323940332896161792
2788949830
1105202398581178370
1416355688
75855531
889765105566699520
219098987
735167086360690689
33662887
855355824
154237254
81092819
21120253
68917038
182787885
864445384818642944
340553908
561097075
1046171090
492547225
56145041
3437244551
1251277829234462723
557686931
562833685
497075682
3307400015
832879977100095488
1322945003149250560
140014476
14431873
1002169638069985281
114216901
20760805
1256945389
1442150053
534741165
86805838
193873773
2758101249
1620109134
1016132976
3306936118
966668930071789568
921143850
1371688986
218630229
54625286
1148047728
14323180
2863786127
112133200
833058186
379246927
565511359
282445214
356302695
2447727438
1450111284
29412936
166928443
1596930014
2443926337
450774120
84346652
343698339
3350651716
18646108
880496830030778368
27713906
132702118
1068074388380164096
2951669777
1708477874
26803683
41120154
427551628
21183724
2935224424
2701039394
27817693
24418500
1470454975
125824672
165431237
491412229
918735913106239488
101778501
135462851
176836336
37180563
2197989887
34672797
10450332
1435262418
1141072172653449216
804986945453649920
3343118387
262108971
426808081
1490706360
719779574
1299978117021392896
1150376668441317378
520670946
237622407
480660806
65962283
421878586
3482382257
1072055971025948672
1721653632
512447810
62033475
54917900
912596187445911553
3159092805
179470487
620392738
134755464
1223192621910298624
1276620451188531204
53503524
1266377715466121220
311642406
235705605
453303839
144416934
612664952
255441260
18611983
22172506
63132666
81578629
18769714
31443715
431131479
961911430139338752
112674261
396490970
360001318
31405598
1347617982
546155766
458737286
1173917294810095617
78070305
270106206
850361341823119365
33013018
243192799
1013826795836145664
900683825470218240
240381871
188918840
1520593820
20710763
67063825
43540401
118857835
24666962
297359721
263727579
710987184820625409
48404031
304631515
1237298180934557697
1331470656
475257743
582859465
1298958037236019200
405428469
50140497
806594768
538079747
188084174
1163853019047497729
2897592915
1321756813
31406520
1238142307557347332
884314034463547392
1401681270
262720780
405562235
768085281065033729
24525152
175751949
828620824294879232
3017745940
874581773430272000
14305137
1625238223
42100413
349020235
14291354
2893951876
793593704
1286294355020521473
1301079241837228032
88008789
1170246329924235264
1112974033
2885416341
95868707
295397411
46092727
423510239
340393654
45650263
308938225
263360425
4081482785
512687368
957245687367905280
1075005146
234078530
34896383
1001338838
18639301
37685197
151556941
1488519210
2815604118
369442305
122195535
2869392149
359257472
1178660806046683136
515384313
1241377124
422734525
351650159
23573970
250722978
519786521
521389863
1285491224
1237094866586345472
1355865614
911086701199613956
2423498602
394503507
17761062
2402439436
950054977
28169911
23418810
211525422
144529229
1288026732
61824099
993868537
309334506
521261757
1226480023277834241
83831809
619824731
432823455
311314390
72798875
18364179
93039201
1206672475700056070
2563205782
2296217728
27126479
3229298986
805153340
422655217
60864295
512332598
307006621
807629196
55175377
762228262441476098
380273789
263148226
187219986
19078925
3026573707
925445971
2645437762
1689230918
1035116237590810624
344668240
14492433
25533466
51807708
223406872
31153092
706109867082313728
1173093690
1256977556596760577
572867654
1182345583538966528
412672025
1190983825284837377
1090208064098258945
53321530
1073262134140772352
974660906
31543356
220086972
196978624
2830349344
365379334
2881167357
1295684892467003392
1175465186
99347701
1901113872
33855118
350203614
384882362
14465700
29660732
481073113
21681656
41604240
706119614858715137
368457819
851697714
1595554820
14285269
27609853
31190628
1399330512
33020445
848909005254742016
183356975
1713546774
473464432
740169927060000769
281442250
269694877
294073504
363282607
1644624684
1585836002
20668817
3428973333
1231161090660282368
16683547
2345413936
819168234
1282943358
23745605
383680734
42705367
74705315
761148190901039104
288453498
351920120
728743549
72264491
269318103
33633297
516797123
147318104
58458828
33180076
1234856255832768512
45342108
2428958798
30725739
1081930035555115008
36373652
85546357
624650855
34575407
20918717
1285952984334192640
506317379
608208081
2544430363
420464033
1157897856478515200
1718204779
395859253
837944404795146240
1912587984
30729531
15872682
1285531641058861057
344078494
414946376
31356997
581217904
34247309
970204962599964672
965213458647191559
1265542625031073792
2252408795
217246235
485645894
771678425669074944
769258254421618688
293496668
1722306757
811230162771673089
41777809
4836064754
1271107844662857728
106126363
3172572111
49663462
520638215
444005202
1103416757736345601
47646982
18459365
56044169
17650380
14283822
2325403822
19533559
3951445577
986599884341080066
4041061937
356843304
1688647262
1258924800006926338
1097270816503488512
916407589
362041012
1054091266252828678
36747640
421368016
286116123
1049638088371302400
288865498
341750818
929734745302487040
907214403573035009
971312596237381632
23292310
841891836
458487641
85149846
36627732
476147393
361126944
421938080
398667422
899219645424484352
3151253073
1157195043364642817
510164923
746177006
401653137
264227275
162672672
36903098
547425544
561996276
2796148662
28872687
2311428121
2545000347
109664014
14634452
24953947
62296228
39721232
16351191
96197329
14694707
86782596
946477477
1268304630720716806
19762533
467246775
1719351367
76884233
711077137386762240
1083680172023447552
400882913
33634345
390687348
93703944
6285782
2341253739
83797948
808483681
317865220
262164620
111586708
1316671747
14286342
262499178
832638302557609985
829667607108284417
15969579
2504039479
1364435520
1568450005
389446653
4514985088
1148258736
40260752
413569328
525255129
26079731
533595679
1070388982897356803
287340563
1052299413400506370
600832451
4704034342
35182104
1178014978265276419
138426121
1500483264
3044863666
2337363881
1262245315
27918792
3663759801
119661115
1012074668680011776
1059947583026749440
243578283
1540945705
1630501411
76625421
1126591081
4149675076
1315532028
2156965750
634504383
27963906
579221819
37058253
69806167
113032751
237534319
1285667963534815235
24694916
529270196
40025776
340829607
493456530
1205131820951625729
299521827
195073490
961679100795596801
26591786
2808799599
70943204
474255589
1305778674
1168554832828993538
1267773878518067207
527875212
70641452
2928014001
2885243595
75757818
32816797
48794268
2291217865
42865847
545000826
2492536348
387029305
1036964193591734274
1089260209929945089
1315107986868711425
926542226460684289
926595277997465600
567406491
66668578
14291120
3239524498
4757505371
2590058264
406513030
1116747379
26818369
2379300853
43452513
34639127
464094627
3038171315
69555675
260450672
1224489695154974722
2708054190
54539251
282537509
56125230
20672548
1316289968164286464
19284743
126065948
1232742531621892096
35056248
796071165894725636
473031101
3058510913
1187000001588858880
709811751500566528
62092544
513584555
464304082
30015948
1702622119
106192291
3182718009
623668058
22426283
30077921
1089152950092611584
268404404
3586224867
44633157
897831632241127424
29417655
1192785575260119040
2214354255
45433551
481401647
1347347653
54873729
1080927927200595968
1109952151885963264
611943517
1445844799
108937539
181578488
1291303786984742912
1706580698
418991953
1312717211480600576
133201357
26982973
624011689
835157413913206785
28094487
68145512
970467794
1872596462
251308116
1260914026743320578
177917586
791764686
1152441702
4353260675
66664753
22767441
62060746
2171259690
2169109819
199604190
322211196
72830645
132592233
1264209457808015360
494942196
855435744
483813507
273436331
2180849438
147089812
4341260253
78269749
341597452
2471178541
28361527
210807672
632412138
1243054812
117807337
2163363970
47298919
745264398613250048
334014421
190741481
1346193060
1242811304617938944
22957367
1235169858393960454
1239238620613087233
105756738
3162364654
497137809
222550666
1039919004197027840
277968432
434203999
2626592290
51493208
889253342
21281102
212388061
338293610
587560595
2194124415
49577503
67285604
876910348523126784
36171399
999288954
700438920719425537
4002578079
394734606
1263437716240379905
856480314251780096
31359870
99734015
409035070
1701714133
324495451
973913455022563328
1026761858185920512
750905714936254464
158400170
627675097
198625434
141744721
501744819
66433571
40070270
27704856
258026952
261840015
46359538
22988843
33623709
1320925746
2863714984
40209152
28304157
20676292
17482669
221000907
25264938
54669753
1665677412
34228196
859407446
65306306
32535843
188021130
30354991
570872035
927944384
376072622
39733426
18863815
27944885
1258979191
17839398
984728556625453056
2834781023
908293056864116736
32842421
1383272101
148517828
145935897
544389588
16079505
157981564
891754482
3149176301
51241574
610659001
1006419421244678144
174151902
28785486
428333
14293310
2855536962
14361155
125403342
95807485
862930146
17778782
25669546
924076513
3241923184
2283878249
971843630
266698074
33644879
75742264
17954329
122318779
1281878518973042688
743737220943622144
42845459
117803823
24339039
606227271
281532180
725606726943268864
161446626
92360271
1103029837869056002
14360752
805276508
1251291683183923200
852615731174944769
997105470
200989336
16465632
1254687056
225532989
252751061
29264664
863308099
30352096
4148754863
272491055
466369716
1214156187509252104
2966397556
380648579
1168847033215660033
739411079407804416
20708202
22872308
1264291718
3393465633
1704030108
2765594248
55516088
192942213
14559745
1161696049158926336
341564433
2281139816
3013693201
1259150329
3460411353
886996107481546753
363110413
1095823554
704780677645000704
890141604
221793449
2279217679
1097830436208889856
121786970
475261863
1111579559420411904
147512019
27714681
400057194
278994814
213585647
559709759
278075278
1242078748956135426
740480661652279296
47476554
2215678025
1882413344
352174272
78326026
840564005257252865
1136546612459769856
2789399330
2821605716
2308094750
3937269029
2191259255
4852419195
1040403548687806464
818460035663667200
999555878226456576
768556495176892416
1884197935
1230084996364480512
3426210274
4032933740
910671891580452865
3330226552
859841922
100037680
1045657500551434241
1477964898
2371605150
624913111
1214820561873977346
1044034959806222336
67407712
1451456810
1115568007185616897
340561551
28637762
47448389
8376332
30861154
76716110
18980268
556353349
505900495
284536579
2794543715
1231270782418014208
15409080
320305008
463855799
1100769080515145729
69091963
1496022991
1438432825
988743738007662594
14292906
38427283
109017660
184714771
95925869
819471074459009024
596346380
270332507
340486628
21695321
27874518
734783080888729601
499101399
1089277389618728960
274029722
31025997
722368390514491393
1238721554365788160
53956251
199665432
27682408
59488402
27605155
135606266
212312734
724680111065313280
2612337734
1229014885599719424
2858828716
31076024
3135899863
824838972
1124046246321250304
1885926385
37275216
476692736
2308879053
340976159
357534980
3097396955
18091303
71531727
2479505408
744792649245200385
1089238542
2881277613
2510760142
1090069308456292352
2723308582
414623003
1239440903116382208
575384031
1189972145952219136
93048819
933760373819367424
795564002
824137082763378688
45518845
1129804198567190535
192548349
1893344941
1917172627
890295772411039752
464614376
23765886
1455211495
14607248
1154622892103086080
437829819
32889596
19310857
186118929
1129039813
51855541
522432829
34358574
1167492540217602048
870416459947802625
1023129088922411008
1063717811363749888
340537327
159911035
49284319
28548860
1446241694
26141383
921493626
373030787
535661060
2950112648
918897597288292352
232623507
14284697
1045456286958211073
929274422
823550358
3333305530
939530500670132224
18029265
192273401
1477329727
462920286
1245809867161559040
610694018
1079054568
24513553
55374902
13279242
775685426380214272
33459600
1015770294
589871032
955781654907322368
481163636
1168167671151628290
975222046878773253
14287958
577420517
462799987
34572505
497972401
941391524
421049314
14473462
554337333
724323373078200320
48785911
372395518
15887958
745594867745693696
516512296
224394651
96792425
986543088
200471333
812431372174454786
4848320060
41482415
1225825410
527884521
53923140
1071540572916277248
1247264787643404292
250846606
456883296
490234552
61489446
72578677
1352068530
120727186
470340965
461485877
3949526483
2332472992
503102281
486902216
102611434
1109070956
74251291
526189227
1019468240
261647351
2653386751
24158997
62169169
827041655429722112
2933732080
3258437428
35696216
1228818720753176577
37911247
3178915407
868923554
237038114
813385664
346035066
438730839
448754213
192267297
1126115855056683008
425882489
1256329328
1621162016
1173095070
16903035
32375771
308570833
469780703
16815724
798997668
1186560733238255616
49021376
834087210
359268879
366007933
1082291405677056001
1363023944
484408612
3052715704
85893450
266698204
206301881
244707638
489314812
116171465
224280655
26534538
110514134
941980603431505921
14659667
742865374664876036
64996483
141375905
1064403777866866688
1667994464
157907219
19546211
43525582
28101138
28161435
500612543
164263382
3066095291
69231187
18213483
17137628
28877969
18609590
30466329
260692284
949278194254929920
341672986
334727399
1200025057780813825
993087913335447552
1079897222530125824
386230692
309387992
1123993467552698369
1510205850
1234425023483478016
249076776
66107852
44193090
498177017
4173956932
1236642628910886912
4872943618
1197161544
338509373
634573399
282460550
3134184077
1328538222
268422844
6706182
23807351
16370929
92242371
41549164
971085187118493697
272370207
781055332655198208
2590367099
2745407243
953545490808885250
1252127025533530112
32954988
859576393
1194713888257953793
961135976
119046422
14735135
67676949
406492008
55164706
753725731423813632
36031018
108969861
968587494
48394264
392580096
35178863
1464668358
366728489
39239833
55699510
233381758
224862197
245761094
4855118374
362054868
1224435325512142848
84319358
38693061
386789569
402377699
73862642
837422582504771584
399601474
49607992
716830208
42938159
1236287319281479680
1207075958500536321
20580713
11888752
737745692576370688
94039455
112871323
44983912
1178097392
329866683
36067300
217217458
84928688
4747134994
210463690
1679094308
23748315
1065273492340441089
329675638
850454944134070272
78926137
18334306
134176591
34875774
1911895506
720591283211870208
1320368436
19140661
2741907000
96713177
819487748
243118576
188670053
2917537671
47936098
976328923066912773
2764238603
1201151752927662080
1659343855
1178367931048173569
1245082626
966430725456236545
3131549672
1232406874567380992
14260960
1055410069855240192
98174194
2920897087
2470461931
73886458
3246079155
293138842
596893898
2893296315
122087197
247217109
1519675345
27848098
76377979
2230325510
837368622
4077811042
3357129772
907882359504216065
470802762
761664678279938048
4013728127
3613342649
822162998
5988062
822215673812119553
17899109
161801527
2593584241
188357763
992414492427542528
197875997
403283858
972917082567462912
459714637
254936343
1361891024
558372332
340578625
20281084
365678287
531629755
240367948
326893795
2248089291
33003951
18672070
932412733
2719001168
528608785
4349609841
890481727
15030972
320095560
1174955520756633600
1517334528
286907186
957831662
2525872685
2168214089
19767232
21023618
608220476
24539363
595043721
21760031
95617258
333066092
373612898
42494407
404981052
26534200
291272927
28069007
349704127
215914646
19081813
595468145
51103171
460042429
269911654
48333044
410600310
2258852116
32113690
1305539990
515830092
409346141
1234785430144520192
2878669431
507741242
1359860647
146689704
2766464011
118152112
777421083188326400
1169287438080106496
1050726893064998913
36749067
331128065
612904823
105129705
2307893040
49419796
3747320115
71884001
1034793461143269376
1148198759014248449
14499829
116803942
108417952
38146999
24290265
600957788
359863862
27597711
2869836819
598375303
257997731
777936503506894850
36424963
35806355
2181712808
332534538
82339594
15176038
392831812
78332572
28319144
234387750
14574520
19282128
19654361
68757451
1354354296
939818513472114688
20008618
617495454
992759557
217530764
849706346
533119611
50288264
897783969281921026
58767615
114293961
232503376
1239595165242753026
3217013621
17208383
1201559844886646785
1057475636
18530679
30421352
47028540
224248943
1229035352020660225
101017443
41298092
497975322
364363440
2540482822
18601762
384825486
1514087286
780084102280208384
36124905
2723516059
1828468578
88934044
2546144879
17120510
295292833
876280782
68782042
276453605
26885200
59416940
1127890457135124481
471210824
1289540178
58263050
710091820143919105
913084729
797553400653221888
263125368
405775140
19465806
2733434291
1447040960
2181078675
4559928033
198475453
37163781
704986472080928768
307800081
337820771
559306887
2727239239
28821502
16487288
487504682
975074665734590464
11909882
338301149
2178151793
3349480047
291799035
2978526405
106781884
14770636
22388350
31257455
826724174
2183551648
2697989364
128188256
344869149
135294661
4245267267
33460316
421112262
60344010
615167322
3768547823
18303485
791131621
99328544
1608351758
39144003
339055436
835878476
264106101
771236587
17528883
1017728108944904195
26989391
172423013
66435424
2420645922
611475622
53740588
835939007691390976
1095033931
26548989
781552959402409984
382645387
35253656
20596281
2208787620
912746546
1151049698716897280
18970504
1015340020411109376
1243527250575872002
3290469569
183762983
48514346
1053545884116574209
735581003188686848
203520917
1576808508
448253637
106726138
18314753
138174242
3347532754
2616746847
103648956
2792649799
1228374707432456194
27315140
1855203823
1241289594
784809964816764928
558120793
2654480499
29273536
730373846
346564608
1139800867203362821
306940846
873592891
207888226
67570235
319216129
414240484
9398622
1477365528
369099219
330257013
198972333
842185273
76927088
455547791
1469396366
133324149
36077820
507854908
67403849
60046342
312269694
25336045
1355510527
802832293719052288
22814965
43774751
451677472
543871936
881152858367942657
1011617703407255552
1048924999678083079
1213613991794077696
1243071616151584768
91068242
30691617
4894664769
148319829
102023925
1093940802005422080
466879545
2235175809
2696281953
60881944
1705785800
1169986791811747849
3171202307
1911185054
38285332
866853488
201857190
302009011
241641578
2826065163
8065692
2439407862
271367322
342706498
469613574
752106362658779136
193186935
278941952
2906822379
1241396178
136600742
65447476
111084191
269953381
1167088918556225536
109293948
744513361887408128
772864798170152960
1710202574
282255077
798557710321074176
1251776179
453912287
1706528556
23776194
28364125
2181200086
225529507
63771768
960533857
85666077
14292524
277194598
31488804
303718373
245054048
22956419
25291367
138382648
790606810583560197
1161970473191792645
388202325
297022333
4609200143
996051062904762369
301460726
18796891
14360050
1433704244
1330040112
275145270
2180017225
426638366
464483229
14426025
44148101
58445078
2741162614
220230037
147606771
69615707
89233219
1380077437
2307898220
151801342
68720276
172061831
255986399
404124016
1231965340504072192
1448660983
514135895
423481345
910081034
341382442
409522004
365063938
558376060
3317609915
164282355
340827440
29066377
292810504
1079507575
84582108
1527864668
626815215
2978001779
1394898288
820412423874220032
3403299357
38908382
78004554
60153508
214414946
419821939
947569752
69583586
2644372577
2430383642
470078454
29040769
2580986466
14282840
33615247
886608697
1849010060
1014798200161611776
725844464
34235533
3003833945
485497582
1020241213713248258
2415957962
1328906004
282777998
578241849
34037676
120183536
169662017
340934089
95859948
38199542
146415928
855015941758910464
33520466
48657009
396764969
105733074
39957337
2271114311
27018288
58197418
352946997
40210178
26232657
195412248
448263205
575319100
15124003
113975799
19972893
31382725
87041058
3457564396
1174723290696507395
859957050
730627647064158208
3544791135
955456516659859457
319176197
1351818199
1483282394
4569304528
2654269769
23137607
57064417
826694238368886785
892945214444363777
2274662697
2966518966
38402978
36912927
784351656355897344
273437662
1216054041345740800
975800002978156544
428163500
381977950
478610370
1077597337508331531
76614498
19708641
31073556
347173040
609454416
2984013665
38178241
17600485
1163521462638120961
762542952
2297680203
277899944
338590256
3870549323
340377361
1182358025165836288
83593800
408115278
951319134
295321475
1248280974
932907553062834176
18115600
908572230
92476304
141709158
832595225247903745
246439817
35793326
18330543
1360567789
2855343141
236405077
29412026
32352393
151768781
602201119
420229699
610804764
309238087
1021659015489748992
20427104
2221592971
62490519
513091074
60655988
1236936045058457600
21553753
1574775499
617200059
366058034
76602809
344767027
26491223
4763835005
234314751
350360379
76085066
343997768
1100719178229735424
16665114
4920376259
914504478
1347621906
268733546
1489999638
332721031
479026352
77722927
1052890697773256704
81824632
175091333
1066321756372250624
92278397
1090352983110504449
1269935851
1171053483337879553
3116109856
31691389
283452616
900262266662260737
49397898
485486267
15849612
21423985
280033520
847569533166534658
20097400
20368466
2348086449
3105613888
22133755
2250607685
899653969760407553
221088311
384222102
26607070
63452421
294611586
986502582
959074220289425408
413787155
970013578769108997
295053838
1464466166
1127827172998225920
29133794
385963044
1033849844
1403553835
249208514
338311160
4846593773
604689867
474881647
33479607
216883346
864365041
342931484
29059916
360670784
63537006
14301229
366759530
19598883
56987723
971883633698066432
2207761090
275965157
1144340940263501824
347217542
1024608451
27857482
54872997
861438016392482816
200417181
1055855635
916370070
36329111
26558617
50389557
481297143
523181700
8146492
71768570
44003652
290116282
2382436965
20229175
245141167
213022392
214227879
17928337
106996313
17006706
23582761
619282123
1031195252
399912856
1323104856
344625593
969896755348328448
800343649
868626295
141999644
908588706
132574100
355346476
350954507
96010420
1049109506
57902696
23934018
217478400
619336845
793936512954015744
364533170
305542663
4158506067
18760790
57130471
58477132
133028255
66674104
553703324
1267281805
545394515
14335560
14455023
493898193
2188918438
35733102
3296151253
1496305862
421728982
72360315
2730250913
14284968
2955663413
822901103243251713
28314596
2729979197
28071093
31397933
24509661
287762680
21258476
74683589
223908195
30284835
1336465747
66217612
15473483
833022867822481408
56140976
28852619
23481859
898143270
3248864326
1129236186
1399941906
2173021144
353844054
1782951
42188680
571566922
82825318
996657463
217119115
1305336720
41833480
366899672
597546479
19851362
206327969
1468302512
426702055
1320098425
373272300
14283846
505004040
2422481760
35226683
727036451775479808
473362714
493833362
39490510
1584310146
1176560948049567744
13664102
306777752
33830969
14273617
436258543
2992060444
1375044577
571072597
539275204
26539104
222531330
94659924
794754834
2180677298
720589683093303296
575752665
1124722333208457216
633409490
500094581
802779709
2947049525
230736397
70643731
308325971
77732185
1105770356667764736
1208941832
529360281
361193517
1087653701211308033
18863300
17660154
1856588299
227940890
2477802067
2276407192
36031332
230649466
19909515
47056430
422628082
802843822271168512
881866381586771969
577921890
590340771
4789896694
262893855
2815311694
14285368
18425625
183770525
1951333489
4771777955
704056943195906052
25687704
68222671
2562279796
18435641
196964239
17776788
2749244237
851730601
193663947
4277419106
177453700
39753032
921424710474149889
1606048885
1372587458
1031447001672478722
106720719
96735431
1101092666333380608
2770140101
1580374508
2775708315
895489674
3782277197
486505452
416186526
2609089709
3587337442
354863972
1086179752937967617
313569546
789463176576430081
355759468
2881687349
1013123157878890496
1163547338071334914
125948788
252527513
25108602
44331626
121673766
939914799131058176
3806293812
27877065
1885944998
791812078730223616
455144944
879317848526643202
538491906
145972665
754047794722275329
90116669
34585876
102058386
309126789
171438889
1614958364
1724786281
1089855140407005185
355696940
224240042
19177501
393548242
53321372
1007404717
765456692
89197227
85158691
3571153044
47976136
3244297860
251089599
2522976557
467704840
4119887295
21393069
18627984
74474647
2228366519
411319649
18045536
546122606
4876178049
199751812
20085435
206597096
480248441
865619531254956034
14509189
1125479276336308225
808960458480816128
60868457
478026444
954294094016188416
340619172
1934416759
1103339268854951938
576065826
16945575
155694288
2317666167
910018351
44207761
110373312
367985666
1068842698315055107
26306450
484767118
29548679
2596016185
2216333572
1167915179222491136
26722172
539247839
1004279323
1031123971
106825466
853183394
464052044
236045227
310519153
22363451
47889584
1343071
1124238370635505664
236403619
123669991
23084212
342732871
523416729
876171706964078592
38016658
968955060
342838653
414899044
524119904
1134729438506246146
1037759491
1454322146
58180860
29700872
22751137
1546344775
2823768948
22674099
33902887
95169910
596422929
72104061
47361819
28805572
42630696
230180164
34285054
1382215398
899395729835393025
37928643
341432090
13712
4084289230
1328943985
2853761805
991956258
313908881
451658849
340597328
825689390672445442
195865207
21857414
29800686
363656465
429016557
1132687142
2841283335
395209972
36030396
66651109
484578549
41204256
168691512
2780430347
398187587
1864857475
125203613
894881951173267456
1144902691660976128
820271773
14345037
382871303
14282565
54389296
84368180
42844683
10058212
1965420942
32361218
80514185
28455605
341094660
873810133591236608
29691032
293098740
1908183746
84025449
64383802
885444640127823873
35192377
2583457518
125095866
2881191954
10141402
360833304
788727433
353832731
3873668207
2560618001
1570397035
937264272
1106498311853346816
998101298980499456
2957057381
299227359
2397388174
308978160
966251334960902144
210778363
1655512332
1267452992
1240805844
1695864026
494111205
2773561720
121420979
1072474927
1224601338887245826
420164640
1474471218
1540456093
1223901273499537408
873802741889609728
22606723
2771607179
387118980
995111082
107810950
587377121
91394261
54946296
341391080
612458528
19206319
236114408
3130718106
259402505
34922204
38213979
1109941264336719872
64522546
1196222304
33956380
22533759
794110511251980288
818127906
30739418
14109880
30703605
2980929738
357376695
387566525
32086032
43509768
25477368
1160856546
959354214899208192
838426953287872512
129098065
72330076
100485411
28299008
26470858
2379472425
455877441
105265572
295361148
236827326
1178388655351701511
754117909
776412732107075584
71456208
48974071
185126341
1182744065315618819
28119699
1127641760
1169104243
881151823784157185
13685162
369987139
248260003
2178805544
1243861916
3037604063
320765184
422026588
137253291
56307236
866418421
427734625
20843718
345539579
752972884117684226
810581880
171608662
23190166
417174714
250276346
608240952
3066849217
33033900
1048085844
3727072402
60900925
343209718
26454341
159110276
9990932
136392057
1305434671
749584399105130497
22609263
469654580
789643599289937920
288354135
857676379
1071784494326263809
615578449
29677294
957539562062073856
2751610160
283947133
1033212776
311349818
3125033591
703549842040233984
26974318
620304984
343983889
377563873
473993305
1516796682
227114257
70208421
78237632
2718593403
29463057
27720518
106347399
216134118
21863942
133282091
109338102
88669457
1181980361452134400
630094802
1930369015
454799703
93492974
261367858
3655760423
359379800
148831635
137616565
1092583244
50294404
28322976
1145998045827534848
612965076
47403876
22361715
25489204
2881761429
173771856
61746571
1710465048
108998843
159158744
845370234487914496
1143974095
301997052
2874398938
3435239201
757497998
775084458743562240
14314495
1217075159888224256
407783410
324797755
35545238
2961140314
29075277
550382077
113454353
40323227
26207988
748561212804300800
357996504
37642176
807054271
12648002
1533539173
357045064
901979438
1103185636331347969
2870559848
1359454981
26744973
2298151468
28312159
19200499
377578254
174426959
34656014
337332303
47134635
35070516
107175962
83797148
43671722
236955333
1653685705
1371732049
838753427207380992
1220431580994379777
18264009
3180987274
1045173938
18387289
29509160
223477144
49720422
3907371563
10107052
30281571
23067843
2976146075
116249881
69361035
173587074
133798612
580788304
227241501
33832676
55541718
398606542
31700411
322531105
34058174
3354083716
1169202029769691137
2197691158
2382073451
397215994
148062520
860129059
137645763
25805313
97239386
838033909
2182174183
1360619593
21617138
41124241
271094740
903348666412527617
39816071
125921544
379147309
20934811
2858769347
781568024683900928
145959176
46207429
117393456
14282695
271045372
30840835
608532468
2316777825
1119941050343329792
561110484
607379284
22067123
83706116
87904514
524665153
373487187
30109626
317643480
946474817871630338
2401898365
1665900678
196802368
39217768
741136533827244032
449971328
14408127
14285164
415852109
3900209439
1064565804006604800
1095016101233262592
491724659
1135160811847061504
1317357973
1342246146
269948342
38901264
910875612612583424
3345794651
2306155972
404710974
36023933
409555925
27695937
84301091
1272597894
505029403
778989402366377984
761596867625058304
950556500
95266389
25380681
239484275
125304595
430934724
962358579310231557
2990769851
1657014960
296748793
291040290
743688732
551738866
838393446629064704
743060426
1686051110
780466988342796288
65598146
1656778196
37433988
902169719385587712
1168497597310525441
767593670199611392
905792657691209728
948480584833216512
522268751
23442357
421125838
87447470
1693858250
3303014849
268820019
55487998
216486634
518581730
21629667
556881979
1028185452338130944
20478630
144158024
19018191
21052022
450889118
37578531
261409790
849207961
19766389
954093453209718785
1215926666578612230
902279702479560708
833800521601445890
972829583757266945
3175750240
824160598103588871
1715109985
58164809
365604680
1172619799517704196
269951402
28084565
1744721
1053247016464252929
37722071
2801818265
56380373
732397975
1545946591
216789562
2787907820
2329033481
246492252
26213387
32144904
172647751
4272419962
3423031833
227100587
19586160
515712497
114043368
702584433979887617
165183803
1172436549318791168
191754155
22975747
17096233
846940940
47602230
83848137
419197802
31423389
2729147326
865404804
494403305
204276552
429844913
18328436
105901091
94210419
92239405
38635103
32961236
34434539
64630577
461159844
904777540576915458
1061276106395922434
1702590284
87863126
2965936887
923781052786671616
1875247142
2831551063
342618884
603061483
116412883
901921784177586176
20227673
404145374
1068273706634526720
1447206637
3179621871
579308102
80052851
307237285
92993245
28092347
1049654808288919553
14284273
14287326
34696385
1091475026
19337187
24177970
38496097
191121168
324780470
245454199
1079553326
14797716
248568868
36924745
1042042955148800001
2438275574
822486172601552897
130563624
2289743103
1171041775013773314
20433173
341132281
1044879327597395968
93840131
2770401621
2368745807
399552743
2612248771
291277159
503524312
2326177498
569788630
547447519
88332163
247721721
1052460221707313154
267279541
14349362
41579993
18725283
83875973
803353444136292352
2984437755
817076353753288705
43674570
71885961
95212604
149908703
870626441519616000
2764974809
31387825
782120323
2974973199
1140276261111107585
30941476
2434054144
333903537
35434494
1056639852748460032
160470820
35483071
404004517
124425604
14279103
41392489
1972165123
229640435
983400180
387800504
21670880
845034279319015424
396618124
2841711645
40322305
2873711309
1541727288
38033026
31513972
46106058
1156517728766898176
338557070
36334731
393497577
23500723
20504947
45961660
2276554473
66092280
2777336179
1164065309772451840
4876636583
846006686
1129112765912834049
61735082
80668551
64385966
67565293
78539685
2442653201
408511415
20432337
9695912
15895694
15857285
20927518
19233252
83199512
19233560
22475991
25726310
74128420
18161370
2400824184
978583334799446017
52785255
356272231
1326716731
26527817
6523962
20150850
2738545575
19017103
19059674
60896067
28726577
21851999
17425802
19389900
2308377457
9328002
13261352
160589463
1711261778
48966732
2438169080
2895255478
985594981820887041
1112353834230255616
440209308
39966546
54854625
1139599356976386050
563582975
274923088
473822717
2709664746
2819940124
31444149
55203329
437573088
68413635
22283852
2883782007
17836970
247561511
876779682171170816
87666695
910892795749130240
2425458465
124190139
59580884
1029415540694179841
111579730
14542929
18025329
410928083
339532308
1134122147268485122
393263994
342241752
791096856
970377121372758016
828245233884348417
2711408714
1682952697
1203270268560519168
33166646
319025445
35483559
211124694
3296626786
353788081
384572225
417669628
164012259
1196801465014259712
414663792
505817725
525260372
27876768
831524237584297984
833624592
860761097338589189
824377301244723200
817988375886045184
108283423
463292755
3373500047
39269172
726478485477294080
287240039
267848594
22140543
266747070
207417492
20053610
47613193
23417135
1184555293625204736
32352209
816993776
4845326044
2481844412
324328729
2841872817
1122240078896615425
1858063040
2831427568
144452667
198232020
874017198
2841229259
38625611
992162588233527296
394900362
202741167
561202546
4894248365
339266370
1188770191892762624
176350233
23573509
2427848142
58134601
579715745
21919347
43511102
52338093
452091519
17235842
17247765
285533248
414693833
705365742
16813012
2349494639
2491112161
2379432580
510896627
2731427759
18988667
46869791
20927352
111702288
34888013
18554686
940876952
271575289
4384251
14417779
18213157
826519677723672581
871701848444555264
304349283
36774962
765145549
3040134067
429985312
4186118775
435187454
1002159902
236824300
59130586
440394770
110046108
3117838067
54530632
356195057
266773523
28099901
95238065
18475198
23606104
581273253
4482843213
34972320
425708396
631861885
139075177
915532897
411806483
1347109550
393387610
305455284
33852061
430180591
59569015
28104451
784507090551406592
2506171157
31976183
176346149
18860581
48744643
42143633
1362331039
14365312
358175397
249858480
574692412
1016326604987957248
350786174
365635604
60087311
3419927662
479853089
1705451886
878524436
168508977
968440621
31189481
16316226
82593401
2216722538
26022773
998551000557506562
26594013
4111217308
34013960
2165288930
2600974059
762703030282313729
2880975202
740057864
18669139
268280629
56676419
11946382
873966894595940352
968497356487450624
907907450199830529
2204080503
3802782855
30324031
189868631
50393960
34889448
97219875
93115683
448701858
2954952029
869795347
483164646
33305235
325192851
720242106611073025
25353273
54832098
226656465
20424463
634617338
3269479976
504914052
819702318
826912969829261321
807095
3055647987
4353234441
770650559699386369
446601320
29676207
510850441
3641985196
353652117
148732231
519885607
27830610
223812019
49678761
330290356
544915456
2984204883
550306976
2731281726
40619063
73760208
2765018781
2444581330
442711232
104277809
400525494
116157087
57076623
2923724679
1113157792125386752
139009915
42011088
3307039066
2231486871
2479883252
395425451
1022601625897197568
2537680387
393084858
1972987489
994245419868794880
2548131272
951017940
1026058994
1159724149
1469416674
22362986
20535089
851811500
31978980
3429538737
49090170
2748646057
836829187902177280
60517852
293586346
3094649957
91336654
49342299
895931990
215960624
337728682
3302126463
1025460237069967360
858120066
15084430
241621347
1109026390278578176
304331315
415701368
328590120
1028178732
14186437
3466668496
20170408
2812762495
800842737830559746
827400285135925253
485096721
856482735526903808
529553496
178738098
143367954
2577916955
239320809
91889495
1082674824114290688
2444028215
15770654
198573449
146620155
17463923
14159148
25098482
3077698764
1329274597
15396365
879835249814982657
217972922
438292978
904596571
255471329
34934634
1494941766
28334899
492488021
426903030
143397784
602964666
512547268
952084876861362176
3095555487
3456994157
57947720
1338987937
34231784
3247642671
3752255303
303147031
1027568861619601409
47140741
2765706774
219184382
111008620
989298298539343872
390313629
849183802777882624
811229675758505984
215359615
131217007
39274589
112428297
397169704
926062891043840000
1715850816
41566304
631186337
2204279255
1044318122
120865338
846726126596755457
730057211565748224
16544818
27860681
14350767
1063895110524510210
218711361
915175551706464256
3309389086
136980577
22012466
42366319
793036886
271959750
18867533
1407525890
4814928135
450588969
1420752566
609040861
775443116
849082886
512293621
474342307
271902473
451018761
1855109353
1069754496224559104
756895303
2497826733
373353117
2446080282
125316960
269777232
3770197515
2228333039
1223042233
88170821
2797502027
44075183
951777043
250778644
30679029
40104646
2586939154
274899271
3865048534
190229245
68391443
36039059
1022857534057717760
194643654
33933259
4869125758
727069075541745664
932603165781962753
996362321780932610
962997877
4052750723
255628022
61123324
1121633180
54217077
61224169
966113328
74217252
110998155
319245816
88236209
352306584
470233975
429313316
917510713131888642
416135072
356063063
2203804504
29748673
869456351000449025
3018220084
949232783616040960
70474879
3021611
703215929371578368
38842088
2264840661
157962885
1221495907
2752870502
710105312825614336
314430214
381070421
2169216274
95004718
22280564
30044480
20425675
29716556
950342059
74438181
216074283
287302106
538884307
17867748
351681806
289656250
102780687
316006432
95194773
43548226
60668345
486346035
19744711
299517976
40340459
860240257
940056397
22471399
1869283284
356301853
146184348
45320284
304608466
871535269
302591043
774461360
233105832
422194866
91875491
48989928
39722552
39473689
403018179
109271750
30230228
2319032405
406958828
53878477
594963523
108973536
703738537
1106186316
507541495
62636693
14286477
2890785596
36050996
65350314
1904973606
190194315
43909336
210046869
2514676056
49070184
112257491
29941242
148456623
28391133
378712107
250078561
19528282
833132526
21824894
26470805
56999355
2546784073
58303660
237524449
132475328
2574703070
19962261
631026016
2642122005
14118604
164785202
20972990
20059548
112669295
2713282462
214579650
2785275929
2752846128
568412406
2787234298
97220037
140952381
510593678
64777319
327615813
37387091
22604909
2896196295
25247917
2534702337
2436243279
267584248
60509639
498692353
60903325
173248657
16668912
2871876815
45445295
109665660
531111719
3063290968
314075083
3071848370
489688658
629057965
51039965
234132789
40727926
443457853
21524146
543457034
2949843077
3226459275
3001940620
52104623
282224724
2924816561
364465119
1916799205
29000770
2731255572
193631695
2785306984
2576885107
5628242
240344313
252499243
351719895
2838220329
3000314531
390301340
106769293
21746816
344327156
125750601
38929828
3417771364
28776654
615476387
714674053
498369532
238545001
88737184
3031249050
2378408939
40903144
24250540
1062512604
36055778
3515220803
1439771616
3395364364
29680838
18360037
404381832
2584158192
3034602533
2895119345
503260933
26529713
30505656
570785861
65460298
137675657
25171315
611826188
898026139
26711236
1479288002
34565006
2585231342
538306362
243273285
3009774921
318422208
59285702
34925517
2296352710
845789455
129664885
3345330291
374402229
52765131
403647749
243151359
250435513
3974855063
236563561
109239379
288370398
615283724
47601462
267101043
520631494
113701840
138890465
1619807976
461105934
2782321711
135764199
21743322
14637973
58178702
3483644548
72331393
59064159
28090915
886683678
3888929553
196409507
427770463
787493827
142199485
271844563
306426609
18270932
1688821633
20918433
2218242171
2440746904
338972780
38842425
14312379
39599815
31101381
14291795
3092831776
14131410
301956668
197477776
3079733085
68635663
3218766077
358394494
546796385
26467981
3088702120
19061893
1880743321
18043746
1662687974
234551450
27113674
511025175
942304814
376098795
3111154972
26761211
464559351
1338742111
1351717224
34032735
994000663
2858411747
1296216487
241490028
14581758
102023001
66998183
88753421
201653163
188286404
302132169
151979393
103555738
31822122
56787463
612972910
423418631
2785253763
143961616
37620087
1399726904
2785302760
947724938
473185962
1228605192
39219035
238308510
2637258154
1548093824
351432408
29417866
532666723
17812021
19775860
845781643
25996040
2168560282
50632994
1673125279
41463263
348646112
305563293
1007279654
20044495
1283774042
179485571
294475080
319280279
36012541
15192875
19242736
31929578
77808402
32467248
24441301
29659136
39818427
1845809810
227294412
342392939
266698643
1316676050
1120110816
48989345
192889718
968902117
1657406809
23104499
280019924
1227248784
1358661722
163185858
18503146
902149578
78040868
88899115
18377085
14288037
29431226
229047584
75895901
97505581
798963396
301909979
418429510
430511834
155947599
141177073
406892131
247574859
352534464
82670042
33645588
1486998115
192220082
835499540
851734532
64773558
1183688042
1565686081
1628651550
38392595
37531659
106077357
277442829
196165072
31687026
20667905
256296196
241959982
43062590
124220989
110180811
1665265038
226700783
34580764
56467191
42582980
209214929
8021322
784452517
14434034
70519726
29251764
452932725
1076142313
27844742
28331440
967720398
362360582
49627168
1361217618
430939864
399591808
1456563074
1468002662
895029930
46746424
198859135
194031267
69007602
15967463
563246317
235298024
548348585
15022445
34034031
138376196
1495044306
43327119
26488494
38885139
179870512
34355018
500764344
1586807708
536341990
42843759
28087473
25290690
506317819
32169303
142777789
48083123
30833224
204277480
1005990247
195882763
51323199
55061116
64004084
266833223
16362310
1412455375
35183264
35880536
38667363
1138990514
365964778
606448747
340473383
33885551
1261784154
234517620
1525406113
123668705
108389674
194724592
367249363
38665124
202695830
22608196
199371362
268174664
539019138
256502270
22117389
96164499
145928789
462782473
233154134
24943512
242260009
522548388
130544240
138427093
348957753
232119607
319228928
139195578
27676023
126089832
165940771
1326712711
1457630024
1180305138
1329038221
461388002
353951333
33609198
408299067
792135518
29697649
492189880
547145561
1234869852
28539480
914303389
19061967
23616999
310458941
92365309
202305713
166203774
196569190
381064674
72925279
174762419
625895597
249262359
136973402
28183543
32397331
33538992
27259029
74539103
28303450
166305397
18897831
62574827
179879975
180325357
17230800
40196836
33307967
18716146
29967293
19764533
16542861
21850330
17987852
55545682
31206435
28085805
136184787
399963906
14292527
45565446
26719548
23582636
473914976
38265914
48713549
55496543
68741204
67707084
149084317
14287881
725925007
25977779
1058445638
385881449
14997025
1240247868
402655240
18293645
1357561580
23587179
38696507
56328067
93853992
80124668
26018502
19388550
19388802
122072320
964266828
19962340
238945097
8490992
231770396
25803631
39974570
1112477467
221110729
52169203
37416154
14617551
410731663
47974057
414334941
17813010
65924567
354516475
23576790
352408058
119382814
193311364
469585545
36344167
77031447
18334321
382598137
38824745
31090806
454191471
309262809
244225925
15894774
22904104
35612924
31386412
32350318
24575979
1364604146
46081160
17873227
45919516
21293680
125284155
522531461
33598805
71625725
74981881
31806564
48536494
19147731
279131939
31409120
36028993
20868447
28822089
37189736
63115140
222867271
41457314
25103877
74401155
372403093
29437847
219093490
577308650
22014140
36307732
82683712
737075138
575311649
37305791
26564673
20270952
22415635
1198189740
34941106
21695947
28128082
75060420
84538257
24913773
818053116
16432083
45594856
17187058
21022281
234881454
274431757
38638278
35248084
391069498
38646590
21689226
487429328
16904159
30714133
