36015085
2192914376
2166388464
1338866706010140674
30759351
2925842572
112871323
237524449
1022601625897197568
70372722
36039059
38822086
333903537
3336880684
33180076
217530764
39014421
1653771666
19389900
30354991
939091
226222147
586291040
102976177
69273072
28979537
338651001
747807250819981312
385881449
21423985
193186935
1551459979
2706488779
119382814
26798240
296159942
850361341823119365
513584555
192889718
341132281
1057292786
2434140205
28952277
2924816561
156944270
105897061
1519675345
20679622
21853001
14677919
373416209
19927627
54730258
409486555
354997364
173929268
30941476
2543480453
3414509159
3165982823
140750163
1861487492
966113328
932603165781962753
195802870
1330040112
472694608
297310963
818910970567344128
3079733085
425708396
3387267375
34972320
793733880012570624
23746425
33892809
28148610
27212264
2853449164
486779893
2800417507
408360989
462893360
1023096199
783013460
4738432036
352230918
1894945842
44983912
38769939
61250638
37416154
356398393
461922813
18560876
25883605
259379883
17673981
324844301
45810524
307456888
24250540
302024897
818053116
132135349
23290592
118212722
66985635
414693833
822215679726100480
1536791610
1227221124
274431757
33609198
541074224
58629909
35880536
317101757
44317501
35612924
2966696183
2675989005
233511339
410731663
142613436
2645220702
819168234
20399735
845956285
74217252
14118604
25966747
64366720
473914976
62266883
1043414880
76010333
14344619
382598137
393885830
73961195
3217603983
23185890
29928571
26214264
2976653309
1311318859
2228333039
111702288
549232373
422571853
83611277
1490541247
1910244709
99568930
1767741
29202176
95238065
413538946
2248212274
1652208781
85822252
329046585
3006480400
953819484
2775412947
619475949
557947107
428854213
196213234
628810304
225341716
2882413161
912566684
2178642265
1576277551
18288411
44098080
250435513
17351972
333290214
419821939
352534464
36048614
50632994
1412455375
53951960
1855109353
60704215
1316676050
384572225
241588980
298642682
32529204
2586939154
37620087
62523083
28079832
135462216
2176309548
19901366
28101138
26719548
189051125
22604909
20223894
14340921
8162322
18839785
58477132
38628986
46869791
1320925746
740526594
2489138732
743060426
1482525636
749444851
24950478
345842262
193554972
760303
525785424
88789814
6679672
115441879
28093496
18948340
636535064
807095
20934285
428333
53347647
48637871
196994616
376819013
93687642
529665052
2250607685
261990778
1452907098
1669736581
35739895
21786064
420464033
61239779
86290053
30352096
431549520
226905718
205858510
90848755
113147061
112428297
1076088475
22475154
32467248
946767667
1189711130
315210955
853293702
1252579980
1313453989
1198189740
230864549
88398856
28304157
376747336
112714402
45315024
66433571
122936062
1225432074
36148979
561171789
36026730
38643120
595625255
304608466
470509012
29178136
39811941
303361636
42067731
15438647
224624339
24119198
403272223
159845559
231118152
46644261
385406348
19261863
74143933
64441266
388151321
1196497765
1029359240
509237663
1163634260
103555738
483732280
31499866
1052807778
350954507
352421685
61617051
63132954
96739600
1026910010
999657367
223787737
266111353
31381810
968377452
92966572
14332159
390856590
13067602
141521060
953137831
507064459
141744721
461116121
7027112
26980309
17632830
166380500
598193601
33033900
938938686
18360037
326255267
81605238
534317597
443705849
19067283
468314206
222492561
17006157
282976656
286907944
14224719
14395000
319228928
32352556
103792291
15895694
42741077
22172506
409267862
56704488
76129575
14277722
883921728
500885877
33885551
36028993
525514579
140993447
607016620
74401155
38842425
109374678
24441893
45342108
218256355
386293346
50055701
14379246
247185936
107397950
497068566
495768920
75390864
45594856
535729137
566569633
276172272
80596164
369099219
72292202
196749708
267263130
482971150
373330234
14287712
57902696
63738666
548348585
273333721
20425127
322531105
25063945
447437481
31101381
400864184
388127101
472341831
71865268
438632378
275528788
74411189
311647870
31375480
28142766
142244183
94298110
309387992
14718737
44904066
51233047
471435272
346035066
109651586
116715920
238357968
478553827
426486458
241828772
90534982
18332222
436515416
14763142
47895003
11718492
21092382
409350939
460632603
20662498
229241362
71215587
354741864
33874710
56467191
64697682
39726707
19319985
14277275
116872803
82705598
45818077
61450363
233501327
19659689
57696728
320829399
34034031
382789921
375751335
140488453
373890791
260308246
353576703
356755167
21575813
171612559
144770441
28964834
359905331
23427346
66800368
60695704
84868803
53923140
38745028
267848594
130147182
49738893
310142404
25663293
385870354
384786873
17233716
251306286
111322128
20431064
41785808
58183468
14741289
32351643
66796168
15100833
38249863
214227879
28103763
271367322
239833417
197494322
21391301
9695912
138376196
90929317
29294824
66664753
239484275
354516475
274951163
32352209
7724452
342699473
132255549
203860074
44997376
301240549
28453822
80821148
203047673
152263741
38400702
28361527
93144676
341676599
19284711
59580884
149635338
49775456
32687045
67710276
74778874
14310788
24890121
40117334
28323152
333527792
28110788
44867213
136029854
317240118
315323700
37921321
276493304
44865727
103280252
18561093
269961511
15644592
259523529
55567388
95053140
104777995
38643660
74418848
98873754
46920783
291908587
291909797
271088617
25118559
28801448
33155652
68741204
36041901
108417952
287839547
65313321
29482748
220739751
210526095
60983
54530632
43091419
233552740
69082043
17960704
27651932
23244604
22809353
97107668
20210193
23480387
33475032
33538992
192328753
252737082
28998776
112813136
101727020
248287592
204525639
47301143
37868867
14723606
31690214
67268011
228694077
14288037
28324711
48713549
14763346
18016543
34656014
46746424
14224622
14125317
20183521
14940714
14114267
14407392
20195297
18503146
84639315
30923509
34456552
38638278
213787697
57592947
18270066
18549724
37193436
37876601
32542763
33279564
32350318
132183701
41793455
19962340
78926518
34605396
53367893
14157785
28167343
69007602
66947574
90831134
236763330
65460298
38265914
141709158
45565440
47298919
38646590
31409120
28085805
45919516
26601441
19188289
71526098
28556587
803657
221822662
28861781
40875829
26792275
35162704
27845999
23937836
20841684
32961333
19395636
38493594
33006109
37904694
140423271
70977551
39052549
142282484
56184740
82353528
33467543
108945668
49072458
19495880
51396153
134570255
47403876
56478933
14253457
7981922
86289235
183739202
18489116
26076279
31372094
14246923
17107895
156390474
28972335
30873513
76292859
20542429
46688502
14312379
20672548
35056248
17168052
19332655
35246361
43297926
17896776
43784864
22363451
17987852
186493828
28973543
38870922
23849809
41544679
61724625
21645552
14581620
80109709
25969618
45311705
114758406
41604461
52093957
34207733
172874889
191775358
8354742
48090575
130064773
7474972
103833985
63442375
194081502
20978303
18670845
17712364
16388996
135568131
25056999
189169431
25380560
185969178
22365643
183195957
112408379
42854868
38282491
30981678
6512422
14454733
169201702
180511678
34256690
90818945
69396214
34365859
28822089
28305009
18475198
34910028
29673427
31700411
21904931
54628231
36307732
16813552
34050300
40482226
15450996
14511951
29659136
63262403
20853361
81578629
21695947
20868447
39966546
22014140
27848098
31386412
24426957
26229790
82325555
27317182
36510958
18213346
18897831
14615934
17838265
22792678
49370357
117461300
18019901
13763992
42586108
92962860
73942287
45398784
78330513
29160330
81381193
22656060
34941106
4384251
14687162
55318607
122994639
46081160
10884832
9865942
20508432
93914726
35276169
22375073
78596503
101758086
20796069
14301297
14487288
46080146
20918717
72516829
76450358
93027337
73323210
28367969
90448119
33480259
31822122
41554173
24509661
17230800
18029265
14287446
18604490
37231899
14669645
34875774
31371308
34038925
30891188
31544675
35188077
41080478
48059451
31378726
73430928
36326999
33854088
35067530
15976697
26348075
18791763
62442994
6012852
39236154
17189741
23052230
14855334
29716556
14294910
11315082
33477915
49774380
5985642
76585756
40049680
19444523
23574285
30824591
28065624
17525882
27605155
33868170
34575407
29713572
75060420
24739813
50252072
812367
15820505
71824168
54991990
19414413
28094274
19775860
60125471
65638654
27201633
28303450
63129578
48302295
21022281
46870495
42625724
38863451
40463751
20415660
24208779
14576431
27603445
34891481
25344165
28092056
53213766
16665114
46106058
15015340
34229862
28411908
28557899
59165868
44311217
34704691
22933185
16698195
21393770
42709793
28658570
34672797
49073990
23651070
44987423
55487753
34879350
31749659
19236875
61735082
33542102
37679066
37396167
32873744
37630783
50270386
38882731
37034439
19190875
59548897
48291483
59827474
22988843
39219035
32482854
14186437
41597644
57093175
31736692
26201517
47974057
30339696
34898791
37665779
42844817
18970504
33236436
32535843
18264009
45565446
19107588
22415635
40935476
42508097
14214281
28415255
28845261
28771869
25588891
15168869
30656470
30186430
28801016
16921883
29938568
14710519
28965728
18060692
15444256
28811436
28848504
11772402
28822838
28361716
28865987
28913073
28893066
24664027
28593450
24007557
28969873
28977697
24757494
28979788
28990123
28997082
28823511
28992427
29023123
26243189
28160918
26820048
23211282
28379892
29042993
28611776
21087611
27437465
22757839
29167705
18867463
28864738
15296375
15105579
6587642
28284619
22537073
28958896
28567583
29028155
27659848
6006212
14321649
28788471
28892317
18055712
29407397
22919792
26793259
18388111
20666996
25630167
25290690
19063658
25614405
29654753
27910533
29679993
22408345
29687914
22651524
20852944
17021431
29202154
29537219
29091353
29086657
20039505
29270296
29679005
29942355
23430248
29709627
28577823
29840024
20592144
18018602
29967293
29908667
29676058
25718866
17776433
29800686
20515269
29963633
24177146
15401993
19186642
30237259
16831793
30247564
18955891
18377085
14292056
17686409
30293311
20854544
30323439
19145951
30348057
14912551
29934193
7638452
20969268
30435374
21229126
30306330
30505656
26818369
26225579
28385729
30630227
30433413
30659081
29728877
28726577
28764394
30187429
30693554
30702443
30685157
29149892
30711056
30224854
26495204
30727672
30825137
27734512
30842849
14287018
28959296
30846487
30853593
19141964
24509011
30821752
30911610
29274586
18016691
19387680
15734608
29168612
27032847
14330330
25861301
24169740
10544862
26081811
26200357
26212446
26305549
21938218
26325434
26467981
26206758
26488494
25817863
26200078
22609263
23576790
14350556
26720210
14316556
14883885
19975445
23786818
27001972
2274561
17049291
27002910
27038885
23179819
19707746
27105229
27062533
18159538
23196723
26885200
20012788
25836804
27259029
27298935
13488032
17187505
24527191
26041235
27501700
18673257
25876694
22665308
19764533
19361192
23591744
14340875
25070289
20341671
17892926
25425643
25365007
24257392
19125743
20390184
24046713
25509741
14670684
15775105
25245750
22901292
25833482
22920732
24044383
25854567
25416669
25556628
25968803
14154562
20142758
21426923
25996040
22062371
24689733
24511665
14425178
19840393
23503272
23822793
24010664
14284559
20675372
24149604
20231161
19343254
24144508
24172080
23785168
23097920
24214229
23924588
23476352
23746539
14286095
14285317
21853669
24575979
24596137
19238850
23608172
23765381
24728387
24734936
19093203
21846143
19067312
20783263
22199398
20145056
19392144
17217817
15894774
14206252
14418912
25044370
25105806
14450979
25144335
17617869
20587233
25262480
23656615
21185708
22826944
23458354
15101278
23600936
23733782
21102781
12269512
23738829
23438083
23115403
23706901
23661457
17421178
21850516
10392402
16717811
19226961
19961687
18392926
20008618
20126204
18554686
20143588
17564815
20170408
20018303
19708641
20191034
14582439
14997025
18489561
17864273
20091998
19020480
20238626
9786032
14284164
14284273
19922838
20291220
19766036
20356290
19897898
19824721
20402150
14617551
20044495
19611943
19233252
19901706
19777337
20255765
20132334
17334988
14284876
18760790
20659166
14651507
20594162
18406149
20270952
20431436
20789263
19769863
20883211
18406681
20909220
19930879
20936956
18669139
20667905
14470866
20970878
20920040
20973141
685513
18264758
19246061
14659667
14998206
17647798
18671808
14284864
17962467
14302563
18875947
14911656
14712588
19442053
19062719
18761632
19450673
14361990
18079528
14777166
19337187
17672509
14284139
17386721
14139089
18609590
19157451
16040836
19017906
18797557
19037535
19233560
17385637
18822650
19235748
19254732
19256979
19013895
18133659
18133121
19099958
19081813
17267639
17230819
17482729
14780924
14320705
18564612
17066475
17969007
16804451
14237373
11889572
14048053
17988682
15579102
17085853
19200499
19177652
14349782
18725283
14547057
17898461
14122188
18934005
18797522
18762590
14599192
19015603
17990719
19060489
18969753
3549331
19061967
18630272
19063880
19018815
16183455
18076905
11788142
14234353
18642445
16418188
17187058
15857285
18716146
17183306
14301094
12061802
16404057
7184442
788603
17585265
15835262
13511492
5399492
14284271
18728161
18731478
16452726
14159875
18745106
14927861
6440032
14273294
14464119
14417779
15179388
11193982
15736172
14706001
16737801
12273362
18186419
18864959
15217473
14093978
18450179
14687587
12471892
17038109
18550407
18558708
17228763
18599832
18435641
17508156
14908347
14286411
17392750
18293645
18292862
16904159
14969978
14301800
15967758
15776620
5646582
17681663
17602572
1037351
14196812
814471
14336324
17927655
16805215
14351028
8184422
18136767
14260198
14830189
17099136
17867455
17188157
17873227
17813010
10107052
14556680
14623077
14234290
14139942
12810
11625272
16718406
14225413
10595272
6475512
813286
4107251
17064299
14239172
14419039
14559268
17424766
16804282
17482669
