2181866944
347849896
844876405649391616
906294173199937536
26989391
27828896
1496022991
32397331
258269139
860129059
3302126463
626030756
384825486
1364939998051598336
4023469463
1237849737350352896
1111602924197683201
603775254
1208449570029613056
115162113
2482248974
3097396955
994475295855054848
4614309443
2401292528
1702830144
126065948
48103010
202175362
428352489
21290360
1163704011301838848
14820456
471837649
782848396461834240
1108345508916092930
78682735
240190773
4353260675
70632318
1006419421244678144
14275129
19389900
18611983
32535843
52089472
1030745041336184832
1855109353
390115172
44710412
717003549054525440
14291120
45635770
112403405
56202063
840198864665772032
53876028
3664373896
606187745
737876050487709696
813286
46101484
66985162
288699652
23247176
33885891
202741167
38906450
240003465
218447152
231218773
25938285
23499901
76746844
189376144
80305201
188017434
253457075
95413494
39340204
45321236
2228363243
250196340
89425108
90832940
60868457
24578146
80596164
4142967381
3096924598
112390204
90831134
14243708
44174373
21863377
11256132
133683225
24891866
271538326
4854089992
38842425
53367893
24522482
562745251
20679622
22201622
472732131
2439562192
39599815
2603577001
350370406
4216927337
37416154
237938196
1251230342
118829680
30110233
3306382221
26725154
51406972
1611324854
20008618
1448916583
4585307007
33542102
54577364
63074157
1103809806
299618163
20943905
764124031
39718750
3098676977
17298219
28888955
461877129
127613732
1083987980
20776064
54869011
68942913
76585270
29660732
62574827
38414239
45315024
331792951
3450626721
3345666071
93715989
281421056
1490541247
537980101
31267211
2280470022
1544979817
297927682
26214264
237266653
14410561
53096584
1410372553
2424302383
2715434333
160472609
2969845907
2816632566
48512702
49094213
3175807619
3164137415
2199321623
2204279255
2855343141
2504754928
3063468116
223856272
22915264
49385850
3084854243
1598000714
7019062
1432993051
31418841
2285421987
33609198
23185890
40833884
619863166
196409507
26470805
707927607
362771820
14420387
243087788
17261818
31898483
1437488456
2884725506
577249224
1731175884
45561289
19867810
86290053
142326694
2883291048
134196350
1584921954
135462216
1461537259
33495550
2891331749
49710418
1662687974
201653163
433663889
1682946991
17471820
317877317
838069052
2825899037
18677075
389012844
1712285737
224394651
45335955
34972320
253112616
234291108
125952834
32268501
522157793
2264840661
875448775
2633018244
141875219
104777995
1901046649
44344421
35852829
365527509
2233171623
17410350
2726763857
217175397
57659293
319228928
906059119
122312886
346384098
2596131606
35426997
2583575989
2310502713
322531105
504914052
272122675
193219404
441201398
1615463502
2468198215
70341038
33872705
2401545594
991870592
122029522
237669589
1264486106
317034318
199670339
23606104
18387289
2282453770
51079525
137289317
96661102
711451225
513584555
1726299720
965762185
389643429
27457788
313884696
595625255
15846407
2336438769
19656577
237566213
42615788
35877137
235743135
123274829
1061007776
1534655556
30759351
491297741
31074539
1706528556
200955021
232675759
2265775792
346023707
22232999
36038441
94351852
520670946
325480921
2217999593
17804381
30352096
84538257
399905956
14417779
64528311
2196837880
18934005
419553326
1691130469
40713017
206640289
102954117
1866805094
1053493340
891754482
218063694
20322459
2164435664
24212723
1070929081
1023096199
338456775
1968841261
31215429
40215521
41908037
1875018320
1633723646
90448119
19501332
23436442
22475991
20195297
1173685621
408511415
14906581
340613443
50269720
1904120100
1911452394
4384251
172896557
23418810
23430760
131217007
249695825
1871179154
1868870377
9695912
799696837
23925110
314635115
57640484
47318453
85403705
39032675
1482525636
1550720742
716383465
1660975003
1710857713
14125317
382535211
82825318
31709542
20980820
1281133082
1667707238
81381193
14997025
18716146
189051125
76292859
33236436
560669277
134050971
10595272
148319829
1451456810
110994325
153220375
1652575946
208623146
383940558
93814996
42693240
18629808
941572225
1347347653
515431540
700593
1229316421
93871070
267848594
1467051680
1361664696
125950855
22172506
18459365
14370123
1550041111
557947107
317101757
102976177
14282840
517328759
113147061
749077188
237524449
1037031822
36389224
14341621
792605850
36624824
7724452
1339835893
75896448
231081762
202738607
617986955
426153152
497641923
1107372186
225397609
25344165
20818661
47606328
44633157
381446233
279390084
85243004
295431169
911345070
11351872
36468498
20600380
82067621
19062821
221691737
370719436
18714976
531063685
90855234
49570820
563246317
37231899
86154361
246559875
1264014362
1195765214
23236043
1157078581
140341270
32149336
286529145
35039604
282445214
67557660
90534982
80966331
19905010
343872174
390007799
532304359
90610284
339532308
887332814
468221491
353608121
343906721
403431644
1357499828
420464033
574335359
56783320
34580764
27704856
44317501
428052237
39743376
461105934
60896067
573535964
1356545430
1198189740
185591395
414693833
14293113
74143933
44869631
19646280
365931694
1215914436
463016653
232367733
19775860
1329274597
503245246
23084212
337332303
249262359
545394515
1204838809
21022281
34575407
39965455
192689889
1313453989
17577273
136029854
257357501
472017903
220971456
14282570
36031332
14284093
230950857
340556238
21199577
42492798
602201119
381063195
401585184
1294866962
49100964
72228773
28827724
34246959
29681955
38882731
387695722
31963968
749142198
821110070
58445078
23121177
32991958
78099370
1039725918
33292641
188855653
343983889
1100427314
14687162
84289595
113002313
14304253
128216887
38031287
22907043
160870108
26527817
873777366
402377699
138535158
62156156
35462739
32991016
19233560
138855525
352185827
483894276
201637006
26806525
34715201
247700019
19017906
118857835
1205100582
40728306
274099629
65039753
38163216
40280064
39574837
1254732104
38631842
424806141
64489186
533265275
1163264472
816993776
895029930
256625759
26708613
33152235
14277275
1070829493
301315129
33480619
30008599
46098040
66204249
1178565788
35575961
377965251
44881245
70665468
1244419039
1241386117
33033900
125419510
27712943
265938709
35733102
1036776163
385392468
310440934
39827882
139186313
264105257
40187767
44207761
1231801442
14234290
37639119
57333511
215945017
47140741
25289729
286267446
32890694
291630537
14296042
364758589
214064340
600240870
19769863
36039059
421279744
48302295
95004718
1219309794
14287085
17590338
21687320
196802368
64441266
239063731
31544675
16600574
34342871
126931830
229640435
31452966
221822662
91756062
28076259
425114628
730334082
29000770
353547437
162152126
19361192
1178437964
35542768
146200229
20503192
26287322
376855170
129825370
1379801
437346867
187600454
14344709
43355487
212149324
23479864
222492561
17211550
18682262
21087831
36721693
109374678
14285164
31376725
56380373
21045768
713276186
24426957
998610493
29169808
410928083
159772785
527164895
18459563
1155083796
529320577
26839190
1139453720
14931907
788898456
114680005
328590120
17209005
429343133
147906908
27021630
174943749
42984003
1067702420
509808859
34859489
117378288
1086635948
23765381
15009495
153520332
210919291
192328753
758850140
58797408
33483219
165175786
19261863
33993399
22356192
21386801
978286423
37630948
71840293
18426185
356182333
30855150
32467248
238945097
333687326
165462609
1076489826
292484280
404127300
993417457
40201061
381442508
305563293
17744272
317700773
165732434
490191091
48037606
66649511
426461658
25829948
869414732
403601337
85796219
73961195
414300093
488493877
596639349
495013259
196569190
17678392
1744721
47417745
81112551
250648309
345380001
466743554
457640845
953901931
27840661
1083397064
1049119500
31439248
10058212
1084447201
19705628
469448334
87398620
14118604
34590009
16418188
78882714
568997555
265565067
179091975
118448842
903920270
36960333
40435424
21596498
744702211
119102516
166417459
28072689
137098227
945749197
23976247
70220181
34026528
86043339
34717297
509288627
53123462
34247309
28304157
31821927
73760208
18955891
462315226
30502248
21023618
904661228
22300646
32150676
17201018
830975798
1057312441
42869256
18377085
1053035888
607202206
69273072
199751812
16017859
54479468
138376196
1032862448
176381744
486838551
349872308
177306892
53197280
1047769484
466696784
30927768
1045730672
19764533
804597968
65579522
204905619
217530764
420951546
19125743
24169740
217570201
498136730
57965116
936850512
246177161
452826738
51998462
212717389
50294404
34867203
225065924
819330024
64979211
30042013
43671722
14304692
39251897
27616471
31399492
23925022
623560628
196994616
78539685
360838847
136939611
16705659
47361819
88409063
34703909
92485382
607016620
580896972
886647943
416465028
287680871
992985324
408444085
47317899
37740915
302685489
634008527
35698094
114389142
363759050
462765184
14290848
26787463
59083291
14288037
22975747
484601222
622139089
382746967
53921742
59548897
494404599
511674004
966057043
18558708
34566979
30311534
20976805
221703932
183195957
396255103
66620848
46972197
26222757
210964960
28142174
39311450
32857917
97044179
42468279
14443826
406892131
21390272
355702635
73361321
431561080
88467258
345371389
14275788
83199512
205696442
293430103
66485074
802275187
425708396
159162572
14288844
408503385
40639367
371761871
537290850
209479569
92960685
28861781
37196329
818053116
576117848
234915142
345285366
194225757
613270385
14464324
353299140
34556256
19766389
38229056
69181624
18016543
279250117
433234918
871577377
15848266
916532336
373612898
247947189
510932827
811677463
53673832
125960653
39238449
20142758
23178544
18829430
873304134
20755191
49325431
346035066
47453114
472356344
19179740
17679508
30690840
492264369
323469207
884599928
25065207
42233416
280019924
220000255
871729254
33444084
404704096
27605501
14336123
31499866
78252885
247574859
12471892
28182176
522455556
31740660
75264120
224373268
70003741
390071453
349641008
69835350
34888013
29172178
18435641
38638278
57902696
14617551
46869791
725925007
14286342
28324711
82584761
422059742
24264879
42496665
45374228
193611372
34052135
267995704
520658632
19648683
38693061
17712364
851421218
30873513
588296539
243557417
614449931
14340921
23574285
413012476
15484698
823719428
46857953
18334306
80573474
855346620
40081405
44311474
246381900
184722739
31745482
424178588
20240015
842311459
44455957
132255549
56467191
97512432
17197838
56334116
33202477
227013679
31749659
80877950
41878492
37886173
202243074
138460016
38632472
825328812
18508434
148377611
21078664
152982996
819430442
21384899
820971690
390613278
821143603
23921558
811213892
35430880
42279760
56672488
597683686
28084565
472851432
10451602
26588415
116697719
384770994
800220115
61735082
13828192
150629416
14283877
267403905
29465388
22608582
42741077
14498305
123528160
331184960
36027595
455709392
14334023
23320712
577519305
19964413
19703579
45534608
43531203
59392758
577472022
14287018
115441879
79230102
112417593
567915703
401613697
35720552
103555738
502003136
308325971
25680365
29039778
492121076
62522258
20385093
134172743
743060426
20426971
20759943
28148610
26545460
100851422
159911035
347144137
31378726
20585218
207049675
22384450
524477060
246738993
55175377
89284278
14407392
632165452
73998226
31421204
19762987
252106076
421125838
383657840
32352209
60881693
161806534
368972590
271814371
633157465
213365374
634557427
634775461
33461832
291305246
214845100
24150634
103792291
18167583
596421937
373890791
39974570
334520234
136392057
44126610
20165293
609414457
40850641
430180591
564564966
33892809
588234393
14379246
27493228
20432556
562714668
42698033
19260683
582663428
519786521
17220934
204794887
53512119
106367656
269951402
27373978
18674986
212272943
46345442
545498511
117834105
269247152
548348585
25171315
14284837
281487082
509172472
88884648
408710028
18669139
14360897
570781063
14282479
33217838
495004140
122258041
19058681
3108351
285282053
198633369
47912857
388193703
369395471
475042847
34228196
16378829
17271202
56442937
48070231
527875212
498741149
460645016
16904394
19949760
134221985
548598414
29703959
28099901
170612254
547118432
180085673
28957526
75325209
49695150
461116121
338651001
228694077
179891211
133414584
32866277
84796534
36028993
35698721
46338044
403320517
245786897
469638160
72292202
48713549
361434073
34696385
390856590
23937836
20590896
453158254
22023899
135820177
30302451
374473354
521430666
262749489
501131775
26231053
516671992
35795414
136218318
35551730
515531842
376747336
33916529
429144781
452896048
75742264
360882239
481932428
281442250
500885877
324081252
291277159
314698088
177177776
62508465
505714971
24673346
215993689
20431436
238546584
75130201
260132760
500806498
324780470
308094016
496155548
475172955
40799584
133738109
70762972
40879848
43140472
67268011
353664792
363041374
5798452
39554261
30952976
195279438
19078925
84639315
266541396
17756100
74418848
81605238
220739751
27716729
28692401
1037351
474919536
467493685
18366158
223442298
403272223
24157592
28103763
19611964
247924346
6526412
48126542
29328836
263847903
17756047
342926708
22915842
473815358
380540729
341564433
27271114
33485980
37488920
473914976
80895456
91787599
151440686
26837025
95238065
61450363
42690697
14290726
459260206
128223853
57304596
233253956
252361852
466342611
464621111
422876335
301909979
395439921
49279531
105915404
324844301
436515416
396618124
340463698
23057056
224968087
19149820
125930580
67570380
18476547
224947053
454191471
140118545
18020127
13261352
221119581
154456153
19813523
196749708
50604877
25380560
19904252
30336576
15083847
338877388
20920040
17660154
424903704
47974276
14196264
135153110
47326041
40340459
14277722
217217458
366113519
415818803
429313316
66931009
252274010
247185936
278664682
39456398
63262403
70977551
66217612
20627309
218884515
11372152
407186117
14464119
31985912
135917823
32657414
133758692
214049275
25619794
93899982
25670311
207888226
402952461
85883333
19067283
20280065
101758086
33467543
201447316
53311530
31737709
231118152
397528116
27848098
41206593
20611702
389119385
28631172
14287243
352534464
10884832
389688491
374473407
140423271
38624201
5988062
759251
355651942
293112350
120153772
165682298
14985539
20183521
41337693
27317182
291291580
28075577
270597710
82353528
18185969
23986190
382269277
19554706
122393940
186164718
63132954
255628022
339055436
63371991
306713113
279131939
313845197
22613875
47591044
241959982
24716445
57592947
18475198
34928067
60891099
44865727
40656829
112813136
61481011
28818351
227613352
150287867
27405283
246816735
34218423
37496143
28524344
211794894
188256896
22981893
200097586
17499801
92043674
46626720
28822089
48702842
81578629
37174426
14763346
30494954
14301297
16433188
22834808
27000473
135877694
26282371
28334899
46159451
14598781
49370357
62266883
149046826
146422421
17525882
145337107
34656014
19386796
45810524
82705598
92962860
21574473
92489022
28865987
61429870
86687442
29928571
90848755
18293645
63075432
17099847
19414413
17066475
32922138
9065742
76319586
42494407
20425675
20152971
36412963
11695472
66696236
24280674
86031009
31687026
55541718
20853361
14301990
15084430
28102025
38704343
85331879
15353365
82325555
68741204
81844094
17673981
80668551
37631582
45396246
28726577
38659486
41119959
70919209
25044370
46081160
19331958
41604453
20625292
67707084
36436850
38480471
37904694
30923509
65313321
18899473
39115360
46099169
1031051
47613193
38730168
44850238
21288315
25966747
64209932
45565440
67127608
68947198
63488950
33482265
65588447
67289395
62729230
66664753
34672923
24149604
19067312
40049680
24143353
33497800
16813552
23849809
36307732
34402309
31409120
28092056
21643721
32660698
20555875
28110788
39052549
41554173
25346891
45565446
19901366
41544679
46099447
22363451
41813695
18519026
31518766
19058275
54917900
53949942
45919516
24686706
14998206
20441820
19234278
25063945
47305738
24687109
39219035
45845636
57653188
46688502
15015340
16432083
34898791
36423190
31976183
42844817
37665779
19319985
40482226
21862201
62537209
37903343
20868447
33677145
63818121
41785808
63129578
64046841
64742113
63442375
62442994
29440550
53290662
18264009
38282491
28127542
34906915
31386412
61724625
64677507
36625807
36510958
36067300
25498771
64395810
42854868
47423946
14406719
19188289
34229862
64256418
31397933
63155239
31394950
29676425
32482854
20551074
33852061
24666962
27845999
14659667
49073990
34941106
21863942
39966546
17113249
30850031
44872685
46644261
26761938
39091525
25313658
44851079
37497802
45594856
42040871
35696974
14687587
36435082
41816215
20796069
28323152
33522949
34357825
34358574
35177755
31700411
29908667
16220833
26022773
14206252
26299583
27062533
27834369
21645552
26248712
22638711
19824721
21846143
28094255
15895694
14284780
28088038
18970504
28303450
17776433
22665308
29170587
29012246
28659193
14266675
29716556
30241775
21568004
29486083
27691169
19749502
3199951
18627984
21919347
22988843
14301094
21607678
23047937
19099958
20210193
11511072
19077517
21695947
15857285
23661457
23651070
16601090
20659166
24154098
19679120
23608172
24667516
14350556
19734035
24046713
25144335
25051303
21245040
25365007
14340875
21698000
14362078
19784844
14287326
19659689
19182089
18186419
22415635
10141402
20927518
20587233
20144046
18779525
19841704
17508156
19777337
12071082
14284305
16557956
14365312
14237373
19042668
20374992
17960105
14353621
21391879
20666608
20191034
14419039
21746816
21853001
17017956
21879143
21852714
19708641
21905404
19119226
14282345
22014140
14508440
14320899
18213346
18760790
18907026
18633093
18897831
19256979
16743512
19529605
18079528
19241520
17408505
16433645
14712588
7677252
6592852
17813010
18332222
18609590
16542861
