1427669566973485060
375639548
2387387761
459236392
1161035566823235584
1668443695
1923426114
1205150923934306304
603775254
781646777678196740
2414669581
1420264670
878731328988082176
1414494862204936196
350954507
4919692366
293667695
360866265
207608019
33099288
1103185636331347969
1093244246960885760
917421961
979758151938568193
1359516820961693703
28587006
1300472329231794184
1342852473657176064
37237610
908669832
1536415952
1173622041112719362
1112440008672247810
3033264155
111702288
1333935258845241344
1269266013528432642
526723478
830446152042573824
404004517
330262748
1129236186
304365677
1224027962741268482
1289503747484397568
186851624
19918603
426702055
27834844
291277159
827799606
1186560733238255616
78890225
30222074
46081160
71238590
1407943933
218434328
419081474
26547250
776927378
858696371276218369
1179661621318361088
553489085
1619803945
1054044006324297728
214064340
460411141
514644598
234132789
1165349682668855296
333903537
49021376
165464375
3972584608
45819575
875262109
313403883
4216927337
309549816
341991404
56353796
1233319578
3238638706
154485832
32347467
1024370707315216384
28115335
292634416
20150850
1105488667462848514
149955780
411806483
358137436
1068187760853422080
553535387
554318625
3179621871
855438813870608385
63707684
738717009983209472
340844762
940312306981974017
138203134
942878337806032901
619050616
23606104
19389900
19760504
296198445
3030151756
4289412768
2577278048
117040167
26313697
1696105686
529274237
3751450582
533259165
3176516824
407634764
117573839
20461000
2362711241
98340495
68529875
973681329375195137
70449935
1178488866
870566128346697728
360539655
46240436
2431547652
946755042568261632
259767140
749188618665820160
1531240933
90662563
67682450
293135502
1286402402
3256475848
487458260
323710529
28130504
1106598750
21863942
1320925746
1875018320
604840570
48428880
878653706912366596
2192914376
541011479
3430882365
214679589
144103227
379394552
481047860
716665776384712705
3009926619
58333
352324312
2030711
1951333489
2964978779
3075429593
825442295583502336
35773039
1947301
734120626542235649
1193849958
990009265
1344626348
529385417
3944915063
430250670
216776631
4579554879
14677919
271367322
714920585567072256
970207298
824079175
193611372
332182627
1861366753
2353374818
38449766
33166646
320725632
15557246
757210394511433729
591344670
137304914
214514159
67637900
6754922
2999513327
298117197
715852081408638976
357606935
2726282346
177695685
117777690
443133629
92358009
31499866
536794839
17383707
119879630
2356946184
82564959
1911460969
882933740
198625434
262787311
29256720
23925022
3853129577
2431943989
32352556
265692784
4023469463
2360430824
89781028
345082477
221064860
5988062
4898091
3108351
91478624
19564105
18949452
624892540
224614992
19811190
18414649
1565256427
33859888
102376401
69835350
30331417
546254893
35877137
1028244217
304395437
21391301
14637973
356740432
983400180
318649987
1198189740
2980485149
3090239500
394060363
196409507
48302295
193273408
124690469
419109554
366899672
2875645215
26100948
158342368
353612254
109374678
757216850
228482831
1070829493
537980101
136403559
192998379
190741481
33250655
170254080
240220578
32344564
33805522
30911018
16795907
104777995
151109196
111342458
2831507239
14867598
850882670
83706116
193066146
18462205
2799519498
227241501
250840490
38391994
257928767
185827887
219294551
465725334
33609198
1441930698
252595859
2493199232
317034318
19644592
136201836
31821927
204468091
471287735
78652897
298058470
355702635
531063685
56342547
46222626
414964081
19939667
2351340198
92742473
198633369
2535059551
47912448
76896093
2529824268
2292454922
65045121
1439042635
2345094797
815275524
2369245121
31080039
2189929965
142326694
25171315
2436411935
23480387
271045372
51987179
113651041
1934108610
2264840661
2306042956
166143203
108957853
210941372
179707847
610768131
42212205
1534655556
118816141
1086635948
277409752
318977179
331559433
2217999593
33623709
28827724
42419494
1317357973
306777752
234078530
376207031
529334746
28099901
289881045
91833088
309340221
1334928384
611076925
34026528
194429740
43074271
728592182
368220699
1281349465
322163880
792605850
221691737
64152335
13058232
1093067594
219443330
22910295
56783320
847075831
239117320
24573827
41206889
180505807
287725396
36960333
214244836
47606328
14291795
47437767
27603445
125930580
181130452
757145778
22172506
41896037
73323210
20210193
44317501
14379246
33892809
196537116
366592246
30952976
110244016
338651001
14420387
221119581
344801362
34859489
166767883
37631582
26820072
364488011
63129578
106494754
487764211
293954275
84538257
133639740
221822662
418189932
18387289
19764533
241641518
23651070
135153110
13261352
45179583
25288198
16017475
19319985
26491964
277592580
479489554
403272223
31015153
353664792
151456066
67557660
26231053
34983401
339055436
93879508
278354009
14698968
83875973
155976053
255923009
79171173
249253255
436515416
381502681
454191471
109591967
285332860
31087581
392291731
107798309
352534464
25683251
324844301
57602886
214049275
153020294
22834808
252274010
252501143
80848887
373890791
14334625
241959982
19067283
35795414
39492276
19659689
163443340
32866277
26022773
28094274
28093496
29343098
267403905
30873513
186404031
40209152
26214264
31723557
6592852
14287018
32129282
28726577
352230918
20356317
112289234
27828896
115441879
19906615
112408379
24188676
20989035
61250638
17066475
222818835
38631842
224947053
47965074
18970504
20682530
47317899
44851079
222209875
96630997
176508588
33688776
19312556
20425675
20145056
57653188
90848755
19769863
92489022
22363451
126055530
34342871
63442375
75060420
36028993
138376196
46688502
33832676
28148610
36041901
38282491
33236436
59548897
29928571
15895694
65313321
78330513
92962860
17230800
27704856
18633093
19256979
31452966
19234278
19067312
36307732
42854868
14763346
30494954
19236875
19414413
82325555
66664753
25313658
16542861
74474647
41337693
20679951
19107588
18714976
39052549
49674652
14276602
41554173
20301193
81578629
40049680
39219035
37665779
38260259
19331958
23115403
31518766
42741077
17465186
23187207
20853361
28092056
14998206
119136840
16813552
55541718
45594856
63262403
55496543
37904694
45565446
21022281
49073990
86154361
14340875
21695947
34229862
34898791
61724625
35789212
27845999
14997025
20868447
16557956
34050300
19901366
18716146
22415635
62266883
20796069
23849809
34672923
42844817
16432083
17673981
25144335
19188289
39966546
29908667
36027595
36031332
31386412
37182603
25289729
149046826
23319109
157616270
62530296
74705315
139848283
160920285
158481978
22988843
4384251
28110788
7724452
20366788
20555875
34284610
33615247
92043674
21864337
107418537
35760489
62101460
34058174
61429870
89700115
76585270
65677060
47423946
56202063
37174426
67299508
67903239
66485074
34972320
14320705
74550241
36440078
21588799
58557419
57133595
48672296
34941106
9695912
18760790
37034439
53680033
45919516
32660698
58440675
39471579
18682262
61481011
27062533
14155285
34581357
23743186
33990201
30715392
42213583
36099106
29226551
21391879
35332272
42265233
36110222
25962645
14712588
14296042
42895208
37677256
44896803
42851485
19558123
29425671
33839942
45869298
8177892
32900329
46409990
25344165
33996800
46408319
38653195
42741150
47134635
18669139
21525504
46644261
47601462
44577324
48336096
30183766
30205310
34922204
30241775
33988005
30622383
14159875
23215008
19611964
20837391
37633922
5634282
25425643
19824721
14138875
28315847
33917834
29991699
23921403
27728939
31371308
39247818
21919347
24153920
39581053
24678045
26046848
35749326
36013002
34863049
39726707
18869697
29037709
14284305
41319369
41330192
24774111
18489116
28355642
26105248
35612924
37193436
33988509
27894294
19130434
24716445
31097949
20231161
26719548
36635372
20642087
19762987
21557721
30953009
14617551
28100442
34285054
36018369
36064215
14260198
16576273
12810
14277840
10107052
14320899
34268915
34730886
20362683
22542803
20390184
14492421
35467082
29028155
31985912
34714498
35773283
14287264
27593031
14473286
764884
19840393
27513352
21574473
23084212
14365312
33501634
33482265
29277321
28584427
18886395
31085457
15100833
33217838
23777035
34726771
27207896
31443715
31471161
19969156
31409120
19361192
28092347
31111153
17508156
14552909
24392389
30085344
28403119
29692349
29679005
18079528
22895438
30693554
29486083
17499242
27913062
18897831
29495546
27848098
21645552
29444769
22608123
29414682
28539669
22665308
28960916
25996040
22511154
14687587
28303450
28085805
23442357
27834369
14292534
21035347
22613875
21030513
21864336
2274561
26475087
14286387
26885200
24748577
26979187
18608233
25365007
25051303
20667905
26213132
25998113
18293645
26073849
22472364
16433188
21846143
20672548
7723532
20390146
19708641
15352640
16024024
22674980
24661842
18839704
14350556
19363997
23434430
16904159
21645345
15949562
23573970
11511072
19099958
20859418
22529589
18627984
19349216
8184422
22612223
21082438
14273490
10141402
20144046
14196264
21853001
20606216
19501332
19841704
22511075
18773541
18186419
17187058
12071082
21904772
22014140
7438842
11259122
7270952
21861363
20701231
18213346
14487318
19388863
14114267
19704302
19734035
19646280
19077517
19337187
15876287
17958927
6639792
18725283
14417779
15857285
17873227
17387748
17813010
14353621
14287712
16718406
17471820
14332177
14291842
14277722
14237373
14274835
20329566
18609590
14351028
11519162
21288039
21440126
1442751
20938464
18761632
14234290
12911842
16947713
15017575
17183233
20659166
13768302
7087422
17685876
11518832
17183306
