3004163369
1212473040790966274
728743549
905645454
1120633726478823425
2885493519
1243621045266980866
82299300
163145068
17997231
2548131272
393370698
961333703896174593
5120691
21393069
1179383574
1029415540694179841
17471820
982999003
40505648
1082967332
284404480
1368103900419563521
1150142528487919617
16945575
1514380375
170661467
1541936100
124280207
1719351367
762542952
2165117450
47974057
49370357
1029766189961109505
228791637
14360050
16047333
1164479058396286976
1351808234
381430471
1330892617903726593
241959982
2326177498
28535253
784809964816764928
1099289667965517825
14282524
91836565
535661060
33865690
37196329
238308510
4894519049
103280252
61746571
32816797
362429683
359532790
1006419421244678144
729044071856144385
34916912
1036964193591734274
4895629912
602919997
46888173
420164640
34885066
2225523249
1972948940
457504774
718349821153832960
872533308
429844913
365635604
29111431
38660485
18043746
38693061
65306306
2271307943
544915456
824160598103588871
2485294956
417341792
344327156
1655512332
271844563
564527554
57832321
483724906
428854213
31085474
14354733
470246996
340852718
14499947
48702842
2559002312
477843048
31368630
55516088
480253925
240793406
160894995
2821605716
917421961
322531105
398606542
856504234099048449
768400561
21864336
19337187
18627984
22014140
64385966
856010760
848174596557873152
82323571
211137828
368309250
3305430418
25262480
44714439
838033909
24913773
40862716
2228520805
38901264
740526594
96861734
415701368
304331315
2873711309
204276552
1209716558
42845459
606254216
449170257
818127906
33983569
1482062305
3330565635
201641845
79958798
866386616763416577
383680734
1568450005
3419927662
117803823
825040897
617495454
18264967
217173788
456938149
851483635035385856
3175750240
489314812
789463176576430081
131969061
717036122837266432
38622257
765456692
2290107034
607016620
345909289
48328236
529334746
274431757
35880536
31090806
1775312905
17209005
219640976
3547190417
15027331
624580847
114216901
295579767
1052311117
1398990798
99515710
1329038221
1261462266
319677725
224240042
2415957962
52803666
709507176004501504
507607913
784026149374554112
329144374
2395875637
2372074475
33168455
56495435
473185962
2858411747
1527864668
14311662
1196222304
4883007081
62806889
40914660
373239963
9786032
18549724
2971811784
103986906
18475198
2863714984
1228605192
479028155
3014759117
45919516
63266077
18338159
95049729
2874173163
524665153
27113674
483764720
1070829493
2317558679
1670204485
410731663
57064417
112428297
703140685
525893577
45155843
2256218511
111593210
2476611719
34696385
405775140
46359538
82872579
526401874
223812019
61735082
70622590
156944270
45565446
1450906933
30856351
1934416759
277496292
196569190
1342246146
366568757
340557925
79163086
563046788
822215679726100480
1536791610
221822662
59548897
115441879
1076088475
374067244
138465489
198549401
473031101
17776788
56341511
22920732
33609198
48302295
28110788
247185936
41554173
14284273
19331958
68503817
39965455
45810524
14350556
15027785
19145380
63425851
27845999
18680691
14385713
11511072
39460973
14292886
49574722
23104499
493503538
43134418
20920040
45594856
18897831
14349782
1425911498
25289729
20853361
21022281
485568425
16813552
28303450
20868447
24426957
352534464
29660732
138376196
20008618
33166432
851730601
274509836
468314206
31101381
74143933
56792300
1326712711
1477123380
1479612235
208192338
1467051680
28099901
21830064
341564433
515431540
116449407
792605850
487573225
46081160
82325555
66664753
23040265
29153118
38625054
30908885
20667905
1604872616
769434008
21853001
20859090
50303955
19764533
42844817
40049680
25966747
17813010
36307732
249539943
47282349
14114267
14549178
42501345
1497688436
14349636
884539826
23419312
67561158
44207761
19450673
520418337
85774291
500754575
17137497
599153665
1519675345
21423985
509944875
19414413
1330959913
14997025
105897061
21695947
460966881
