396134339
720335013
322618609
1264291718
30861154
558015175
1294248670993547264
2292314967
789463176576430081
1270508600457400324
780084102280208384
66764471
56307236
18269413
18364179
66652768
2380016595
370900852
722367883964194816
2754956909
595006074
272883943
355527550
41206889
14291120
27915012
534350833
1421210066766770176
25977779
833800521601445890
2470664540
20041377
552627774
356802819
229080769
149109065
19263926
763800909298237440
881172253391671301
4412953883
507425094
24909190
23776194
477672060
28706024
392291731
22749632
1330892617903726593
4005528171
930373420788961281
125597708
17229809
1172535926209298432
1240720542711394304
849082886
1044697468506648578
1285448293
109669677
500096683
44677190
600462984
1585589059
2569743630
57327563
567173868
1038040441
947447935
3360255789
45635770
190544369
33847354
87179365
1057007322558537734
1045173938
390404832
424871293
472694608
69274975
3292709727
867685740
82311233
1279871724
1245251751634251776
2180849438
33046875
30287258
360963923
111431697
208240682
26782987
2766336177
9326842
66735643
978224378491129856
2257589192
74401155
2801818265
40720997
1435262418
30934541
968587494
32827431
844384802
36309973
17895868
48410093
57593827
31362764
2176309548
2699699595
294090631
1389336728
146200229
43528884
1328943985
4103214737
1122931725280194560
156289017
818127906
66340406
811719024
90763996
1218988039
719555092911931392
561553692
1136164451470757889
167339193
31994651
1574737225
1240805844
46760213
296741514
1196390358
14487288
18046947
531063685
164047503
32467248
998551000557506562
14694707
151066153
34222815
118051255
9091622
517834764
164189087
63761171
93604188
332203488
21863377
1487151318
105131651
250062961
18557271
137289317
34239885
79992803
114240158
17509243
17508823
55204617
382050526
779987268
90831134
21656594
145648905
74147047
120183536
864302522
1178928221158547457
3536107937
1029415540694179841
1082674824114290688
501744819
193554972
2645220702
204525639
243206115
225341716
192889718
440780306
218447152
38631953
730123599722500098
193254967
33865690
148642486
3544791135
1603270376
863042740526993408
269990882
1211036155384221696
704194771821195264
26977269
322803264
352897245
3019411025
185977570
15644592
116852408
426386269
1558466029
424476931
1964771376
77722927
4353260675
78682735
2423731711
140392065
869463834
104763580
465099108
62555618
1234181868
21753847
15932227
22608582
16884455
269951402
318907867
109249394
60868457
847075831
76889387
33884691
606187745
34902836
13514842
195742929
1654526766
74742835
302596289
203458451
322044736
333421092
24860940
410254625
97212889
392207801
488384295
390359340
40192418
425271390
166928443
493818738
340393654
41737509
20684488
419602356
2544663083
50130019
1039425340509245441
2430383642
946474817871630338
822072792124366848
774004565242966016
2738951837
3094649957
22972898
115099953
44196397
8161232
105328660
3291441743
2923724679
867351037
161801527
1976143068
17899109
811229675758505984
726294410
65320271
816879318
41351210
487690141
160952087
962662392
3308599215
937499232
14260960
318977179
219416031
156005263
20430239
1316013805
25488468
32095865
194101689
19061563
20093102
11351872
245737468
42984003
190551552
82957326
135820177
151856844
462315226
420371595
1959103621
14290726
1897331802
471913331
593599728
291277159
52680590
507256471
287785714
370719436
821224338091286528
2709664746
137645763
1241289594
28776654
21486695
35587592
765862238687223809
993846109205299215
1101681000
3261473093
67257367
66685540
135173461
735764197380759552
364227365
18530679
2352128351
20236785
812431372174454786
30941476
280183942
486051040
3418790463
42847427
847229474
31423389
42845459
14360050
82825318
18022037
856010760
1153507362
2826485094
438602228
28886036
190191502
1047372551482167296
19389900
232367733
170661467
26594013
1664933730
1972948940
1089191064454512640
3116109856
68757451
1372764241
340976159
61828285
87551769
1519675345
208192338
360447111
840198864665772032
981668744920535040
452896048
99708447
897720422
69007602
291272927
893374494915661826
52031167
310626575
1174980612
74131074
71885961
29291948
175786158
19915842
801549353227841536
619040079
274669412
2307893040
14304692
40247252
309187913
19078786
271538326
3567267077
539247839
4516255048
15324851
25127782
87914827
1020915620
125928871
262164620
19157451
2228363243
199670339
42042554
112871323
2811129040
925645722
399591808
56328067
23500723
352184105
725925007
127268367
36020304
3899029816
377165739
81851893
169612620
568213083
22203756
818910970567344128
1339835893
50746928
15027086
16328725
25552788
3299454226
808960458480816128
2988033940
756895303
383757570
318492642
121483664
430595346
29979814
20771519
82872579
20229175
471709113
4301213367
706617039813799937
425186357
74222010
783225125810343936
3843873311
900392084
26344613
38696507
358969925
818053116
40505648
29769998
45321236
60900925
4805015242
260280345
65644550
407869459
960775387
271902473
887795372369862657
2706061219
910840672055414787
1715850816
30257547
39718750
460406210
241109011
517328759
76585270
14487318
221691737
122029522
461105934
69059420
2341253739
750511978041470977
309559389
426967239
21388301
18042754
88697946
823664138475999232
319228928
380648579
47369006
372895128
14462419
346380267
870744584124604416
3843528916
2282453770
17427049
728743549
211935442
131969061
64630577
46362131
28600518
191122978
2527235522
2734144658
711042579
1294053200
591460008
1549000188
1672868755
3171712086
508628470
131643171
890947293117022208
884402650514694148
77260044
329773925
1398990798
34885066
873089073522499584
271866986
213763171
29259431
17216268
29660732
615968086
27828996
39368560
18484314
1878721232
2657037103
76884233
2191259255
1676490450
1576808508
46207429
624913111
405428469
3429865683
800220115
3585870989
67407712
2917537671
4349609841
4502049395
4869125758
331128065
3608877580
82593401
4852419195
3432555335
3791332162
2269004974
2308094750
2751705472
2444581330
2731281726
2987098397
18549724
90116669
24177970
269777232
886608697
28119699
61123324
3770197515
2203804504
3466352955
102603307
2801608748
2177868541
1686051110
801860694
36020397
1477964898
3747320115
3433931391
2893296315
2777336179
2978001779
2814868657
2751551987
40619063
2969845907
384392601
970207298
50452197
310310133
140519774
248495200
2293131060
1055907624
242426145
2834385621
15160884
211530910
234837632
234057152
190328374
168673083
15394954
249410485
18166778
24745957
246341769
15361570
76132891
28599820
23124635
20552026
19407835
242772524
242873057
234797704
584012853
2862577383
1060487274
2861616083
1060370282
2253968388
1092757885
240393970
237299871
2382685057
2973870195
224294785
1499993378
33977070
2964287128
76452765
1058345042
22545491
2914163523
2975091705
2962994194
246769138
254082173
1365259206
2296398824
821236189
14300452
42376599
31068930
24152783
19018191
106714708
38648525
209479569
479025116
402952461
85403705
39599815
88896130
43759969
575311649
497985791
794209590
159071409
818837224003289088
16708690
1684212643
106769293
766620143032135684
23587849
47404564
28067981
260308246
18490910
2863714984
1868074651
457721578
26978944
40198892
1917731
187441247
26207988
2308659371
131251062
2754777701
39521913
42844683
3350922155
3114792983
18869484
46078438
20580713
495085031
127856676
40209152
28525763
356095156
3026568364
24880623
40038478
63073258
1077547549
311371723
19327500
1311263767
3610681887
1336293794
2829796499
347792540
2728902307
541065603
482353209
255628022
99734015
1855109353
3247642671
239320809
291339156
90299585
912746546
2810327434
3897682997
994705938
2910548418
1176780199
718182210176561152
20921643
502197207
30247200
76057324
104739928
113206662
61338442
21227827
14515653
66346244
16255825
14092236
43343869
18163042
20848251
39288218
2941150387
2732581789
224967068
159056050
237669615
224231175
453267107
478811740
328406433
351426253
2788479289
39472159
1107795943
38383067
103809980
19108071
46085533
789494953
577434898
1243694360
112973510
283398901
368846130
272457158
29153646
36352388
35453508
18374073
2616879948
66377215
64362370
2859441209
179839275
33466304
135173286
25504185
23211282
19650826
2831872284
1910924306
416135072
191849753
2173974986
48289662
42651647
18074115
177550141
303116225
633015558
153266377
61257410
966113328
5988062
37626533
3414509159
13298072
260132760
162044153
117428743
498986721
24758341
162473641
25275453
66673916
506486097
920783642
25882448
49325431
85822252
25063945
206640289
30886191
221110729
156558153
525150755
2695690832
3020504062
481539254
739797013638877184
3197824047
66985635
181268314
553871197
263106678
72807739
97650171
24891866
798997668
726408395067133952
4001989702
274489490
2818756895
394633725
2493223404
2447157140
70665468
538079747
139675062
437373893
198432070
42372786
21401523
1379801
520670946
316389142
237260418
4877919190
3294171827
334520234
473993305
76068171
368335899
70423313
28865987
114680005
67557660
26880289
22011813
338407997
28078770
66987835
218063694
22434517
145876261
333595248
172509769
498937097
923862800
1527864668
2841290781
344327156
1132398061
4204870159
3978828736
767242634
141192888
748733844
1725888390
1702830144
93861596
274899271
2753501338
2541333525
19392024
3092676707
2193872901
455093644
497245511
1262245315
2317558679
49596294
522040889
31876009
2783806377
2322814084
33013018
1446019692
178862992
238315982
146749581
36148979
412417270
563167783
105733074
269939268
31073556
1207665110
19240660
2203806496
1652575946
825040897
196978624
22476061
22481463
473336187
1157840149
95410045
16973333
363041374
859352533
47718299
508654685
358192303
322915301
227835747
822215673812119553
30313925
4039761447
1277311358
15007149
9624742
2298151468
351103086
18002106
3065951663
84029185
85883333
22834808
2264840661
217119115
25171315
1617493670
1148767788
3194268285
39456398
3402615569
116449407
200516200
487683136
30974447
29171954
266541396
30898701
21011375
24050414
24197744
40713017
30856351
1260176245
71556059
271451192
224369830
31098828
175384895
260340277
376180305
1058823794
183396656
15882393
223506319
295669755
531199181
24942147
427799256
104881543
123326795
52084211
33920667
24594278
515361021
270029561
621073416
747877376
887095105
819772525
360680603
102397481
17172412
272401679
413839619
49969223
20702279
17211968
279137479
359979086
96093611
551669623
17172319
19438626
374184532
258345629
490126636
18814998
70385068
79145543
24732180
28332028
28565356
193521837
23746425
159950527
42183750
20058825
177179008
123109597
500704345
3131399380
353737617
38231370
491350825
743585142
25581439
309978842
120153772
17137628
194643654
56723973
21303235
70985635
56975985
17969699
67702044
65150447
53096584
19277186
148517828
104277809
46003622
515838635
164263382
217752780
125995973
80803819
3217015012
19722343
470099591
16025112
408710028
2283812033
3173636314
1513671236
85289376
14361155
143427448
17454769
2615215782
61731614
10774652
14106476
17839398
2288308578
457984599
607946179
21575717
27485335
14669951
19553409
7684882
831470472
1265726480
22642788
36462231
14698733
145724592
117189136
27741349
2219870935
47377892
3545335941
3343154387
2976018281
23920479
495379450
212312734
1672943119
1421609964
23227277
2560618001
542622412
1196222304
47624589
53896756
28324711
2361619811
77795975
399504777
385361442
327064489
31087581
405775140
421389045
38504187
2637258154
1227221124
167867634
3405856211
340540979
1075005146
161616513
352306584
466391733
45155843
3047785524
475024774
3117983271
486006008
2434054144
16040065
41195869
20485710
2770397907
299160581
3044780133
18983676
3070106349
20062994
93460844
39016371
74841775
25323242
30524255
15094484
12021422
14337879
113480992
204261242
2546887999
141005594
54811382
1654907406
377839201
1919456312
218063492
252571802
352596345
68484204
2365671
2493865578
114487592
113087252
1449182479
233467702
17815546
41796727
28413649
1377499836
1401210403
14259655
356301853
563534687
992909214
1540456093
198612455
60869733
76744918
495338212
404165469
2173021144
3023376779
1547416062
57573101
50425776
218571797
1436372172
499776536
17873227
622855647
2867800421
109440008
52155501
110205768
409500988
346672826
903913819
162622769
992789466
170591249
590707856
218874134
53951960
32529204
95640962
196537116
57009636
195802870
335525285
92742473
58158948
93247303
2169126684
56342547
617430060
289402295
40062854
404981052
481221595
210862752
36329111
155014550
58187044
93879508
3304385571
53015487
72650927
156201907
574282276
2669532163
275013845
3030244055
2794543715
474105323
331657553
344261512
3043209969
545764904
2971811784
95049729
366090568
70898910
2994611423
72664373
249222350
386509008
324875767
555092402
27049467
193017662
1377302066
469585545
1126607935
1412951510
2333865407
203761578
23002923
124460632
156398977
68344771
92725349
374473407
414300093
1589337901
289099943
2735993530
230457924
258715014
486559151
621906591
382687372
1322229337
151960903
1346907756
1348623194
356128400
462765184
143051572
219104432
275525412
2420347274
365976605
209022228
21850674
195666183
1453024098
214809052
46465628
339055436
23428253
110684335
414334941
14677117
17044207
19645791
318887578
40227205
102700680
5120691
304909941
196994616
17675072
198618575
206717989
157981564
36329597
2851151747
24150634
893326159
432396256
2927205058
924331344
1486092744
947213750
580064293
461922813
3010602297
280019924
633249627
239484275
110704687
761135604
165551003
2590058264
2812762495
1117800084
296159942
107397950
2861477195
2924816561
284738956
101695592
33801019
183230911
51376979
18681139
56631494
31348594
113419517
145125358
65659343
101311381
2176733820
2474086476
227294412
145928789
863308099
149705074
167092490
14407392
618118376
2814440706
90534982
238512532
744702211
2477802067
30008599
1581289837
1269692077
78572556
28762257
58631768
462799987
2613797256
1464466166
19122668
187593906
304543204
29442313
36830261
196163968
2178752779
191831082
194225757
76653051
87398107
2884528372
33170758
219668427
18610234
2185062985
969880531
105231326
356063063
1965625789
114216901
327355997
606448747
49068924
31374320
148112377
16813012
71643224
14118604
52104623
22070492
451018761
19700322
212295349
1342069742
413098410
2829404027
190229245
951333086
16133530
14353202
2800159736
17463923
95315665
92027622
540734980
57341938
289867842
27845025
330356323
18760893
24264540
67120772
34573624
612770276
438922403
326693153
897457670
453893556
19649135
27830610
20646711
20596281
38146999
14499829
33933259
14159148
69231187
18213483
35803565
96354656
2426217830
29176293
37671177
137953787
284623544
37322335
326095321
74109726
125653493
2698122726
198859135
34564269
14491589
306164111
17471108
1180328886
262787015
63938155
23798120
277021023
398613166
429794044
211808263
534089384
273437662
26761938
859518872
31109465
53367893
38842425
90610284
75130201
256199589
390115409
913125264
560965705
1238170286
2415957962
169963553
25390350
25098482
27860681
419821939
16017859
47572713
19335378
6467332
61781260
103065157
87795485
343555306
306401046
1933491522
28870473
2742671437
35426997
142978258
1224638647
2770742737
183356975
1415292331
22915264
315450755
74112239
2780591426
43426032
130639047
66693790
1462945333
491724659
831494114
113586621
2372670542
408360989
38225822
103555738
462893360
278925644
442169653
815284470
381430471
108728225
1335152090
22375464
325809410
449588356
1712061696
229170854
395239374
81197942
68120332
213745334
11196542
510099744
1092149654
1273339802
20859418
28321666
367660424
130064773
2495103155
29676819
459090010
414223042
113129471
337299890
29294824
34888013
89484734
25346891
1706528556
743060426
609464066
701807069
80242724
2420677705
1568933640
36746465
49966412
15325768
485172846
262788521
414062627
188672445
23700852
2489138732
2191132244
2394777511
166280355
1427157182
17336417
17396566
25053299
14955908
17753033
91478624
3108351
15612245
17939037
15012486
8283082
19658826
28785486
22692199
14173315
8963722
17842366
2836421
19722699
17471979
759251
11348282
15165493
51241574
15110431
19402238
2467791
807095
742143
1652541
14647570
16465385
24441893
47403876
14379246
489471387
59222464
24974764
92015358
49570820
112714402
62321911
446065347
346123314
56065607
341062077
61617051
468679492
859456027
41636619
467427906
374403514
477217653
242491033
464202341
388158984
517784507
34567696
24693882
222818835
221674336
32647633
1482525636
34285054
26837025
61781451
99376470
410731663
31371709
44098080
1382743280
404354070
199767329
1204838809
1157965518
819168234
29273536
317101757
1076088475
266833223
33954545
94628304
122453931
237526476
222867271
16668912
363282607
24913773
35880536
84538257
35795414
90638985
22638711
20515269
28323152
57093175
71518259
78844887
347232060
353652117
20433173
22012466
20432556
33033900
419553326
29440550
169426475
322531105
14302047
174418778
25545134
66393053
608989995
80916493
127074628
394247646
33647999
18875947
64366720
46746424
33909965
22604909
598281000
102101256
216883346
2467169979
78880631
25984993
45548997
567915703
70350949
73101257
378433833
115003484
78864889
180864082
526723478
2161424113
323103577
1662687974
1157993916
276208711
337690989
2233297912
748903356
384572225
46359538
19386796
1657566524
1162210962
44344421
38628986
73942287
81562117
18558708
54628612
19060489
19525286
39208069
18630876
38769939
30201647
36059230
120036979
28952277
14291185
2250607685
401613697
19388863
333903537
417977566
32873744
25861301
72504988
249253255
2220084701
316006432
24562441
33623709
371491416
30431819
540646377
332914784
30855150
2336438769
2326177498
41595048
62862693
32138075
425271706
374402229
767390906
274431757
16362310
546328229
216380025
28967984
1026308156
2188281660
28182176
49370357
916791637
23584256
450583343
172694845
2163865473
61594707
74474647
21855839
270876125
2240680102
25984418
122994639
1203533882
969145476
859841922
17960297
19246061
1167061771
2181866944
32323382
36918193
619808013
373330234
97905534
932148577
329004156
771137306
778087093
219268128
92234881
19760795
1243700827
390971279
19119226
121420979
62523083
217217458
48299194
159911035
28114129
749850007
835499540
533405448
85546357
23616999
14797187
1541746825
423510239
494341616
813385664
186351796
28142766
57130471
163813974
489314812
194293676
1329943603
125948116
20768326
1908173174
67561158
491541422
40864189
1851108686
23524683
17893932
1057485816
1535937890
870843186
19934068
58175571
40873211
1890409770
748898755
96713177
122168031
37428837
33542102
117220255
452759415
335953572
737075138
5986772
46869791
304608466
495768920
28548860
962348466
472017903
18360037
240003465
1039725918
77041321
1628890374
612024509
421125838
298786167
158877952
276040320
1260420288
9945842
271045372
26710373
560536936
226570074
258798860
47686766
19190875
27707673
28552076
23925022
219653856
43781449
46599128
320766476
28792071
1872972110
211511643
1886301368
317640263
211169737
44135812
195073490
18018674
132183701
633116105
23423780
1320925746
27681289
14691953
40040516
36026971
270476017
418991953
1468302512
63537006
482263824
69668086
14345072
95191656
136031286
544293608
32169303
119672633
1134088884
29153118
224240042
50400692
607504701
819487748
362054868
61746571
477106155
29664163
33855118
334537188
468314206
855967273
39827882
14906581
340577078
38631842
26820072
26564673
184722739
9550672
156580448
133738109
76614498
106192291
416153842
101727020
792605850
269475723
55162817
324823441
59507684
401585184
630675537
89492590
58173495
17562287
53788057
629155400
72830645
316031552
288374984
393966252
84240724
28619330
27429524
1725449779
545894769
192273401
340561551
535597640
541001714
426127419
936470694
39217768
54007671
899461658
14576431
323374450
18292736
126571640
353916079
419197802
22375073
67560511
1514087286
831174253
113728940
24890121
782185009
56913978
111322128
351518999
1050067940
114430200
10058212
38503113
33461802
34032735
74539103
1637943235
505787085
730245372
79980821
179152561
1658475908
1036908505
15909154
497959904
131217007
635652517
16997941
17372633
1518809059
50127892
19110119
342392939
33902887
279250117
14910506
238179356
29961619
968902117
105119797
833966192
273521535
80109709
93914726
333527792
438873689
25884686
1706606653
368404517
364480656
392597654
489479693
482971150
569152087
39737021
29707008
867074204
16351191
155694288
44852484
377890658
1675188020
94318315
1347492103
1160982380
564991836
213852130
63687965
265411104
17689228
478347497
307769592
21856263
44930825
95456557
18769714
236403619
398606542
78552862
1700147244
19528282
141297282
387842922
27743675
215584413
136279757
19868115
238308510
823305997
23155802
1319891192
17811683
577393516
1479612235
320673293
41069074
30284835
275533751
30647855
54810182
57694161
1281077874
27877065
1338987937
122195535
570744394
490173594
48966732
122072320
26189309
344031866
1209685867
23290592
906613286
42668098
27640210
30847508
760011613
73405963
141732466
30647094
118728847
36080451
295361148
509944875
72840952
1679212992
39239833
569164580
28542089
1531615836
141744721
749650460
607286665
47694546
358960497
1597726975
75761569
535661060
39590976
155177727
265565067
999590419
125750601
44972313
35325872
17674235
414693833
34715201
84362665
64148350
21558616
15198612
1404846757
886561375
186423716
172289542
1057475636
340581993
488773740
804597968
563235947
181506556
787022528
193311364
479442225
491140593
1015770294
480253925
482827466
412278318
398571085
745827043
208053246
42034180
498123171
424264424
404093446
342786967
277468786
130884143
137695685
914504478
226159916
223422696
213584571
102971895
102688411
95877736
318837416
69273072
45909797
60826646
187113841
20336369
34038925
42690697
928062320
18560876
34430963
256636985
398743190
562745251
455724495
1107372186
1159916064
221119581
21746816
575252095
1430140452
511674004
128237927
125950855
413299183
602182869
237692012
333290214
75268931
230864549
515431540
911345070
254261884
14283845
6626182
34972320
20366788
9474522
23115403
68801651
17705285
14274693
195827347
18314753
19200665
67903239
21401177
80848887
19928658
25556328
64385966
26243948
148409857
42857269
28065154
27963836
143061537
88924063
21590690
32017455
26492237
32115103
19488743
51997943
26527817
29437847
519301427
96010420
36038441
1296034489
61562843
1623321458
1623745033
1516379046
1583969078
837917923
568061332
139753271
223442298
28130959
518467459
22282690
32153805
57832321
405075412
486346035
802739371
397943559
49627168
325454215
19310321
16395558
123669991
186126982
44193524
540723473
1294585676
237330861
154456153
319216129
85457858
1342361947
1338591570
1007682920
55376858
1346708060
623149189
484819290
1361236830
280001585
1427290434
408777714
19648683
1420202364
1315206667
69287871
56442937
523532092
41183038
1318960424
14700316
1089101509
393323481
454828259
96993423
14291575
21759024
383657840
315279052
895000418
1461942638
61899642
491464234
1251338108
1451074710
765456692
570067305
109665660
20914689
1226387647
259392379
1497688436
350248198
1524551893
1553846504
273575122
28546058
98576755
38897276
148391437
25045435
90818945
91527367
18167583
49674652
264741273
37509434
385611205
42854868
31689568
72814742
90855234
259291095
30352096
132702118
312713707
19766036
17183306
210807672
89806212
68683553
119344327
14294610
27405283
13360822
21314520
50604877
22475991
32129282
19077517
8949102
19609697
270248672
14242271
218884515
14201332
19233252
112813136
17230819
74217252
21197307
36048418
19977718
43071761
3549331
22660254
36378384
204422762
498167278
646163
136184787
20001209
55516088
413804411
89660415
382593384
14292745
106428909
112666537
50079902
22028192
31110822
15857285
334035876
270861170
174996199
211955344
180704610
42715161
44997376
238125536
21864710
137101867
38632472
19904252
334599876
51403907
142714691
27844742
81801121
185330767
54869011
28334899
52662899
92740110
43062590
20696268
34231784
49746926
356398393
20662498
384786873
24119198
36039059
64697682
20989035
44317501
288703550
37231899
26066874
138134771
250435513
38822086
25803631
135097529
44983912
58477132
41785808
61735082
152987026
885816277
146422421
573535964
23438083
35248084
19642213
23574285
18938530
47895003
41112318
19758906
23185890
271606257
369395471
31963968
142326694
1178437964
39091525
231770396
47582349
22300646
26850290
16388996
455709392
402655240
490191091
40196836
873304134
29000770
34656014
436515416
1198189740
22956419
30842514
19901715
21426923
135462216
27105229
25294402
142613436
525514579
62574827
108417952
23320712
25498771
39974570
56467191
21179460
26719515
38882731
23986190
65924567
196569190
119786274
305596173
529320577
100609024
20715534
15033759
29284952
75823713
14288037
246177161
221932714
216357534
17776634
500885877
571566922
267410607
74143933
466743554
291291580
503245246
396618124
545394515
337332303
31737709
197203971
193207281
214049275
354516475
153374624
14723606
799696837
7724452
816993776
382598137
349872308
102616697
125960653
18519026
6603812
20969268
510747531
345666610
139349049
38841283
385600718
23061946
21253940
57902696
98890727
18475198
350954507
14285140
14417779
56160258
430180591
490545410
422901718
18462205
29178136
28075839
14285164
42843759
20143588
34859489
26229790
493503538
500993159
378062850
620482271
75111672
314635115
340827440
420464033
489568399
863349294
1103808170
1342246146
457311633
529334746
50082777
29688524
14163406
34972316
781132615
1142762864
475024685
385507151
19556426
1321062002
25492392
15057625
18353755
64257065
473793458
276905731
354863063
381244920
340852718
409433600
507849683
248569306
317692735
30739418
473031101
39460973
14400454
55186757
1550041111
1548207523
206780985
478039169
25490652
97405818
1437088825
396567622
1551459979
14894302
25867735
498251000
28852619
481932428
202267572
31372873
1262620333
36624824
18194164
74778874
30981678
14763994
21386801
16418188
35739895
39746082
22989525
17187914
111702288
54227174
186395566
84868803
797810
183392045
529798141
14401550
318271193
390636656
19357860
53616091
1132203176
1362544471
13712
19407053
991956258
311957955
580896972
28364125
181867930
225117951
213332875
1275912397
133128555
1076036702
941572225
452898921
53058964
387064683
38497489
39063674
28413496
156956367
181130452
198625434
19059674
897024217
1243511815
1119944922
101461036
231441971
48357270
784452517
36960333
275977585
603827479
371204919
422611664
42187049
7480172
15865878
392655894
1396493556
19273104
193273408
117148918
150975561
124425604
1384216152
68446914
18239882
22534580
399552743
26588415
42191245
776481272
97983951
18267597
150717602
21055627
583615119
112966997
14260387
299571141
43531203
89400830
75793635
328167516
1365496092
63666891
30715392
204736180
20685861
185354393
111283075
1216774280
447271262
60088506
1497786774
1260638898
14736533
406954403
40322305
9330482
25679544
5548602
20662138
219593416
612972910
274452288
95379737
20140230
83411987
520626913
11537212
193622594
15564467
9269612
343656668
30864225
39217467
202995424
1238448962
248306582
59429577
42494407
162835982
426486458
1735241
58334582
24664056
175304934
24151110
22898618
28099901
33621899
20759943
19016697
183590213
20591363
119900167
1520491927
63838500
735780246
22810361
61275784
13486222
836334348
433575497
18425625
32866277
35888541
16698195
82705598
102976177
7677252
18907026
61450363
20374992
65460298
93224770
16548243
18617285
130864185
33471142
202235754
36924266
132912934
27261173
179624992
21224605
19332967
20236737
22032260
14588822
29479859
41325780
158826400
16161839
46080146
21191494
71646490
21021891
30662875
44588224
33885551
19509064
28818351
233967484
38421714
43525582
37876601
233313250
54920572
105890449
26501903
436977459
501050249
470246996
66095115
235941182
569346889
121454728
500754575
292863414
63266077
495857622
53711579
169201702
393213445
577420517
504215431
723830568
896942095
1049031192
31358888
390297765
1324455001
160640526
191762284
94523913
494111205
940876952
387118980
95137553
1195765214
343603532
276453605
293098740
451801151
472307911
338279884
1316676050
563732826
36014956
46063617
4720631
986502582
106034971
347217542
1063099855
232269358
59559429
60996511
75784227
214845100
18670997
86154361
4384251
324844301
252274010
37174426
47301143
18016543
125921544
298840809
851734532
57592947
163443340
23292310
75224818
30703605
305455284
29343098
18461311
23084212
21391879
92489022
15895694
92962860
29465388
14282541
15027331
28306473
68942913
22613875
338651001
80132025
14291842
516671992
14290848
47606328
19529605
28957526
46384158
21574473
45514644
21905404
38451208
19734035
33217838
221064860
37631582
29716556
20144046
26022773
33497800
26719548
28092347
81844094
390856590
279131939
55496543
415679830
17685876
20329566
582663428
266111353
27207896
20425675
353664792
228694077
26213840
92043674
251523398
138855525
313845197
30927768
29082795
19319985
135064105
28571625
248706024
140423271
157907219
28148610
227613352
34575407
19705628
45818077
30923509
18714976
33832676
14763346
33885891
63451448
45565440
31499866
392087915
237524449
27597729
1316671747
39052549
50393960
1305532730
20515920
31163490
1460541030
146394413
213539531
62030459
25353607
1330457336
24199781
21711202
52090363
1059226549
194037150
17821142
236827326
1421022792
47182449
287340563
367967383
14290964
123614426
20238626
81837587
38282491
23651070
20223894
90448119
21393770
17113249
33483219
78330513
57653188
277496292
21393069
48702842
81578629
47317899
46688502
20934285
31085474
22920732
112428297
38693061
96861734
224624339
403272223
341564433
25365007
34696385
19061893
22363451
92965412
198549401
18716146
76292859
20975135
17066475
103280252
19067312
35825746
64742113
1166636564
110244016
61250638
180281123
217042504
32922138
20085435
195848365
132255549
55541718
172896557
21689226
236839814
70022802
870398198
217223573
227100587
14258880
469643432
87450776
64198695
222209875
48753132
343911150
19337187
23104499
24010664
21864336
108740098
437383203
59843533
173823274
132994968
24746466
24145833
61756804
6592852
32671410
29928571
75060420
14287326
34910028
38260259
22172506
68741204
20611702
292904816
18332222
44865727
352534464
20210193
82353528
20145056
60891099
454191471
85331879
19243296
479561668
69835350
82584761
189051125
599541873
80668551
16718406
63425851
38646590
221000907
466480581
498720550
28680203
24873610
42940431
26486715
54325147
20510680
110471666
23838008
98943586
14275788
34889570
17675609
28827724
72880522
267995704
28093496
473914976
27317182
105897061
118415180
40460533
36015085
267403905
20301193
28757140
90848755
22989255
74418848
33467543
53926925
23418810
19450673
14659667
37677256
33236436
61724625
27704856
18633093
63132666
44851079
251769222
31397933
29659136
101758086
66664753
373890791
67262491
65447476
161381301
17230800
262555724
28103763
209968839
28101138
173785451
256113470
460632603
150771231
383680734
768400561
381502681
142282484
14224622
27848098
18020127
36028993
14234290
28631172
36027595
23849809
19234278
35246361
20667905
21645552
21155271
25488427
46098040
30759351
46644261
27470182
206607111
227718018
275575393
19659689
469103673
206452431
117681085
623560628
111316686
89267288
278194962
227013679
26142685
223194178
188256896
26076279
222351856
457620914
220739751
370583842
104965414
242444405
30873513
312544868
148686961
59830355
575129909
19256979
47423946
31386412
24426957
63421565
24154098
44869631
387309747
29944820
402983524
14349782
38660485
56469187
453158254
23573970
20318719
475975180
44714439
542053860
23937836
420951546
299549316
22901292
307306463
353601729
51900256
465395868
313242570
474013035
386962281
156944270
134221985
53876028
40117334
88391265
311886739
385406348
114713164
31383723
294478106
251539097
33609198
96739600
115441879
247185936
413211840
174762419
16574706
202979322
226167775
33187527
276209538
410234538
197424171
271367322
282075815
221822662
91894424
412956984
42407938
32403515
56200225
223211749
147637306
6209492
20425127
345503888
44420164
248141365
218863631
36747640
37163781
28541040
53923140
338456775
64247948
338301149
268422844
28304157
45810524
28092056
42467503
292876349
39231897
328069545
18632003
65639760
206597096
14214281
307456888
14291132
74273625
217530764
34895204
246226852
33852061
340417401
234873091
14326516
27038885
84028374
25313658
24510341
53213766
20076584
123528160
241959982
113002313
19261863
33242397
101782947
22370525
40482226
15416505
17220934
10168082
12044602
818927131883356161
113420831
62442994
813286
231400572
119136840
41554173
40049680
19188289
19236875
62266883
18213346
34050300
38624201
82325555
39219035
116697719
63262403
28110788
61429870
29908667
138376196
34672923
42844817
20555875
62522258
122397835
50611263
85199761
15820505
14246923
109063235
39744778
103793513
21864337
14321290
17006706
26023033
42869256
31215429
29038240
29133794
112010594
19536763
112118916
112137900
36322316
108272948
25280354
62346830
110643737
12454292
67453192
97715377
37536192
33175300
19253554
93295490
53357708
36997039
34867203
51223521
42730477
31947370
58430562
95822063
101719900
28338751
85962488
2057421
18029265
45370835
22369821
64393346
62325056
48977795
26571498
14316529
32134751
38840701
43087336
53891693
55374591
76057571
39294237
42920657
14466255
28973543
84440432
28361336
38137120
74707461
79456231
84536812
39240562
37633590
29417866
84547183
45918672
22492349
84516680
32889596
28626588
80057730
26077001
84793117
84709356
35479305
6526412
63274536
53312155
69395210
81912890
23820185
22139738
84915577
80248689
46624954
39563331
30825173
35698094
76634874
83200416
28652013
17499801
85269944
49176817
85303548
36769037
42897147
36039086
73593811
85343518
76716110
30901768
85368821
29406632
67707084
47466255
85774291
61643058
45817297
20944812
59169106
84460774
36177120
73110464
70082959
25577894
62033596
56666821
84125859
86107300
66652018
17188157
18784604
16912163
23775755
18797981
65313321
40314817
74984850
44398305
45396043
83800114
45182136
40869450
81592397
44564852
37010235
23067509
61178026
33148619
86515264
86577305
86289235
36980694
86752890
31544675
86816335
82845533
22119915
55318607
34013960
34429204
21181687
73610824
47303104
85804264
49600097
82684647
87380734
21412084
6013182
87392095
25501622
24572160
87431033
75742264
20889472
19088393
42695075
49134496
56048102
87507839
27109808
76628881
71040650
82600114
42929673
39526704
87409743
87678114
37237610
20920040
7025302
87447470
75819926
38840209
14453575
75390864
74408660
22914421
83777694
82115484
87920219
87967179
87967284
85545437
30702443
34443564
54585082
63818121
19708641
82359917
33493471
33432602
29682486
88382615
18265300
36142275
19109411
88388653
86752676
88467329
77143383
14567815
81105028
28765398
87488437
27537970
35743915
49281185
39811362
88960991
88964883
42720638
23215008
38981269
44563444
87933858
89143143
19059776
67168746
83899679
88416570
81405582
83313111
89261162
88424999
76998488
89007751
89425072
72365530
82333328
29757149
35431635
76396131
19282440
28178236
72292202
81046015
28532870
57079944
19767805
46732582
89686400
45839115
78995171
87551526
89246340
80289865
40936532
89998309
14272681
18270151
82130140
90150194
90154698
80596164
25588891
22251800
52712611
21078451
14283907
42269083
15787917
69669731
37489318
69831017
56976488
34855683
22779314
41797940
14732675
21071739
30350051
16632799
34058174
18134152
69960202
19443492
21390272
60296998
70003741
25817863
62250908
67306767
51431958
28357961
70108798
30685241
68455219
18076905
23924588
18293202
36362393
70225982
66405892
70322580
31687026
23503037
26214333
69545521
69291181
65022919
67273886
48471023
41596374
44872685
28068688
68940539
70466884
31955653
42490315
19338987
70437958
25996040
68686355
70391463
21908557
70698567
18761782
69083511
22905999
16651413
18848363
20018303
70904231
14665509
33892809
70950744
70616293
66204898
45378984
63084248
71073940
70373458
71089847
47278382
47298919
15376707
71221235
71231659
14284714
21804132
19647809
14283936
70519726
35430880
35307563
35195523
67148681
71323068
14361990
71245539
17189741
14420331
71283764
70850739
62916317
24564124
21650091
14616640
70078145
71501580
30321622
14464958
20918717
53122571
28072882
19907315
68939643
47663112
31383680
756650
71538780
30342038
65346150
38480471
28179681
70369889
20795318
26214264
5994302
71776171
64404994
35248313
14638096
19332451
14291093
71844533
52675259
71204476
33006109
21385147
20235640
68775019
38496097
19918603
72090498
28527135
49315841
24082037
71953431
72003820
20509949
34300228
71569464
22239896
34027223
27816981
14560772
14184926
69575527
45645046
72232303
14341386
72248145
72258606
37886808
47455921
67070886
15849612
67284467
42615497
14282048
29051047
39835858
72086100
19257593
14418672
72314394
45550876
43157406
72538005
43090337
14060632
19653874
22936197
37212321
27593396
56800327
47143771
14784670
46380085
65586084
37696624
30861191
38010669
30825184
24525152
39492276
18374326
20760805
63467125
72909738
72640939
14291799
27879018
19240036
36101397
18265727
64989151
19186642
44371342
39972120
23123452
73061401
29661671
73102288
44122966
54881035
19301915
70974708
37691883
14651105
20044495
56148971
28995372
46940056
45398784
70200740
74285612
75158793
28645447
19093060
19853352
30270192
16369065
21763479
40634588
75573631
34247120
33168267
67408929
62619373
73993165
75654225
31658586
73612224
50996116
45510522
75796358
74272765
74537749
75507719
40745122
75298091
39538475
26222604
33569871
64213981
26198582
43208654
76048394
72237915
76063148
76127234
20765126
14452323
52503363
60532424
14420039
76864514
31410553
76709097
23213832
76450358
25745695
14006692
20582401
76627407
26722172
75992393
37241107
11374502
74722122
73790299
14770636
26108707
30435374
19827241
17761707
38739623
29963633
77433213
77503110
45360032
63925220
35276169
29680379
75062021
31189481
19180717
20920886
63442375
77826001
47899518
75048526
74543861
44475406
75502555
28673266
50627157
75274415
77412951
77982733
77989986
77990661
78048769
78086900
17075534
40632032
23746421
19602275
78207367
28074404
78385212
71664472
78560264
65645981
32899575
17117147
8490992
17900614
71844060
78790218
61292555
29168325
28084321
20537753
23762801
69227108
71220362
78942224
75286764
26530119
76746844
20308924
32461079
28831589
78835153
47780190
78261142
79163086
78589443
69863072
73197360
79436502
31986938
41561820
31522821
79628069
14305217
70380300
7270952
43084246
28869123
73086372
23583597
19414413
75757818
42899270
41610579
50982160
19063880
33519898
17120510
14286095
38883282
28374281
76388028
76663217
18865672
21387455
73366922
30437286
76781007
42937988
39050474
36656612
50264450
18670051
42741077
73615247
74704245
35013111
74657532
46045417
27299858
26464920
14288773
17425802
36511127
64707453
30914860
14300646
57039304
14236980
73378500
51252534
63946677
36361415
45516522
30705683
14718737
27437465
40636575
73187427
68512457
74823207
5636412
16705659
19014928
74941592
26198739
2185841
69398552
46081160
74417600
71958237
35567326
39566140
6425462
33053646
36026626
19206253
74232313
26571088
20593926
20801667
4175951
60639755
14217648
37911247
38645105
47435865
72250710
73351103
24509011
64175993
42045125
45426127
68503817
19667095
57304596
70465897
26754399
72028733
14282565
70677830
49019270
11315082
15932593
33854088
73620937
73618377
28747915
17962467
54230984
18986986
56162490
32657414
73469585
72109328
59177579
39064434
28361527
36193651
73290443
14094335
27199854
27728939
28873380
73859156
39957549
14605569
30336229
62610127
42769542
72720525
14669645
29229360
14164805
32894317
33456104
73998226
14694791
46540814
26879208
34243437
74108053
28072660
74128420
39835146
21890707
18957472
41093559
50235745
37515464
73959069
21210229
26190302
21476317
17963196
15479446
30846487
74200918
22700193
26507337
31097716
17648646
38237258
18670845
10085612
37647921
42275706
74267409
72516829
36172874
37518181
71840293
74133011
26803425
74386135
7665252
6594522
18971611
63160235
31730907
25992014
52468138
74409119
34028178
74451854
18859967
27775847
34679635
25277501
74249663
55505003
32205017
43730675
74049295
74652723
74233479
38643456
26225903
49623591
74666054
42895208
33825276
41604453
63129578
49278931
19067283
60896067
22988843
60556393
59108986
28858897
41508507
34404584
27627700
9180952
14474563
53896296
51807708
60017085
17385637
17710058
43172927
34049755
39818427
17691068
21859882
14153011
18679988
53751724
34879059
54530632
46054287
24667077
49410474
60360959
16737603
35286490
19020069
37164524
60549695
1037351
31528039
60517852
18860581
59548897
60666875
14426025
60030981
30826073
50619913
36510958
38432365
47334123
36099106
14420376
32539537
15230966
45301963
10885182
60177017
56333258
24938748
28972335
40472724
29232000
18971165
59458312
16428990
14355534
55828838
8184422
21113811
55234007
34015750
13698392
34714893
28317108
16978332
53946485
37396167
30696149
33874207
19083494
53001877
54153391
58457849
59032913
58780810
29047868
19726140
31434784
58805357
16944860
44174373
14285785
19260683
56330699
59083291
26245979
39117863
31113176
58726107
19341833
14687587
28584427
58244804
57422698
37389284
55915097
23315579
59261931
59263182
57359733
26576170
26313697
9587572
7438842
13067602
33482265
59105848
14291645
23591744
56861370
41912570
43694087
21021405
36482841
36029584
18381317
14277147
17187505
34971679
54012441
20385093
43676105
11541532
18115600
37029054
55243537
27439681
47920497
21588799
36092598
54898621
18454151
19469553
22987775
28367969
17550784
22497280
27632539
47613193
23596117
17064299
52789930
29170530
42248032
32403187
27603445
57388675
57050926
56046450
24955372
57024776
28987510
57552341
54481039
17866343
23476352
57592035
37448176
25813213
54680275
55545682
48328236
55919107
55506646
27835924
47894736
56093589
54487024
19718775
56244641
56320775
56412835
21390842
17215366
44710412
56068544
56667750
19232861
44601592
26625765
36434474
42698033
42939630
40096892
56119287
15336963
14351105
14323182
21846143
28546598
17137497
23427346
31432141
34246416
34954539
14430843
30016871
34906931
25290690
19211648
22243644
38137951
19013895
38694561
23967652
20362819
27014761
7025962
44850238
42172621
30943547
48010798
46888173
35588344
55036998
53504967
55727028
28854804
56161418
20191034
49951218
17217817
28791071
14465510
28801448
49743762
50270386
57065588
41458213
57106827
20659166
34673321
33836973
18408669
50251452
27593031
40622042
14685181
14159875
14712588
32020531
57171225
56884003
57159151
35570619
24739813
57253530
36738408
57063835
57039876
53728267
12330562
40220998
53845657
56677701
14330330
14350290
56977905
54501911
44591735
45594856
14114267
16542861
37665779
36699681
19387680
16432083
22665308
28397965
33548497
34355018
33028800
27311727
38885139
45545265
48083123
29168612
37223210
18609590
14284274
30714133
30679029
30183766
56168815
55596880
48075273
41349097
29251764
29170587
28091155
20279163
14349636
16557956
22485633
45311354
14430815
19769863
53924546
18505260
13768302
56352043
2018991
27611888
54890109
34027208
56706427
17877056
56417104
56051859
40025776
56820649
53870725
55356015
55487268
17650380
55627827
53324999
35228498
55466315
56677055
39554261
40856287
27228540
49964833
16510479
8341452
30505656
18292862
54623775
33585774
17464582
25569975
30332443
56523377
28089582
33686643
54534415
10683032
15835837
56375669
30080040
53908236
55195899
42596029
33842196
33160558
29444769
47303318
53032573
18874567
33200104
40313926
14400653
32461388
31090806
20513866
53032383
56353909
56369463
16904159
55173622
19340799
56321241
20190719
28350914
23743236
56338580
30825773
46106058
34599188
43444097
21082438
14394845
14412444
34245570
5463742
18117751
28567275
18077561
22602276
20973938
28170408
14419603
25962645
55397872
30321723
53669282
14345037
9441272
18290404
56199360
27512592
35478017
54630608
33307517
14317196
683283
18171257
20390184
28382954
26528486
18389752
20979925
17290780
23777035
12471892
55049737
17673981
34279207
35536701
50123111
14549178
25249671
5089671
41108618
10390382
54657175
20147163
22919792
29715510
39217673
48832952
60983
56322506
26743324
812367
56326379
35696974
30110233
56335966
22773113
46197828
55022290
26974957
30857140
29425671
37620087
24007557
19703579
26268868
17383543
14282002
17957492
21191285
36014447
14638977
14290912
20981381
14532064
17186012
48536494
29425626
12503922
52877608
25291367
41816215
47585252
23774503
15801182
28411908
33013437
24856051
31673169
56160912
26121187
41556663
22752237
14493704
28821221
20936238
36902509
22895438
35182104
55219750
26725872
27878394
19764533
14198700
14291190
28128082
20471120
15438647
33294143
28970246
40116773
22370217
21674051
20007237
17868367
31107157
6565682
29028155
19824721
36917131
21118909
31070888
24665133
28361716
38140435
38763320
38843660
18074808
44182061
39764029
53034920
19125743
23326577
44987423
14316154
14445422
51845862
23953101
23458354
18489116
32912906
40632759
23582636
55954160
50737096
28424713
43884881
18867463
55981002
55924593
44219858
53945841
41572415
55317758
54759852
55509128
55537558
46638545
47570946
37250747
55043043
55677976
43197694
54453228
54596804
27734149
17704539
55906006
6478882
14912551
35512711
17528883
24914957
23480387
11372152
7981922
47097043
14436166
47597746
27124454
36612877
14272527
11430462
10468092
28525329
55530980
21865625
28309385
34583734
47921019
13262822
54972400
44727411
32822698
55572668
55584641
15596428
32352556
20816337
18435641
38745028
55628073
28126780
55004897
37182603
43610663
20859446
19145380
26001218
14597933
41359591
18293645
14431198
14284164
30844758
38162605
18318640
50378830
48862487
54508673
55370705
55202219
55392523
25509741
23040265
14497275
45670680
35783650
19254732
32352393
14284305
54849739
32339644
55190038
809141
17681916
19237885
17298409
18901235
14283756
38400702
19058275
54881486
18426185
17298219
52178503
55047054
14677012
20091998
25981265
54614147
17780015
54917900
18584048
17882532
24686706
50608638
23077541
6437312
53033115
29688787
19646280
22132207
29827131
14303703
51663119
17969007
14295241
30840835
41782561
18897215
50987228
18630272
22609263
14124318
14302829
44347886
25144335
36742863
14159287
52642970
19017582
42625724
28064494
20666996
17678392
53904799
53949942
33622577
45515257
19775860
18955891
52695021
54151623
14125317
26019666
41672513
23694893
21285113
29698646
26720210
43881675
53834107
25829948
53894345
26232645
14340875
34349338
14455344
50764034
32357860
21417088
29471954
14312660
36320520
45004112
37630783
53680033
32482854
53527557
16452726
53740355
15447199
18264009
14327665
29242253
53669231
34249307
15906381
14310197
53025174
17691017
20995863
26818369
14282524
15177492
21357261
14273312
14291182
26479126
19762987
25968803
18677699
30891457
46857953
16681909
39695456
34348124
42956403
31675312
18550977
50455954
10663172
23413801
53342758
16203148
17776433
52047329
14898737
21662383
32353593
23344953
19711897
45547580
17506823
18632605
20415660
18417280
19063553
5708142
14330013
37059159
345863
18001682
16737801
21229126
47321707
14478222
21996325
24866516
18043746
18932405
17803313
26086292
14104611
50275926
17710144
14638379
36629593
28766916
32513545
14284139
51039567
22141299
41604240
50294383
52021374
49559649
14294910
33190091
15287037
21743490
49423509
28063589
25680365
14284876
52785255
19819178
28413464
23176823
17471820
24149604
48685567
19975445
25805313
44423670
52854526
34577612
35678091
27601968
23921403
48458302
36320350
47569796
43604635
44442613
20679951
47601462
21863587
34307049
28093842
15916841
47894350
48090312
18387289
47698036
48482241
28407259
47437359
18554331
47282349
48713549
30887868
17709702
18627984
29866406
14286342
48483981
43549898
30847489
27737243
17247765
47298686
47134635
44404886
11330822
34941106
21645345
49601504
14581396
21394136
52080834
28658864
28910491
21904772
43485513
32535843
46979706
49072458
38307490
44230788
32952278
52135806
52086113
18991353
37791708
52060441
14599930
41080478
47296628
18529878
52030984
47965074
52036299
51788963
18895074
30354164
41579993
15949562
19770934
14291504
49568142
21284452
34987277
49248570
15085923
31404274
26515744
36031050
31100600
33472862
39799568
47305738
21073940
50303955
14581620
21350791
34581357
44695491
29761438
25152546
10370112
28999033
20676042
31871678
24169731
50742683
42100093
50964126
47287302
37666665
14478035
51118661
51150647
29698576
44083154
39581053
51870096
52000115
19263240
47116592
50775867
51690432
765270
51721080
25562816
51795816
51811537
17221553
29412200
49283461
51200901
28413832
14093978
17678265
39253065
50257547
20424463
39825074
39311450
51577758
19363238
42080464
40941362
39286547
21424888
51656774
51392822
43327119
16342984
34586087
14314495
17386721
17482669
25158534
43301041
51084618
29713572
29821030
51328196
30186430
21743322
42189662
20078836
27259029
28316627
14283877
32397331
18509725
27845999
14777166
19482756
29709627
20588534
33522949
14238320
14138142
38870922
21919347
51016385
31111153
19282128
40520712
31736692
50671843
51058100
51042697
25261949
49146481
17776788
49798977
21868875
34590806
47459713
20191164
20986052
27838791
24854538
29411234
21862201
37191918
19078925
14432054
49633083
19293899
14321649
46923541
14548906
28866399
45807724
22608123
18079528
45195931
50292289
17349128
38840385
40463751
47062627
36179458
9002652
47419328
23057509
31381810
20681054
47334427
40846929
50051699
17187058
19922838
14290869
5991322
18970504
20231161
34254163
50587267
50434687
34887764
39811941
38643660
28319144
46072847
41500247
21199914
42399326
8137882
28406725
21179622
16945575
37757079
14340921
6603122
20675372
10451602
28524344
14274835
14332159
19704302
14237373
15967758
28539669
18554686
14065072
19506495
14238762
11607402
1541461
45845636
22014140
20679403
34898791
20796069
20991294
32526728
28065624
49073990
28533825
5985642
27481497
28189211
29165368
43313272
45795996
17231091
50105575
9990932
17268742
19143048
14452404
48336096
49975951
17712364
19546355
14260198
14998206
15531277
39945280
20582230
27439876
49933960
49924772
49923632
33828724
14196264
48744643
36110222
49709146
42657959
14443826
40187767
14284864
14395000
17089700
18458305
14294951
49759859
47977271
36346345
16601090
9695912
48296776
36625637
49723315
49720218
49712141
49685729
39965455
49372310
26284499
21165527
17096233
21656823
18718423
11625272
14049906
36189150
28303450
41680519
26228369
26005952
41210349
49638538
49606426
46251950
49574722
34268281
26601441
48673546
19183311
36761959
30860232
34296797
28372230
46367079
14295600
6012852
49222666
49393106
35067530
31946596
5634282
23830152
19777337
49442798
49431806
49431777
49379723
49375183
49328540
1031051
49300224
49298813
49292743
49281996
37275216
28409779
9543842
19099958
19909515
22774935
19001616
38177665
46623259
42395200
44577324
11799452
38824657
20008618
5798452
31821927
44572132
21110655
21593559
49171944
49100964
49084321
49080773
49079961
49042905
30429737
49021322
49015351
49007647
48986274
48985874
48985520
48750392
48981335
48980986
48978966
18660559
48977170
48975951
48974393
27123234
48974071
20170408
48971384
14324201
22857787
28068902
45826901
18724292
28080083
14982625
31106996
47725588
32916686
27644363
44371397
17622853
14943020
47899472
39477761
14385713
35420709
42847144
41813695
20582802
19546211
23419312
37005528
20635503
14405752
25858585
25680267
15015340
28290367
34055881
22280848
32673056
35736111
37383813
17987852
42184511
20679622
22989809
34927163
21775173
41837718
33454176
42396553
20625292
35760489
19765709
22799416
35179375
29424549
36109037
43548110
18156456
29089394
40966850
47315911
14354733
14276602
18334717
45919516
19090045
18406149
28321067
32352209
46366085
20195297
41337693
37620533
22405387
28542446
37685197
19331958
31402107
14670685
20662108
44000041
23214337
18869697
27062533
14311109
42703204
47732313
47974057
20899180
38961224
28355575
44721564
22760020
11287092
15027785
36476071
25466166
47934580
8052162
17864273
25750334
25996819
17508156
14243708
48583895
38648982
15967463
39484150
34232087
35894125
23577192
33835597
34284610
36307732
48364168
14310788
29967293
34034031
47974325
36625807
38493594
42954410
35183104
47607262
34869424
35542768
39757730
48302295
14323180
789580
47890625
22142829
43228319
2183721
23178544
17190901
29171066
47925590
26196253
4985141
19840393
19182501
25663293
14284780
47967108
25275419
13587112
46266681
46641565
47361061
31953703
25804768
32868622
32575102
28160325
47302290
18851640
14329814
34221056
31117053
47349019
31356997
18319850
14157785
47077537
39831239
20993044
17682047
18377085
14225413
27207920
47712054
37959498
20439139
46626720
37679066
28726577
39269172
22388660
31704358
14556680
37190471
33307967
46212025
14360897
3199951
36064215
24044383
25048281
42936179
37410501
46635562
44875602
22487038
14368179
22671910
15197303
7027112
35462777
26495204
38033026
28610772
46729474
5912722
25477368
31087331
42730936
28305913
14623077
37083198
12061802
17293631
14978302
31421204
46857784
38920558
31443715
20053610
42380143
25344165
32837700
44097897
33849335
17233273
46734983
46071066
44945747
19503697
37416154
46889077
21755021
37189736
14323006
37193126
32341477
40935476
47085516
41338735
45307541
45371456
39040794
39587862
41890150
45230015
29457156
20838490
14509936
15848266
14286607
38696393
21179195
30927939
32374475
47294705
47292442
33004906
44634802
14287444
14206252
19978806
23142552
5692732
18760790
37190586
46223417
17525882
26777438
27474775
15776620
38844215
45526406
46335743
46338044
35699593
14286658
43106281
39014421
46099447
42709793
45342108
19226074
25570676
22760061
22419186
44712819
21853001
26260584
20840955
34601836
31965310
15720635
30526537
18272787
39326760
38863451
4464501
29700872
25752134
20368972
14855334
41874086
14954056
17881697
15022445
30300258
14228032
26718209
28594152
14559554
16805215
29270296
13763992
19679324
45673798
14732554
14287712
19962261
18424797
31399492
5628242
18669139
17950863
29023898
22194908
38265914
36423190
46092078
18561093
14617551
21879143
19708539
14419039
37485036
17927655
46059621
38199075
24509661
19901366
40340459
27738856
39949133
14077091
45360053
31409120
22608196
45522326
18975916
17099847
23755856
31378726
17687363
29202154
18773541
30319960
45834688
45806880
22677425
15894774
30241775
14287018
14351028
18675926
34672797
27737368
42040871
19784844
19962340
14266448
19385216
10141402
24575979
14606990
26606802
14390885
28537692
22415635
35695261
45565446
14309041
39713393
27967515
11193982
10283962
11511072
22475154
20927518
31700411
32864014
11835452
24250540
25262480
19905010
35313238
42707788
40896650
39731347
31749659
36360434
28085228
21296047
18988667
36988550
20249814
34229862
24169740
45639574
21022281
21695947
20853361
22902764
19067012
28066866
14584834
14559268
14624685
29422778
30654859
30457824
16813552
21358560
33250655
33589033
33913146
33166432
34708369
18274363
33983569
35184787
14284273
31150189
35203653
35013547
29949717
27756496
35726870
16576273
14368182
35817351
37117733
14350556
16281663
33459626
37905264
37904694
37509974
36328626
38716270
38634191
19297030
17813010
30439759
34358574
20431436
23503272
19179740
34402309
30657858
39966546
14284559
17756100
17233716
19841704
37722071
14353621
27834369
14243171
29037709
30821752
29942355
37078190
37034439
22056740
28754230
36071916
25289729
40422392
34887292
38440870
14830189
18680691
20449361
34013316
35808591
29226551
33990201
38471530
40625668
15297685
29189866
25272654
41785147
26708613
37387091
20176513
14282345
21697347
5397022
37809253
23436442
28610650
38475025
40205278
28593450
30622383
25966747
14420387
16777566
26093995
35834084
20859090
42037146
33505825
20064921
37437880
13526772
42527958
35164541
20759773
19197856
28963501
38678272
26371035
42583891
25680396
39446975
36320548
30447698
35179474
43784864
21232668
23656615
37276195
22512367
14687162
30820476
45353909
31079373
23419395
23582217
14298855
22051005
35522806
21423985
14277722
18897831
34612342
18797522
15351215
31371308
41544679
45645119
14091525
14997025
44453306
44896803
