1414494862204936196
59569015
2345413936
286463630
45565440
1174939393489944576
886636852769415175
1348623194
1205226529455632385
14642495
17064850
1866997843
990913446043705344
1036776163
1245027099171323904
2364977127
3198010973
722015958102106112
3307400015
207888226
2204080503
60826646
3188454185
1281745435
768179443
267871211
32816797
3308599215
4777776081
138035990
39456398
1174928364676665344
67565293
119829540
1096398541830930432
3208991187
1157993916
3937269029
1470607100
1166762183763615744
1548473726
1150499274922369026
818788165473406977
894058946
453912287
1134006493248991233
1551459979
177917586
101758086
56328067
23500723
20504947
229079918
1109053388782821377
986930424474632192
2164299882
473822717
56987723
979259787031531520
37685197
34972320
36050996
337332303
340537327
6523962
417823326
169441490
1092793352767049730
571220866
69583586
817788792
62060746
877944056
274552582
1073150909637689344
1072550388384059393
483424977
14379246
1070979968551784448
28361527
23822793
935612946104946688
33609198
24913773
818053116
19127726
2959164681
22025343
53367893
404752787
21890520
22834808
2267523598
25346891
863073687855149056
398571085
95877736
3531876797
877973052650336258
4273006932
347320239
32095550
513091074
26708613
960446329502740480
781212088228249600
22677425
34571306
3544791135
743723681717751809
1017418652814073856
1030745041336184832
19107878
807095
93069110
283916267
45909797
2990688335
866577882
89670989
2860581538
102971895
969176935
4696552878
826981458946424833
138203134
2668933703
19157451
727132179084488704
28822089
992296289499889664
304419940
52765131
612972910
89962226
873810133591236608
19354318
291277159
430180591
50303955
35047833
499643851
1450680715
592072716
603775254
407186117
68741204
20555875
2466593456
2895255478
870634567149002753
221110729
828927205837246464
56125230
60256430
30924263
2404437771
62806889
1441885992
2177906808
33933259
14159148
14499829
91455335
1855684770
143051572
156558153
2695690832
962274853
183323276
1353556668
2787780966
184721913
204820853
1448367385
340225521
2401292528
80248689
205254000
213584571
299517976
13360822
226159916
19609697
4820618833
67558470
275505184
137776972
307456888
65460298
14311109
317101757
1661058085
39974570
2399869836
819479340702466048
287805833
404093446
827523758
224291228
2831441855
906524430444134402
1143360360
827552754180771844
907223760872329216
817315291663368193
344175370
106077757
39743376
2377656415
475235481
339055436
220786270
67257367
17648646
263847903
183552184
103549910
186538947
891754482
416135072
19594368
3410122983
1513010694
2788949830
3301992910
3073041323
431539137
101528976
69035432
2987338313
737876050487709696
449588356
1246796148
260308246
17408482
793733880012570624
2773989008
70807231
2828781408
2344396645
3964409837
41908037
184910040
164196106
235743135
71240937
29251764
364377121
255628022
34575407
33610589
226944806
28221296
133880286
52551600
81824632
1330457336
216776631
970207298
29442313
939091
15007149
818910970567344128
325830217
244655353
1339835893
784455210907398144
489143045
2425446571
503407914
85420018
193116688
2365960728
796979978
1536791610
822215679726100480
300787044
243164936
1418473062
873200750
277468786
39976879
746329650515804160
83545658
28115335
2966397556
897579013
341132281
3367511429
515431540
1732098818
1450893258
4072149983
17154954
20240015
1391542884
1390473391
1094601396
4691453305
241490028
724764315694338053
2852364838
250095166
92962860
14360897
704746623214211072
2793906988
148642486
1382743280
704056943195906052
2219254012
4048152814
497641923
195666183
1322229337
1487623928
390115409
717774036877623296
398616191
21106898
77010284
3219744007
28328873
3211640097
47140741
3164014775
92096237
1522181906
3096270297
33166646
294810102
582900406
206352965
2362549583
15134240
29726578
45594856
30923509
18461311
317034318
302999231
707991528208207876
4483193897
327484443
1426289635
4216927337
17927660
436682476
62522258
776212818
2266509256
63155239
248772914
24169740
1127639761
2653778582
40833884
319072924
40936532
1880776908
14341398
20176513
4823895034
1129039813
1627287012
111696805
32352209
531668338
108667514
119344327
250055413
318855601
2740259243
42827637
1239366985
20195297
221822662
2445050869
459714637
64366720
219104432
31418841
356128400
606448747
280888221
1453024098
151960903
21942750
33187527
2408889276
4404193702
74143933
16824078
33008891
2864493395
2181866944
773769458
1420264670
2837448125
2613311413
214845100
2924816561
29170587
36038441
4283437995
2398597992
4179613355
408598612
125617191
1089927732
4008111196
120023263
587652947
14330330
461105934
82670042
583607156
837552390
2984160987
107492505
1241396178
356724156
414223042
43084246
776047027
2271186381
2517531379
187519079
4023469463
1412455375
2259317311
148655456
2394037892
25499969
3684104357
3601250722
50956427
26889370
89172908
247574859
102976177
69273072
89806212
603153891
1530111522
436538933
406892131
1148709864
1096143589
832766652
42716678
415655016
404838884
20676292
58733138
535669173
3431757705
223085732
33954545
3422581469
27207896
14365312
3306581393
2308711976
199767329
14712588
33236436
873304134
31109467
3297044835
3353074282
255183443
395414931
29486083
39052549
47909519
1182666463
30268307
2219144097
53039202
3021204093
14284402
40322305
307848443
237767804
3012259169
3247493613
102616697
552994359
14114267
137101867
153455906
2236337098
27021630
19061893
307821261
3164137415
35248084
2875148646
63266077
199059928
14407392
243087788
61724625
14998206
14274835
70423313
221000907
341062077
106480756
85403705
248116126
18029265
477996025
21575813
199778354
1710024528
29938357
619863166
21423985
861498962
1093090866
818876014390603776
31371709
3034602533
25295208
119102516
74217252
2893191393
347849896
82825318
3014681169
3008290857
2893840133
3007715979
508623005
410038024
52104623
2491073516
2994816273
37665779
292820121
369505837
5740092
65364177
257141972
194278919
1449532152
50604877
91836565
1185044816
68667032
428093953
562736698
462893360
460325319
20625292
310120071
2393065776
62574827
2708009307
2427304238
27082826
2285421987
1581289837
2477802067
44783853
1512763884
349970652
304543204
2853319013
2863768631
1225199370
2888339207
2893791339
2796153404
20526449
226157222
2829371626
439914841
358969925
47974057
465395868
20479813
132255549
210807672
41325780
1061007776
87551769
341564433
2283812033
325150281
620279436
386789569
2280909989
2420347274
398660979
19867810
382598137
32352556
404165469
57064417
24531620
2669405904
42843759
2863766771
1880000041
23587179
66975878
417977566
951333086
17650380
2557188145
1137746822
256444076
34902836
60891099
144442545
19975445
53048275
374402229
87398107
37876601
31499866
324844301
37174426
27845801
84796534
612682324
106428909
130777833
2729147326
31512292
364984576
221119581
305496121
102390704
14291185
14617551
33993399
36389224
2175439143
1243700827
82035277
160676165
24955372
2336438769
32397331
410731663
42042554
1964578699
40209152
40340459
819168234
804597968
2380602246
2458072772
17471820
743060426
90848755
67557660
17410350
29421251
2782429097
31384748
21295393
2433526820
28315929
2800867986
32890694
238308510
64385966
45565446
29465388
241109011
33502071
920783642
36329654
341725644
81094902
214064340
20223894
26539104
44317501
21301081
44344421
1875018320
18264009
24693882
2558482868
64986997
452940934
2645160602
18519026
43528884
2596131606
1510372212
17756047
24715018
291630537
81197942
26837025
373239963
26464886
1449182479
14277722
2499211280
331184960
80668551
2512551217
72840952
2481913562
120036979
367348133
101727020
28160922
21863942
117555618
525150755
279219676
753679656
2436000534
2481335387
1365496092
86577305
124741065
353173806
1070829493
33622624
70953641
62442994
33168575
70372722
25171315
833985265
27692462
2428600797
296103946
2240680102
103555738
46080146
19523359
2389794373
2415920848
411450283
1550720742
15428667
17113249
38397981
383361453
13298072
713189421
27405283
125930580
23115403
349872308
1351487371
410254625
45919516
836334348
756881286
510931885
16388996
87052267
183356975
252800692
66393053
2349111241
168242311
563235947
624479334
72245600
487573225
88636702
21868875
34696385
1451456810
36041901
1070929081
486559617
2337771695
30953009
2264840661
112428297
44196397
92234881
78572556
388867188
1659776335
920840732
45791579
607016620
1971165066
305045132
20432556
2282124549
1534655556
19067312
19188289
33467543
2256541959
21870007
2294519354
48702842
248571921
112813136
2263771547
79274609
488493877
815613876
2264322676
172896557
744702211
95238065
2228363243
46746424
206667963
2182886395
425708396
59548897
48350211
270332967
371892780
66987835
318977179
27848098
20868447
21746816
459980638
20374992
14118604
31518766
707927607
26191233
1135357525
20611702
45845636
2187159710
135917823
25477368
34285054
184485805
64693784
59580884
199670339
1107372186
33307967
368975894
46644261
29928571
90448119
792605850
404354070
33033900
252468595
17813010
14340921
14340875
352534464
66664753
184722739
1894480675
23608172
31371308
55516088
401613697
42722464
64668831
15846407
529320577
60672019
1166829439
1826169116
767309946
1867716644
18016543
1689182839
33714133
1842334093
188855653
56992908
18632074
44852484
14698968
72121824
961280796
1698834463
1399375992
19901366
61450363
34941106
33497800
39966546
55496543
66204249
1480247844
19414413
156425897
40935476
146422421
516671992
71496140
46069999
65924567
426153152
35567326
1364604146
154456153
516745054
571566922
1108637306
369395471
14665509
357382005
61885765
1158684846
18714976
570171760
575252095
310440934
57333511
34357825
340347716
66801323
27911509
72832208
1178437964
15848266
19179740
319216129
573535964
1357561580
18016823
28071794
519651071
895029930
32482854
1336127676
18334306
55032510
423594331
1204838809
47154016
247185936
26850290
196569190
1313453989
44333057
23236043
32660698
632165452
33538992
81844094
23185890
20776064
149410514
577472022
42690697
19429303
44851079
86572102
1091642166
1181561850
886561375
72292202
914642977
236350910
35430880
1052611188
243251250
18668413
30927768
19901715
138376196
606095011
821110070
436515416
236350312
25118559
859456027
22604909
38643660
1076810155
18955891
85545437
142326694
101773656
66320386
248348027
28148610
495004140
200097586
612893704
18318675
39020006
407591500
20859418
18948340
26588415
14291504
89129211
402013643
122072320
873777366
394247646
363099707
464621111
14349362
919160532
19119226
206140906
112871323
906510229
376406798
61163804
856442412
61481011
68947198
847066238
111273695
34256557
863188267
14296042
104260385
25049093
19078925
32954988
23189168
318837416
19308284
356164343
838545979
31985912
231118152
570781063
360082146
20142758
19336607
21078664
366113519
90832940
70764123
153812095
247488242
609562767
14420387
575129909
129135663
17066475
364758589
609414457
262336496
510241027
47453114
14344744
33506248
46071066
58469412
66485074
216678360
452896048
10451602
552652736
214049275
26099555
41867714
279458609
6012852
29035265
32657414
35888541
31737709
35558776
68642845
45955805
549028204
117834105
551828883
23849809
29704091
37677256
34569505
23084212
37059159
304289702
437803905
13712
401888782
22920732
33208145
234915142
553704410
23937836
70616293
38883282
252299576
19529605
304881111
253630753
45913966
28071716
56997701
16648730
501752651
188256896
72797562
258273723
43671722
29908667
532576506
36015085
74418848
526361320
20165293
40934788
297926182
32977404
33464295
459275242
179077907
20839964
342161062
14284305
69396214
65447476
22300646
28073254
37408471
452929950
99636322
457502924
455709392
461067425
22988843
204495013
207643011
26470805
447982626
267403905
33885551
27716729
482964295
20221825
122195535
485055632
84709356
28315166
24687109
66217612
340407362
477086510
473914976
39094799
115441879
241959982
196999109
72810008
32866277
38260259
23573509
390856590
7027112
176381744
454817861
355735814
20810958
342862380
362588525
454191471
210463171
57932072
34675555
21905404
32671410
23574285
23320712
14358915
421125838
367162824
32113690
355702635
18609590
31840286
140037272
239063731
34342871
391982161
351650159
377358012
53213766
223608608
373890791
373416209
18760790
34567696
20441820
18213346
42990099
92043674
19784844
21391879
30311534
232821385
330544213
270009713
28103763
50393960
813286
140394260
33155652
35739895
57107167
291291580
27704856
146184748
27845999
818927131883356161
113420831
30313925
822215673812119553
42279760
40661414
28971528
18718423
21746360
14224622
33892809
142282484
279131939
39219035
34928067
236439352
239561620
84639315
64441266
31409120
31210522
16557956
30052557
269940157
28094274
46081160
246177161
246816735
17673981
14125317
19152032
18016691
19067283
31365944
61781260
18897831
24149604
28110788
42741077
15895694
23651070
18780596
22363451
42844817
18970504
22415635
20796069
65493023
226506215
20585218
14687587
17864273
19653874
143025514
27317182
14651105
19058275
36067300
47423946
21022281
34229862
31386412
63262403
49073990
78330513
16813552
36307732
40049680
28093496
41554173
26719515
25498771
24143353
81578629
29716556
63129578
179470487
46688502
36028993
28303450
57653188
16542861
24154098
21695947
22014140
34672923
14287018
6592852
21179460
20301193
25313658
41337693
62266883
46099447
20425675
25144335
18907026
7677252
