1302585651053973507
89277811
2791547754
2307898220
262219168
1262845575147458560
1949497680
434203999
92631857
2229232175
1568300168
1165361611093270529
310519153
130773534
4186057696
410038024
1291291990701813761
983563582687375360
1250443298751295488
1063252864213110784
71885961
1109941264336719872
1294248670993547264
1029415540694179841
39974570
234132789
1051183657883496449
293454038
902529061993447424
14206252
1091475026
1330892617903726593
48075273
823664138475999232
717255066
466696784
19881538
1234422445219733504
3317609915
295361148
824939181864517632
130597727
1451121757616840705
1420350122697924616
1312028370088144896
472694608
247295705
107414992
1417134702935293956
7879802
245396805
1414494862204936196
416284690
1354525155238801413
37928643
55551293
14287243
1105277533
71347401
282532238
190551552
1053108241
100485411
2826409417
57600505
562012877
2348783658
833022867822481408
1158520971487322113
104918157
118999126
48971049
181233011
4353234441
3155717314
1173622041112719362
308502637
1373597254678945793
28959866
1346947679947956224
393387610
49634119
193611372
1232317844819341323
1214649673933361154
189868631
2741162614
44174373
62156156
950393910
3173028682
307237285
4614309443
70352757
519786521
251845635
384572225
47476554
103097873
24909190
91068242
939818513472114688
405113967
90375766
624011689
25896607
19768292
1192479630701289472
323103577
783214
75515921
1351293685493878786
1352064843432472578
1349154719386775552
397055388
1349149096909668363
36683668
1967216306
1323730225067339784
4764882552
38033026
464488717
2714041116
1543192765
113064158
1351716580720316417
31543356
2188918438
3364210756
1286294355020521473
565710092
979758151938568193
67557660
340597481
1315532028
19147731
510164923
519885607
561056629
177917586
29182651
24688010
331612214
199751812
2990769851
1426289635
606448747
4023469463
1066898457678540800
208240682
2790094654
95640962
56342547
879250144625127424
732413610
731751755059449856
1307956015330209792
3175807619
414320817
245761476
2889520524
2783770790
963338645288693760
149084317
1303645922858016768
20580713
1269956479387344896
34242874
2821605716
1281131237021757440
3123649973
3544791135
1301141828612300801
1299719901213609984
1305743329590759424
1311296533720072197
3351661713
798557710321074176
2815604118
51103171
268553359
132800282
38869092
775345397762035713
181491457
21863942
198871052
1707421520
383703172
1125479276336308225
2269004974
136980577
44983912
137776972
427734625
746943120
1241377124
22147792
18390545
1205226529455632385
33305235
64741168
1086378912
319025993
33951343
196982811
54873729
14131410
1174963883896795137
24046713
237303495
76610050
267410607
49935296
1138076821533155328
107182526
38016612
480660806
953417047
28877969
2766464011
1576808508
208025676
1100427314
1119971336485507074
1336135100
224862197
973913455022563328
340613443
180107694
33537967
188021130
99734015
25295208
1109026390278578176
1855109353
338557070
19237550
37685197
426515141
524477060
793036886
102390704
70519726
902169719385587712
238308510
1077110442487623680
23418810
36345076
216700211
28115335
932603165781962753
959354214899208192
28952277
340976159
824160598103588871
851714244026544129
332721031
21689226
40070270
2738545575
38478359
612972910
56199360
467704840
251046413
422628082
30354991
564643376
2211378987
33013018
226222147
1903105045
768556495176892416
340577078
1182358025165836288
912746546
531531833
1214820561873977346
32472513
234881454
1064565804006604800
173929268
1048924999678083079
1407151866
2792649799
232936540
1042042955148800001
724976869385342978
970749338
803694179079458816
148319829
425114628
91336654
2886207627
1172436549318791168
2314148656
18435641
741479168
171438889
55337743
65045121
117777690
372142346
811229675758505984
158414847
138203134
2548131272
344004798
85944752
47613193
161636396
28104451
120183536
2306155972
40322305
1070357006610034688
818927131883356161
772385088
29700872
1400813695
914303389
1070979968551784448
915516061444866048
214842351
47889584
82593401
846940940
18639301
99708447
851705168
806068174567460864
396255103
2203804504
39344374
39349894
52544275
471837649
2976644129
484378340
1020915620
438602228
30679029
34922204
858120066
14775670
1006419421244678144
63266077
250722978
31423389
3350410521
2329033481
1972165123
3179621871
56976488
120048506
25118559
4871860577
21486473
460042429
414334941
20974015
796991797172072448
32535843
66299380
864406880092909572
862825794
41793828
135568131
872843568230125572
3768871043
469585545
16904159
1420264670
36699681
27259029
14402173
38885139
492189880
62574827
213585647
470233975
228482831
31343887
513584555
1332194846
1034504223445139456
1031447001672478722
1710202574
125316960
938710897056452609
482540247
354912858
283824226
54669753
15929012
56125230
17742015
19909515
9990932
400864184
263220056
308161516
510593678
23899446
2160524209
3747320115
122087197
3307039066
712291100669640706
248569306
419788091
262164620
123504602
404124016
338456775
11193982
14285785
58511405
20582802
19099958
172694845
20591678
47361819
293586346
241621347
750511978041470977
38135837
200097586
134551793
428854213
72104061
1586216377
1375044577
1107372186
44455957
23413873
107082533
2978526405
33300246
272404530
464235372
27732539
248613788
875439319342862336
14351028
33852061
430180591
148831635
1553453892
2863714984
161616513
204276552
57064417
14191622
18897215
38901264
44196397
20020701
464568399
105897061
42845459
46207429
309559389
254236003
136218318
24925959
1494909290
20152971
18611983
73914963
3806691
1240805844
25105806
20768326
338369157
244917756
108969861
45342108
47974057
22959763
48342110
17965523
418152332
2590058264
40505648
740526594
310626575
260633966
2795046874
364377121
127268367
24172444
127856676
125950855
122060074
19283437
29172178
3414509159
247700019
53949942
20859418
29440550
906294173199937536
868067207380709376
1929556968
2657037103
45155843
2180849438
19501332
506317819
1970966298
212679277
217530764
874736502500200448
316418426
135820177
356787702
2342579670
77721730
22194908
2181803384
14279103
102616697
356398393
28535253
24531620
1129236186
17957492
19259873
46626720
206640289
1167061771
34402309
23608172
27062533
67707084
756895303
240812994
779042405664362497
50055701
18916432
37666984
811592755281620996
78237632
14777166
86805838
22203756
20140230
338168409
19389900
46155346
15764644
409486555
15745368
520658632
500754575
21045768
32149336
266667139
606561223
3014078279
1849010060
4375335328
478553827
4367048123
309126789
41785808
118959564
229191205
138134771
3245135844
73238146
43963249
14377605
325830217
818910970567344128
172858784
939091
970207298
29442313
216776631
103280252
376753962
787281527826706432
43383705
17919972
79293791
18863815
27760317
74712538
22667853
2857114647
772545405494128644
284761553
727069075541745664
137255314
2913289635
69181624
40304113
26344613
38696507
14407392
358969925
24913773
37620087
251523398
28128082
1464466166
2934007485
706608206194327552
4806163467
306612629
737876050487709696
26550867
2481913562
237260418
1450893258
194691332
708621757310230529
136029854
258026952
216448026
471084733
25861301
760627517036396545
2308318696
883921728
2625720797
71584155
21461944
45399148
499073990
20196258
38824745
31821927
4791778277
88411679
310458941
14283530
159845559
340549419
46359538
109374678
501744819
4216927337
24950478
747426555417198592
3233417662
3060165490
3266848870
37193436
343958195
2191259255
818053116
733029904565080064
365345778
63499387
1575937554
36468498
1612788259
1379992086
1892744460
3247642671
1927007911
67407712
534446587
2987098397
2814868657
2751551987
2893296315
2308094750
492301404
33180076
16017859
410627507
402377699
3634127357
29660732
501398760
3853129577
296718917
813275160
15084430
467225373
22011813
44597892
19397942
34026528
23838094
563220669
19261863
25570676
30739418
105293219
211480991
386149168
1676490450
20176513
38908382
14260960
442739980
3013059749
2164299882
318977179
33281373
9550672
16079505
14330330
248436358
142786019
42067731
43303406
329819402
1736890974
456706362
108728225
18682262
198633369
397169704
26798240
250157673
135153110
901979438
2794967839
144622386
4053445697
21052022
53115344
242352871
251543167
529360281
4212061
161595367
4414428509
28167343
2326177498
1518809059
3897524902
1006641320
6523962
28334899
47617445
48974071
519707372
2311510516
204525639
99515710
67668487
35501790
90116669
87080308
19975445
69273072
210807672
20504947
56328067
43062590
29251764
1702830144
91894424
36050996
596422929
408360989
22428439
3058719389
1061007776
3345794651
19900973
70385068
26073581
304331315
2596891194
852582912
3645415702
461105934
1965420942
61781451
42042554
120036979
333903537
219268128
179050190
217548444
54832098
56048102
37168047
269216440
2988033940
1219309794
64818133
1318490136
45818077
106769293
410600310
388815555
397530602
45430410
1135357525
403627091
806594768
3466352955
3305430418
14547495
427801591
19785636
90379972
414693833
45188682
20366788
340401252
309078141
127871320
274431757
352408058
15903076
93395265
31206435
464692952
38631842
42854868
140423271
156580448
459594726
2364975939
33855875
304869109
3387267375
22370525
487486212
14361155
2882613629
520537002
60021670
526953918
912566684
212149324
288098143
206736306
34888013
14360050
78099370
38421714
16465385
85676584
1032094602
599985251
2778136208
280531704
21643721
2913417527
23606104
199674833
16153562
69231187
121877446
42604302
318651164
1633259659
258823405
325405501
2374969501
28361716
14286342
497245511
422871079
20008618
1698834463
19450673
44320971
27021630
21296047
148655456
1181341812
14291922
405428469
3297674892
32344564
1685812314
233253956
1377302066
499776536
22677425
952232833
331128065
53321372
66985635
2810327434
401608592
87551769
41312208
3457564396
218833787
2975386328
2744789411
3429865683
2791400395
23616999
1146141373
31101381
3410122983
493454928
2534702808
2415957962
19319985
19972884
1229826619
35728867
85822252
25669546
905595618
1329038221
17482669
1551459979
388917495
965972486
79163086
1474677319
468912560
17705285
340415749
992759557
194225757
3165790233
1229777694
88697946
436592526
2715434333
2586939154
123327472
287680871
19734035
38451208
33609198
19287037
479344036
22933218
36020304
19644592
156080170
137369940
23747876
1496324310
492550287
507256471
1536791610
822215679726100480
37416154
3247468271
1655978202
58228836
18829430
725925007
80515718
1175053362
23830152
32017455
32115103
68741204
45565440
54917900
85827216
2780269148
3164137415
3155625951
2570789269
184722739
115701616
23104499
55530980
53195277
216008028
17425751
2219254012
799696837
1037031822
25063945
25989748
57653188
62513246
17298219
21991593
14287085
1909492933
413098254
488852222
2413845246
529472395
166739404
271902473
410236677
112457602
315779591
353785044
193116688
21393069
42857269
125750601
1207665110
2561668698
29273536
1157965518
302971361
2873711309
2998680910
2995503994
418182397
160472609
33505076
33250655
218571797
398606542
23594033
525514579
2992831042
268357486
443584414
535661060
215359615
1513811304
1449532152
151960903
2410945122
30840835
180315164
927285830
1193849958
2812762495
2966840129
1705275750
66433571
32539537
38163216
102428526
2722785782
850749608
2978119762
61979415
2991119034
1926360631
48713549
14314495
2979761607
2969845907
2978001779
591460008
62522258
1073164934
1090357238
39965455
341062077
356740432
18374326
1204838809
966113328
606227271
19784844
374473407
138855525
1897331802
1706528556
471913331
18988667
72516829
2310502713
33388399
171697811
195827347
20629858
33988509
84582108
402655240
27124680
355108876
21846143
62523083
61429870
218910852
17187058
14349636
18292862
410731663
142613436
90448119
101727020
317101757
31371709
451677472
55541718
17650380
27728939
191849753
243236419
451018761
87306292
17756047
140488453
41896037
30941476
256625759
19871636
72513495
24931816
518934246
20989035
58477132
30287258
593599728
304543204
14291795
356063063
1201451732
98354773
407186117
17471820
619863166
211808263
363282607
17654824
24509011
415701368
23651070
61735082
33892809
223812019
850076533
405562235
532666723
1075005146
2710600032
306916140
36172605
24890121
460163041
63119470
18402622
1683115626
34218423
1386419118
75256046
52785255
21423985
23438083
28726577
161806534
296156896
132852018
192942213
21906057
60840767
224240042
2882333636
131574396
2192326766
193186935
34910028
25353273
490110034
428852352
2833637878
82825318
478808828
2477802067
19107588
59198367
389131286
2792886741
487429328
906059119
28870473
56377143
1357278818
249635137
67063825
17425802
2637549407
2767904812
2404437771
605217413
2734384838
627858951
72880522
2770742737
201435125
403320517
19769863
14290726
2560124168
2213108150
1625951840
615968086
17482729
374176832
198625434
342631869
79618933
24010664
2682516001
85913912
1382743280
573535964
199767329
19901715
21179460
26837025
217217458
462893360
30759351
462332236
67268011
223442298
246717186
94657978
1875018320
259173555
2645220702
71195025
1543635811
19305591
16330790
87666695
17061263
30540161
602182869
908087288
31267211
2596131606
23245478
1432993051
282740590
35248084
169662017
169426475
353652117
32397331
33166646
78539685
435854067
65025162
36624824
399963906
2153390346
27848098
2166507523
2512551217
7724452
48784644
126256491
1707321486
2545900439
1152279248
111702288
109591967
403272223
61123324
818876014390603776
1093090866
319228928
547145561
2523379467
600462984
58631768
338209422
20609518
374402229
764884
26721980
2189929965
2413942142
103833985
377421079
74418848
27008101
215942678
24197744
380593040
49570820
20441820
20165293
26601441
74131074
1068011426
419553326
747205759
477874427
603775254
2465468423
31518766
2434055114
352306584
1072104000
2336438769
2415920848
510667520
575542709
40885302
40340459
27113674
25532316
2369245121
75742264
1166829439
320679176
29679005
546683235
442711232
38822086
70953641
2355140175
367162824
20718804
550085442
114037325
32403187
2180126766
818837224003289088
301077995
2374069367
15007149
97078109
2368501193
18549724
28099901
1023096199
231770396
65306306
452470861
932148577
378433833
20238626
277496292
749444851
20679622
602603558
46746424
475988505
16388996
25171315
18381317
30313925
822215673812119553
19674502
2344672569
20431436
39339357
18475198
42250981
34231784
1534655556
14284273
61617051
2338164475
2335932706
2334572457
101480470
46335743
555519656
2154225514
250196340
2181866944
611664146
2264840661
21776475
73101257
45531571
45614100
16581604
1582853809
231902153
10451602
124455872
79702101
33933259
14291777
612356542
23185890
72292202
194307466
70985635
1410372553
24119198
968440621
122318779
103555738
38693061
351527552
1319973726
524662941
14114267
34569505
32352556
110333
532576506
14118604
50604877
19397785
17220934
77764733
21100803
65579522
29928571
624650855
2257365785
34656014
20667905
31700411
250435513
490471617
51223521
2239990084
2250607685
33954545
34032735
148517828
26554415
1571270053
137080995
2236337098
56875220
93899982
2228363243
1300716044
2217999593
213792079
563235947
386104689
267848594
421830737
873304134
164660376
67845970
498658494
1911452394
35246361
193017662
487573225
81072853
30352096
205858510
359573726
787493827
143061537
33502071
199670339
47305738
421368016
191066432
40443425
2170320562
23574285
859518872
511674004
2166484379
334520234
236829256
96993423
52086113
402952461
307306463
1339168716
156944270
385406348
73760208
14997025
15428667
560669277
65313321
28659193
78093564
884307218
19593640
543324995
33307967
307456888
90848755
297331877
14266598
1330457336
529334746
176227913
25803631
44098080
195848365
322531105
1196497765
226656465
106480756
28094255
54577364
1720099086
26214264
22920732
260308246
36039059
385881449
743060426
376747336
174426959
68392693
69607479
376173916
77808402
74474647
1482525636
115441879
1076088475
18519026
135462216
36918193
1083987980
18096145
34050300
17987852
17756100
1959103621
39219035
510241027
21447363
36038441
20191034
711338195
993417457
17675072
23499901
355651942
26615079
1851108686
62508465
414964081
629435978
235941182
965762185
19234278
293113971
66931009
45786456
946767667
82325555
46644261
33033900
14395000
14159148
756881286
33714133
18186419
838545979
317100875
307776899
117790910
340401330
27723246
513023167
263248969
22199398
8234962
17774898
14273490
20223894
33483219
20934285
31085474
64385966
80668551
7027112
1894480675
31087080
18714976
18669139
17675609
280925842
14332159
363352400
460170044
28524344
36721693
514596967
179181381
219602088
1867716644
19705628
951333086
25102216
64148350
404981052
13526772
486550290
49949837
973788247
63442375
1691169152
14400454
112428297
29286245
404354070
1364618574
986502582
103065157
562023768
233511339
1005990247
23798120
292904816
1329274597
47606328
18554686
223194178
519301427
19901366
113087150
36879994
1290951109
18724292
315450755
462337913
420382799
224691234
25966747
29082795
23777035
819430442
1133598816
1538341615
1662687974
280428760
18016543
1652575946
19179740
61450363
390856590
230864549
56326379
135917823
70919209
30927768
17899109
63118794
18332222
25680365
27082826
135447842
445792410
161264651
730334082
1621291724
283103352
9695912
112289234
1500371
27105229
14282840
4384251
38646590
20853361
23115403
41368771
76746844
388247545
1347617761
478072616
1514349330
870270265
40918816
14288037
1611324854
1384503834
70423313
38624201
36510958
36423190
46869791
404004517
39599815
266111353
34243437
792605850
24426957
21645552
38282491
14584834
60896067
19297030
21759024
349872308
21486695
16575626
1516480104
49596685
332455358
383411857
28165217
40839292
814471
80848887
25344165
15762708
609414457
72600821
890557050
383657840
1486159580
17334988
1339835893
21022281
70762972
22012466
50393960
24737507
220957013
526516345
1492395884
847203050
46222626
2680961
19659689
802786885
991956258
42844683
278925644
301487007
76292859
189051125
34898791
221822662
64697682
201690715
156956367
6012852
1195765214
885816277
36179458
34229862
18716024
61724625
26708613
49100964
31976183
40935476
20433173
116697719
101758086
33236436
44872685
25346891
25501622
368220199
26719515
27317182
40482226
466743554
20374992
209479569
20329566
313845197
420951546
74143933
1412455375
85403705
57014980
191088146
26818369
934338110
89484734
34696385
291277159
1400257741
30266226
42698033
112528433
1357499828
42843759
38882731
239833417
77199754
1366485260
56044169
1364410842
32991016
31443715
28818351
255628022
1356807554
95431448
1198189740
1350275946
17096233
27260086
45396246
575252095
878664715
141744721
18674986
369395471
277623015
345380001
16823827
475172955
290442183
64154014
561214543
347849896
41816215
20210193
20240015
891754482
32866277
1314684686
843257089
1313453989
181130452
66796168
45919516
142282484
773294197
16824078
33208145
385513728
56442937
255514017
286882924
238101839
66204249
37631582
455709392
24671422
20776064
847455084
14274835
28101138
1254438432
19764533
37921321
42690697
31421204
25294402
63155239
82584761
258471477
426173367
244983461
212658605
37231899
20077159
169201702
54479468
184790060
354516475
342072141
1178437964
38265914
45565446
34599188
27716729
29681955
32352209
1125144056
95238065
1139453720
69236231
39052549
1145558912
538977624
24507805
67851742
20432556
1091642166
61021311
735780246
157907219
80782055
63421565
372745624
27059901
27068569
65903846
20195297
237524449
387029305
63132954
36307732
45810524
14283877
20555875
18970504
157404816
92489022
43531203
14687587
19256979
30873513
14420387
55370705
113462757
239063731
217570201
119786274
18609590
39764029
21592373
30322601
257955964
33467543
55516088
27438286
23236043
757303975
500704345
13346352
111651105
124470721
262290277
38842425
18558708
214821759
96861734
318271193
191777981
19867810
357606935
82176038
81578629
44317501
914618454
22172506
33623709
815027953
30881344
886561375
116904468
28957526
75060420
19813523
380425887
268939503
21853001
18387289
17685876
261852783
112871323
863188267
113002313
833321647
92993245
838036357
833927358
388202325
125930580
404704351
222533377
425152354
438705934
18670845
184485805
509172472
38260259
132162464
59548897
166232365
33472361
117834105
775585664
123611918
472017136
34575407
68801651
92347355
190229245
154456153
29178136
31749659
48070231
26588415
19241520
500885877
44344421
72814742
30923509
39064279
34601836
19067283
516671992
229640435
14379246
609562767
28148610
23937836
31409120
247947189
714901412
27704856
536681381
36113599
361126944
47453114
353244110
76351820
215993689
238945097
19078925
26470805
39695456
18576537
58769618
138376196
14286387
365019560
60891099
266081789
14291575
26527817
31499866
356095156
103901554
276172272
23582636
218884515
247926982
133798612
578868278
18334306
476063838
600758713
18897831
599279253
42844817
597683686
184357902
134221985
23442357
15015340
402173391
394025672
474452457
519985900
291909797
272890413
307555868
17113249
558045872
46366799
495004140
570781063
66994755
123818702
64668831
436515416
18020127
31737709
539379222
219758949
505654745
522179395
384770994
267403905
56220775
34928067
43521289
251769222
486467392
89827581
85545437
40196836
476053260
516653023
19067312
18982509
26719548
31386412
145337107
84796534
248251399
480253925
324844301
38769939
35834118
114830148
529320577
223595237
26022773
48702842
473914976
74217252
14340875
21574473
291291580
454833099
23786421
14277722
502068718
501695564
15848071
57304596
247185936
46081160
214049275
46688502
25262480
390115172
176164976
345594793
459165562
373818993
174163998
220730665
310120071
400640849
352230918
366113519
94147874
361434073
132183701
389118771
311886739
303453059
19962340
464621111
468416373
474833009
34703909
155550336
202595986
23661457
36389224
220696971
252274010
358104822
377965251
224156880
41554173
28103763
37904694
421125838
63262403
20145056
425708396
21078664
82353528
57932072
42741077
86154361
21864336
319216129
28827724
217404729
84282572
25996040
454232244
454191471
14617551
26229790
382593384
381502681
17710148
273638217
35888541
14287712
38405053
47607262
17673981
19762987
353664792
373890791
40049680
214908555
188256896
57333511
426963915
20611702
17066475
81844094
39966546
66664753
23587179
351650159
22363451
77982733
385016913
36028993
21695947
61481011
352534464
44850238
37665779
53032573
385130568
23849809
61250638
172896557
43671722
28110788
49073990
27845999
401613697
45594856
47423946
92962860
48302295
41544679
29447307
33497800
28303450
355702635
146422421
32657414
36067300
349262757
75835347
196999109
233501327
377427650
225745312
380247539
270249151
407634764
36041901
196749708
310440934
27219100
25365007
16813552
29908667
112813136
33479607
22475991
25313658
26248712
22988843
28822089
41337693
45845636
46857953
222595222
29028155
42207894
23641557
42920657
33181341
39055675
138174242
65447476
29089118
130267435
194532313
196802368
188754394
110244016
27405283
196409507
32844394
210463171
212749949
64489186
122195535
216357534
198809288
223608608
139711581
224947053
221812405
26850290
25129970
239561620
178920668
235743135
47358896
112503796
271584783
18318696
66217612
116732090
23921403
36389784
279131939
18016823
18777708
39581053
313866046
16955267
30439759
317034318
250669140
24169740
265414216
211129938
247488242
221064860
72245600
277952606
20170408
35551730
62266883
59580884
221674336
222818835
28305009
246816735
34941106
35789212
34672923
70616293
66485074
71784992
44851079
63129578
20868447
43876441
32900329
44577324
18264506
36189150
40453689
36988550
57632863
36434474
32660698
27038885
36616169
42279760
55496543
35182104
30268307
62729230
59180070
34972320
31394950
22975747
7677252
58956912
46377562
21904772
34285054
31840286
39215835
27845109
41112318
35722768
28305913
19646280
44633157
44423487
14296042
19068089
37677256
47134635
46099447
37448176
18016691
25155468
34357825
34342871
28068688
30284835
36320315
33233677
36665579
37059159
37181173
25507691
37390830
36107577
29792081
31003064
15848266
32647633
33217838
31985912
29343098
32955934
25619794
16433188
29435492
27207896
29716556
23940487
30241775
29428864
14272753
31210522
30311534
20796069
24687109
24181511
24143353
15895694
22956419
23320712
23434430
25144335
25051303
17960105
24154098
23430760
23568768
20012788
26720210
14287018
22665308
20859090
28075577
18955891
21607678
23084212
23189168
14291684
6751502
22415635
17813010
18627984
17437431
17410350
18213346
16432083
18716146
14998206
16718406
14237373
22014140
20425675
21245040
20659166
19642213
21942750
21905404
14284115
14712588
3801501
16777876
19188289
20144046
428333
21588799
18293645
18461311
15857285
18907026
20585062
21764345
16542861
18335499
17873227
20142758
14340921
813286
14365312
17616430
17410198
17408505
6592852
14464119
19042668
18761782
17960141
19529605
18760790
20587233
16557956
20301193
19337187
19119226
21155271
18938530
21391879
