16808099
2415957962
138134771
61250638
34656014
32535843
46617136
243601640
912139046
150577351
26201956
936954058312769536
813286
14125317
2434055114
3082403241
472187700
2857114647
277496292
17756047
2834403376
423529805
3060165490
34972320
2517336941
70181775
2267523598
579065545
734478434
2164886426
721019072528400384
970964743
130092487
131862459
64391993
29273536
319228928
108417952
225341716
819168234
17482669
23582636
16432083
66987835
382593384
57653188
107182526
396618124
1167061771
41312208
471837649
25480395
482540247
2236337098
73914963
14998206
44597892
66620848
20611702
92962860
22363451
29928571
22011813
39052549
18716146
39219035
19646280
2491073516
516671992
48302295
46099447
46688502
55175377
74143933
14332159
4179613355
64366720
14118604
4216927337
19067283
14224622
27082826
10451602
15848266
112813136
14114267
4023469463
373890791
36067300
55496543
2404437771
27207896
1107372186
31499866
18213346
454191471
82325555
36028993
81844094
1332194846
381502681
61724625
34898791
19764533
70953641
513584555
44344421
2264840661
1534655556
347849896
19867810
901596456
26214264
333903537
142613436
110244016
37677256
37509974
34357825
27021630
198809288
210463171
135917823
200097586
355702635
146422421
33497345
78307926
310440934
351650159
29082795
319216129
32397331
410731663
1875018320
1726299720
2336438769
101727020
44317501
317101757
573535964
33483219
20934285
27844742
137101867
28533825
153455906
30873513
1407727147
202790419
385513728
21022281
116697719
134221985
45919516
66664753
20195297
68939643
22613875
2220084701
20432556
46746424
1185044816
42730936
481539254
271606257
221064860
490191091
873304134
49570820
1698834463
28110788
14763346
45810524
39966546
19901366
34050300
42844817
41554173
49073990
352534464
30927768
138855525
47606328
40049680
60891099
156580448
18988667
81578629
337299890
266111353
25805619
247488242
317034318
199224959
17064195
304869109
436768800
228694077
48713549
33467543
16813552
21695947
142282484
246816735
14687587
138376196
895029930
1181561850
279250117
498741149
479341887
78099370
23236043
19583956
965762185
29286245
219465351
66825058
33502071
47974057
19949760
498720550
32113690
40221011
1691130469
38154652
19068089
20839964
706849262
316125313
24950478
17066475
1515824094
73498220
31409120
343604927
74125850
30284835
1550720742
307306463
122072320
92742473
93247303
20976857
46081160
27317182
28303450
18609590
33236436
221822662
75060420
92489022
115441879
59548897
45565446
45594856
27845999
63262403
22014140
62266883
34941106
23849809
14340921
146934885
31985912
23115403
14340875
49949837
14282565
1108637306
1322169571
32954988
140562982
730334082
777495992
53197280
514866709
531294024
491243795
1924106588
1673270983
428885092
400955363
1938578376
20583062
618186440
219616344
500838328
1060110714
1089515676
828630498
108059553
149046826
30196877
398037372
32991016
474126834
14705513
571664348
195436988
383307579
477613006
1247313006
1356432127
480458635
340585173
67398512
48537439
523637214
582663428
254715838
342085821
26839190
349937547
912073111
1509777458
756776058
474843888
122320328
225538539
380229286
307821261
477874427
1272178255
2185691992
47453114
225745312
574046047
51407641
948116808
448336808
629547846
1652575946
821591784
354865518
1916860262
15270079
294556162
21486473
220730665
89168079
1569175279
18777708
841659890
450613916
607131415
17710058
713990580
555869347
461105934
29417655
516471548
233990213
16823827
88443937
1969461727
1345327436
17710148
399289113
136360820
20868447
973492501
47080424
19496771
80569211
33193434
624606956
307855256
445425228
103970905
534346893
351200646
589881442
284747461
343604871
506298993
713053058
36307732
31386412
267403905
17813010
18897831
25966747
37904694
19188289
29908667
1329274597
14275788
124166975
17691133
24873610
110471666
98943586
54325147
42940431
26486715
107361688
20510680
23838008
34889570
354975870
211129938
16557956
6592852
7677252
14284305
14287018
14296042
14365312
14712588
15895694
16388996
16542861
17408482
17960105
18079528
18334306
18461311
18760790
18761782
18907026
18955891
19042668
19078925
19179740
19340799
19529605
19758906
19784844
19901715
20142758
20176513
20240015
20301193
20374992
20425675
20513866
20585218
20796069
21179460
21391879
21746816
21863942
21905404
21942750
22300646
22415635
22988843
23084212
23185890
23189168
23320712
23574285
23986190
24046713
24143353
24154098
24169740
24531620
24544566
24687109
25051303
25144335
25294402
25313658
25498771
26248712
26588415
26719515
26837025
26850290
27716729
27829732
29447307
29716556
29792081
30241775
31421204
31737709
31840286
32482854
32657414
32660698
32671410
32844394
32866277
33208145
33217838
33464295
33479607
33497800
34285054
34569505
34672923
36389224
38882731
41337693
42690697
44851079
45845636
46071066
47582349
51998462
53896756
54479468
57304596
58733138
61450363
63129578
63155239
64668831
65447476
66485074
66737250
72245600
91382711
95238065
138174242
155550336
172896557
196999109
199670339
199767329
214049275
215993689
216357534
216479064
217217458
222053731
224156880
235743135
266473867
273638217
271584783
279131939
291291580
307848443
366113519
369395471
388202325
404354070
407634764
421125838
425708396
455709392
462287332
474833009
464621111
472017136
473914976
478072616
495004140
498161931
529320577
532576506
545498511
563235947
577472022
609414457
838545979
1039725918
1175238181
1178437964
1178565788
1204838809
1219309794
