1316289968164286464
59580884
1414494862204936196
34972320
20001209
356095156
72814742
613270385
23937836
37509434
67403849
30759351
34223270
1536791610
743081622354993152
2999813479
2870560236
4216927337
20223894
901677504
17187058
29486083
238125536
16344620
205858510
632165452
1896738200
1377302066
2180608131
2911915366
89484734
14274835
3073204533
922884769
1448367385
26214264
319228928
57333458
123866150
2769283959
2297328599
15084430
1565686081
21301081
31510438
480253925
55516088
20197709
431555948
1384082689
33609198
21052022
2434055114
32095865
72880522
954462930
28118398
2355280691
2415920848
2176309548
1636393052
14617551
6512422
2331748600
109945500
23651070
25365007
40340459
19319985
1037031822
458203852
473087899
56987723
280033520
29715510
208053246
29178136
358969925
792605850
479442225
17650380
21423985
520670946
14379246
97088244
1959103621
47895003
1076088475
20679622
27105229
1668818786
65579522
20676292
623560628
2251231700
1534655556
799696837
608220476
399905956
537290850
1238448962
1719864259
28160922
1464466166
737301170
9300262
491724659
407869459
1683115626
567235158
44317501
75823713
1111744808
34231784
18292862
19917840
1322169571
14420387
92614614
1656149010
563167783
271045372
221674336
457640845
19147731
44852484
612972910
17385637
229191205
386588573
25996040
1107372186
21857414
33954545
70953641
33852061
1009813400
87179667
1477996057
324780470
57422698
562097401
84114313
891754482
18988667
926115758
372895128
255628022
369505837
20927518
1664666539
252468595
507541495
35551730
214908497
390115172
60868457
28822089
74143933
17691572
190309070
18970504
889949257
1653812659
61481011
30311534
563235947
230864549
481932428
64742113
26979187
461105934
20943905
21863942
1580895336
1486159580
90870093
260132760
1039725918
609414457
748903356
1493144496
535172635
510931885
134813510
1484469528
74128420
47298919
19244275
1219309794
429794044
87080308
18938530
47317899
30662875
31085474
80668551
20625292
29435492
82035277
235743135
116732090
377965251
24426957
38282491
34050300
28110788
18714976
373890791
36307732
28303450
14277722
63262403
30923509
40049680
81578629
14332159
21645552
21022281
27848098
20853361
116697719
17113249
351650159
20667905
122195535
468273690
25380560
49049310
980309666
1391910408
1178437964
51230942
246177161
404354070
735780246
41312208
877944056
216851823
172697137
845362404
52103766
65142510
72245600
1139453720
32961236
196802368
42690697
19975445
1323173095
577472022
40935476
1313453989
33307967
135462216
342400292
104763580
32844394
42698033
14125317
17673981
10451602
561214543
46071066
1112477467
56783320
34906915
88896130
21689226
27082826
53197280
365606337
428352489
81063496
1181532247
276675433
28524344
20432556
545394515
346035066
389398860
462159812
1089830977
59392758
44320971
1091642166
20240015
64668831
979042494
246559875
159988282
402013643
33479607
33917045
351766493
49072458
58139756
1015770294
31499866
45144731
14214281
43306755
429313316
873304134
886561375
24046713
69284490
25680365
95238065
117834105
31267211
15328118
502841774
281148472
26818369
31087291
497074404
369395471
41093382
33892809
27601968
176353126
588234393
23338496
218884515
38265914
462316232
478583735
867685740
340357856
622139089
804597968
18293645
9695912
283007065
20425127
32352209
16698195
82584761
218063694
862783224
396618124
26787463
321900955
27877065
87785625
10058212
842051863
406892131
374473407
178920668
3801501
481458863
23115403
41896037
392548533
22475991
14407392
200097586
472017136
753807066
19078925
453056124
198809288
26470805
36041901
48702842
36510958
27405283
381502681
63132954
241959982
247488242
464621111
72834743
42279760
35248084
221822662
366113519
516671992
39966546
363352400
45565440
291291580
46688502
43671722
45565446
22920732
197371275
86154361
37174426
36027595
55541718
618301620
509172472
140392065
20859418
48966732
165534844
510596550
46081160
618434153
66664753
20611702
1442751
298218278
84868803
136184787
601003287
36717609
41556663
732891373
245754435
92489022
14687587
55496543
37480884
35888541
21864336
172896557
20642087
48713549
20329566
546694115
19901366
23849809
486559617
224947053
452896048
367162824
135917823
532465616
73998226
14114267
33467543
173195708
419553326
176208758
116449407
247185936
420951546
46869791
473914976
481539254
31737709
62523083
90855234
529320577
500885877
106480756
320284755
19764533
41112318
36025548
34740114
29028155
26761938
19337187
19450673
18716146
17685876
79980821
33933259
53367893
81873660
90831134
92740110
74217252
107046007
102971895
33885551
520393138
130267435
383657840
19902330
82067621
243164936
38730168
256636985
22370525
18020127
27500655
469448334
425114628
436515416
306713113
23775167
193207281
225745312
537228830
66217612
33208145
46377562
539976963
33468663
54290711
20165293
555519656
67557660
66204249
525982660
112674261
40952053
599279253
18670845
92347355
185176522
563847064
24169740
18778803
27716729
270917817
154456153
253169981
495004140
365931694
342319169
78099370
27317182
506536523
248251399
37904694
22956419
29343098
210463171
199767329
14464119
20586070
72292202
85545437
385397757
27845109
17362488
31210522
402173391
16813552
382598137
28957526
27691169
23247176
33236436
60556393
19059674
34959084
195279438
466480581
113453910
14282565
421886192
29471954
365527509
485835817
34703909
16777566
421125838
146422421
19307442
55037086
18829430
102939147
135447842
174959371
23747876
151807443
211129938
240617726
255219386
35707924
44633157
278026261
109859732
342889856
61879424
286072305
33502071
73405963
380247539
31394950
55306128
340403302
396134339
52884977
27834886
275149153
61298243
6347162
240685512
53903737
54479468
402240085
23986190
21155271
131783627
14330330
393429748
425708396
42843759
56328067
14322280
386141583
38842772
119166713
260887071
19122668
435813396
164636388
390856590
29792081
339568223
31421204
34342871
353969855
56636606
45919516
18461311
49627168
423298965
32113690
355447909
123596749
112428297
37876601
169028500
239063731
455709392
156580448
94147874
47974276
454191471
136392057
64777319
90534982
108856784
97983951
38405053
42741077
223194178
355702635
22363451
23084212
17960105
15848266
207995483
29170587
422901718
65924567
14301229
34928067
26719548
47423946
28101138
21695947
31386412
75060420
44577324
84639315
112813136
63451448
40482226
41544679
54917900
76292859
39091525
81605238
185211641
19762987
189051125
195848365
20195297
299758995
312753307
46641481
252274010
39219035
41554173
19188289
19067283
96861734
246894674
102616697
182852575
21011375
70762972
28952277
17066475
59548897
92962860
125960653
15015340
76319586
22613875
6012852
19236875
26229790
142282484
90448119
30853297
46857953
222209875
267403905
14487318
36059230
25346891
29447307
234852180
353664792
27834369
352534464
36423190
63129578
48302295
28103763
42920657
18897831
18213346
45818077
82325555
122072320
45594856
29082795
34229862
14237373
188256896
49073990
60891099
40452799
20768524
217194425
136214785
243791786
40969477
289039411
32866277
36389224
71543266
340395143
108705070
63442375
137683899
279131939
390904982
56202063
26850290
106511054
110244016
219592402
132930985
187325136
19583956
219973094
16718406
21850674
66187137
304881111
283949934
58733138
217217458
81844094
65447476
247947189
196999109
115441879
21078664
72504988
307848443
273638217
312907732
31502319
21574473
16921761
20144046
319216129
307776899
47453114
17710148
214049275
62574827
20301193
34898791
24143353
22975747
25498771
25619794
17813010
24687109
62266883
22988843
18907026
32482854
25294402
813286
216357534
29928571
19784844
27845999
16432083
42844817
32660698
25313658
20425675
41337693
29716556
30241775
20868447
25144335
14340921
22014140
44851079
21179460
29908667
14284305
16388996
19042668
33497800
246816735
32671410
34941106
33217838
26837025
45845636
239561620
61450363
14340875
36028993
19241520
19388082
42091596
46099447
14458851
54890260
17687363
61724625
59180070
7677252
25051303
33836973
19179740
37677256
18335499
63155239
63411097
33506248
15895694
55537558
14286624
40442576
62729230
33464295
36067300
18761782
66485074
51897258
73942287
39061491
36665579
34357825
66737250
20142758
65142620
20969268
29428864
21245040
26720210
16557956
14712588
6592852
18334306
22415635
23189168
23574285
24154098
26588415
23185890
26248712
27207896
32657414
38882731
34672923
26768614
20513866
14287018
18760790
21846143
28317978
18955891
31003064
14365312
31443715
19642213
34295699
27493228
35177755
31985912
34285054
37390830
34569505
19068089
21391879
44423487
19758906
27829732
48969865
53135609
18558708
62458814
19529605
21905404
20796069
26719515
21942750
16542861
17408505
18609590
17515652
20759298
21746816
22300646
19060489
19901715
19119226
21337346
19490651
22365720
17960141
21764345
