839082941036789760
1414494862204936196
28148610
366113519
4877438039
791422207989874689
603775254
771043418097188864
43715847
792434307570827264
707991528208207876
33843601
775015906212741120
198797858
824159866646396928
20176513
22915264
33201755
3358846583
459275242
291630537
467482777
282985364
304285518
422871079
926862308202242049
612052295
3625681397
62508465
941785769571749888
2647546734
939780515078508544
69284490
796028584515268612
821475990425767941
92489022
28971528
832696466300755969
250539349
442739980
271060458
53949942
916379622891229184
21607678
918748770959003648
3342516827
509172472
910136811850227712
18632074
1882505048
925310350467256321
70953641
14360897
19361192
44872685
212149324
2415640646
1277274002
27716729
2325628125
38145897
14287085
926412948100263938
884112972729253888
247488242
269777232
19867810
219768304
109859732
210463171
33502071
310440934
42690697
495004140
223442298
17873227
135153110
193611372
29938357
347849896
90848755
631191258
4216927337
308530723
217217458
532666723
352306584
757303975
1330457336
60891099
46688502
1178437964
1339835893
39219035
50393960
40049680
18387289
20240015
277496292
813286
116697719
20611702
14125317
373890791
14291504
47453114
25498771
47423946
48702842
28110788
23937836
352534464
454191471
34050300
63129578
22300646
64362370
21574473
33464295
38882731
26588415
19734035
23084212
33892809
425708396
19119226
14285605
65447476
46857953
436515416
26229790
23320712
32671410
37876601
18682262
378433833
96861734
75060420
38260259
112428297
1076088475
44333057
246177161
61450363
115441879
22920732
34928067
34285054
31985912
38853960
271547491
26837025
57932072
19901715
22363451
60021698
128220859
23651070
19042668
21179460
37677256
355702635
45565446
122195535
351650159
135917823
26719515
21746816
33497800
19764533
25966747
214049275
32866277
35888541
18016823
196999109
27848098
37904694
26248712
59548897
33236436
44577324
36389224
221822662
48302295
30873513
45845636
25365007
46081160
246816735
279131939
34229862
39052549
63262403
74217252
20868447
19077517
36028993
16813552
473914976
41554173
19901366
14687587
49073990
14365312
27207896
81844094
42844817
19188289
18716146
19529605
34941106
18213346
14340921
36307732
27845999
421125838
29908667
45594856
16542861
22415635
21695947
18609590
62266883
23849809
22014140
21905404
20425675
34672923
41337693
388202325
34888013
31499866
35215440
907432508
873304134
609414457
945514393
394247646
32526649
873777366
47140741
955583335
83199512
304543204
14502885
575252095
999118387
257955964
998995518
351766493
286750097
149410514
280473303
529360281
393400632
18016543
18761782
56341511
1167061771
77710385
1222281936
42698033
1250038322
15369479
49759859
1323173095
12471892
1327126291
296748793
1175238181
1361485590
32991016
25680365
1400257741
482540247
573535964
1546846512
1500371
215993689
9695912
235941182
19762987
20183521
311886739
161616513
20044495
21022281
330190380
850749608
419446071
477106155
19744711
316006432
26018502
440209308
135820177
969880531
66664753
730334082
19332655
270309146
223812019
67903239
398606542
199670339
707927607
744702211
55218314
266111353
72245600
2228363243
172896557
23104499
38265914
248436358
1534655556
124741065
2180849438
1965625789
212191011
1693820779
2336438769
550085442
20432556
70630201
1329274597
102632288
66132995
14285050
119032148
80280246
110421716
110428816
110425775
120116242
137683899
63156536
47685503
24955372
28594152
62927886
43091419
64735000
21288039
21288315
40090446
52785255
65588447
14330330
36625807
65924567
28822089
56202063
14286624
66454972
63418858
66801323
64773615
16698195
46940056
65901724
66150329
65618475
9990932
61724625
30311534
25313658
17408505
40340459
62916317
55847381
33482265
19659689
38496097
70677830
74048992
73854420
76873366
75992393
44478488
75512007
50627157
78401842
36665579
21078664
79736711
66737250
79784532
31955653
33538992
74802451
81105718
81349639
82509531
82351863
19182089
34268915
22376424
68801651
86577305
19827241
85347765
82359917
88660961
31109091
79980821
34696385
91231951
53367893
90942958
71283764
26971544
21155271
14288896
33615247
94830511
95456557
93023614
20586070
20127801
101474356
101017443
16388996
29447307
58477132
102965914
45171888
29928571
93295490
82416417
14419039
15093579
66834399
106815070
90448119
28361716
95174263
67582395
25262480
6992072
15027785
110333
114830148
41500247
99585460
116732090
55047054
27259029
111107965
22988843
19643623
33885551
87642705
124408626
61226037
52369986
26198739
45673798
119404903
114695393
19509064
46734983
134451144
28315929
135185261
20883211
133315807
77994993
137981998
52033549
64356208
34284610
20301193
66485074
34358574
72797562
73694743
23574285
63132666
74474647
42920657
26022773
24687109
14277275
21423985
19646280
21862201
16824078
37443725
40358138
37408471
19758906
28292641
42091596
19337187
44851079
31386412
35707103
46099447
16613126
18718423
38643660
46338044
45919516
38493594
55541718
42939630
58733138
58733876
57133595
55537558
62537209
18669139
45806348
63155239
16556129
14712588
14608262
18907026
28093496
15895694
28094274
25144335
28303450
25118559
27317182
20912518
18970504
29716556
23211282
30241775
23336659
24544566
6090132
27691169
27062533
14464119
18016691
31210522
18897831
18760790
31443715
25051303
31502319
25655978
32129282
15848266
32657414
19145380
14284273
18829430
21391879
33217838
32660698
24712099
33506248
20191034
31409120
34264156
34342871
34357825
33208145
27721479
23185890
29028155
14296042
36067300
17813010
38648743
20513866
21188337
19179740
22475991
27829732
24584925
16433645
6592852
17066475
19241520
20374992
20659166
18558708
20796069
18461311
23582543
23189168
14623897
14287018
19784844
14284305
14206252
26720210
14991685
27405283
18334306
18335499
24154098
20585218
24169740
7677252
16557956
20142758
