1166762183763615744
1162823989733052417
1156301303947190273
1488247759304118274
1362663147836997644
318977179
254966135
430877049
1149802974853685249
202358449
2900539617
929999334950801408
18314753
319228928
18611983
509987450
4283437995
99925781
32016073
2996731568
109239701
20593641
177917586
82670042
89197227
1148709864
1120038111738777600
1548075236
1432402780937986060
223466827
1291497120348999683
1133781622485135361
20611702
33805522
170254080
910846031822278657
1347161955384111105
917545860203982850
2916305152
603775254
1414494862204936196
33482265
560965705
1367248758778564608
380956211
48315317
1328835121970110472
357049414
1389970216071876609
276453605
469597939
98995029
33217838
1182947371447148545
2961729389
1366458149981597701
827799606
1116747379
2791696417
559844758
1186560733238255616
296225782
214809052
1378277313029230593
712938664926511104
952756762880499712
2537032891
1214177846257520641
219459066
1228354088175271937
1039840431184457732
1004095639704260609
1315532028
374176832
218919225
536197487
2279751087
1372825894402801664
434925989
492554765
1206329701549166592
573962830
18570068
1217861178900320260
245462664
20699394
49412025
473822717
39599815
1313840839286808576
942566438019231744
2214417626
338369157
768179443
1129039813
565710092
1189205972
1351240437399486466
1275475606684172290
447734723
872509332595888128
4724782641
2739067203
908669832
59580884
237371242
29182651
60896067
28959866
20927352
1125479276336308225
2783584251
59065675
1251901893883752448
1077288041788727298
1238041699412303872
190741481
1149579614492119040
357949858
1343528100735442945
282636536
268247505
337332303
1326643414855782401
2733499498
18156456
402656653
954233843854249984
1083105254928011266
358732354
1185924143730118656
792701502699732992
629722301
18730967
885465388301025282
19813523
447109835
21575737
108367722
2470136607
21423985
1072862706691010560
799085143
30354991
271538326
1119258187851546624
1274890527167721472
123373084
1274744719168413697
3403978396
3131199946
888073184020492288
99174564
440725607
18696855
1192479630701289472
406892131
1292533710
315450755
1272848158805102592
1272853590764408834
2944662274
1129711124155371520
1171363761195769857
2268457749
1257278789173862400
3211612979
993920136817070080
1861366753
1245253173201317894
273437662
215676702
510194987
45810524
1129236186
1591741248
722127759699505153
4726207589
779442292868415488
2942160543
3067606767
1258077590
45594856
1182594871548399616
37237610
162620363
1116685547068690432
1187079633298214912
49510236
58212309
114605699
2151244135
2374932140
2850319257
1183834306264870913
1183297252800024576
955133477808214016
1169309615240155136
807844352424812546
4921236882
3212898292
769167284
64753254
1151887297
19918603
138203134
1073548359741394950
220000801
1129019540707454977
423178047
63816284
26820072
194685218
329115426
436737875
885444640127823873
311621168
76691248
376220073
1331762184
1028388499
726329970
1073213771664031744
172694845
2495371144
1085497340583165952
40936532
4834891805
1089054252369088512
1570799510
4055496195
65045121
1070815303779713029
878391787529830400
2347552935
3704515161
589282300
773811853
1038078139
3224801987
1913520128
858120066
2341253739
28334899
472929066
1420264670
2872106428
1520941567
398741059
14243708
619050616
63082578
2721106954
601148365
271844563
2494343293
2233331196
956559475976101893
495327388
141605246
17839398
34636405
29692349
405138312
1000061352726224896
1928654744
343246972
334821718
167491381
989527526484660224
2898919978
1586216377
754651485980459009
96955327
47893226
3402615569
148653311
118147297
47974057
4516255048
750511978041470977
1450680715
847735496633536512
3072380381
1090253282
435854067
514624175
803598412746727425
194980168
1934108610
1471814635
2843815987
906169546435907584
917052608258375680
1145558912
57959690
870227763604664320
3320584571
2769580297
803628786486906880
1912095728
988925917
254110648
68996553
343235595
313168753
784765142349258752
810585577519190016
38260259
25336045
435725661
26463075
3369586486
4485111989
787356358656069632
28303450
763821676656230400
4023469463
49601587
1706528556
390822157
2214422318
733699440683438081
1863243620
1392372877
518467459
67918993
428170649
37626533
754952420233474049
37416154
356120070
3411639460
911345070
487486212
4923127774
36655315
389456363
1618027424
417447343
726408395067133952
29404918
466897505
39965455
611076925
282272701
322618609
720335013
35877137
802856384
355727093
342277514
780195714
3153334811
583128514
272138951
1494034783
2329930499
273837244
304932118
163037603
4834925051
1638231860
254098258
3004512429
4329998356
4903845508
74143933
19939989
211106513
280473303
110373654
15084430
319025993
502262796
230014404
17187058
419926170
1489312196
79270101
4271927776
271902473
104661012
114424313
2461734589
485277063
15015340
21756399
2789595010
577047486
330451458
224940077
481047860
2264840661
20144046
791323129
72228773
109215316
4001989702
87080308
4726037800
1648714075
30927768
4702200961
34247120
996367376
64643056
80668551
2980078197
64995313
3307308951
2336640031
407002473
28145061
4300349314
3926647833
55563816
355148411
27288119
84944278
42336153
86711051
40343720
311898611
352534464
2742671437
2427485323
116302934
211275005
3291382317
70348414
17004618
30439759
472207742
123231072
34972320
17137628
154183852
897465560
3543914901
887066581
3004625063
490778999
729127914
97025303
99620272
14615094
15922687
1125331322
126065948
3566476223
119879630
392875073
28161435
47274696
2324427943
138855525
784954488
1696987628
339945862
417044829
250157673
287162240
478025938
82393703
245308283
2803359372
445595680
14361155
3344096457
1131840181
1558299961
23590619
3410122983
2601701145
3297817811
23413873
520670946
2870439255
3154252923
16344620
2369535818
21291875
926115758
1543531909
3217239220
91115300
1410109854
3400173533
396398842
58289787
17537467
2678355564
255040592
461012113
38010448
347809719
3147475152
25683251
905595618
793271413
2292454922
124690469
245870082
597726943
2791400395
47909519
1964377321
316002619
169546981
620137857
39738562
3175807619
3001112866
3224124581
587410274
1322169571
817620254
966113328
3176516824
76264443
2821155886
2857352147
2877951478
3098676977
95238065
1453024098
1322229337
614708433
14378181
2603577001
916373634
479344036
3045009622
843237853
33954545
3063867713
2596891194
20667905
3036409943
28535253
151960903
21399489
3015910280
381502681
788524
16973333
78125452
33852061
81161411
175786259
2782120142
245373135
253554116
336575773
240177708
2737598182
436592526
848824298
1014922465
961217821
139711581
2755430545
2812762495
34726771
1010692020
288652202
29440550
1107372186
23442357
1289449285
137255314
41666866
238512532
114216901
195666183
2884528372
95644951
24857319
93847093
364480656
1965625789
577249224
23606104
207880982
717721225
2855343141
39045854
2242977031
19562228
2359560079
265949490
224625822
2256245413
223442298
409965573
25966747
270311613
108889445
226505317
18716146
398606542
2401400879
2243860443
1565320682
34898084
384592907
618011830
54231587
103097873
150148980
296142504
22415635
494053067
396770370
106822273
49946953
455659359
22240612
2682516001
275021800
461105934
31821927
38140435
181923048
526964408
37904694
125181345
20085435
793865526
85913912
193047385
367058223
478026444
2483770033
19905010
2612248771
421870100
2530239990
137072035
153819759
36405490
22509417
19090188
28885494
2181866944
221655647
1636551278
244571847
815284470
2441889371
2541512980
1665695064
201192919
2279086547
41579993
134567208
392291731
86154361
139035713
76351820
2170988287
368554765
2492876366
1273339802
549134557
257406853
85243004
557320566
272507554
65607053
2517712039
425844959
432553631
435738404
477923742
17298219
31770436
26615079
845495948
402705319
332153733
768131000
36951436
271879186
1901046649
385576286
535249398
959954622
1710465048
418294974
2297989012
193260702
2412533876
374473354
960775387
1483179049
491724659
1226039742
90610284
2339130286
873304134
139368882
22014140
95509958
198245771
67587810
230827118
2369245121
134767448
265830550
108524355
444756416
20808463
13427012
2367454717
78326026
458203852
527875212
19901366
595593149
80848887
210804965
387677880
428231834
779902664
21417088
1670366851
580363460
34573200
1534655556
24177970
500753985
135820177
307776899
231218773
36918193
36039059
45818077
222209875
2306042956
705713137
1316390684
1860008276
60891099
51091641
113307238
445792410
156455133
92043674
109591967
63145400
369515886
225634187
276024870
93752550
84842549
212679277
1531615836
182852275
86804270
224609329
2149508661
399282751
1265804040
267180999
272000042
727936824
220706699
152248517
1468302512
98833328
272704840
84729044
69835350
474119912
469334956
414731324
1285976736
553324588
513023167
536461997
242672597
1026308156
149955780
95241037
216656351
452304368
1329274597
539019138
636874348
296156896
32916686
132099735
301380824
1269813182
374638468
28959624
239543884
172697137
21301081
293586346
16298115
86819049
462315226
192160002
47606328
63262403
466696784
471425301
27271114
1347347653
48316960
133374444
65579522
36734306
66664753
157907219
29676819
31452966
23559428
574366564
68391443
1592034854
37639119
22282690
73943459
56783320
188256896
381725864
33033900
42956403
870270265
1497688436
18773541
176058756
399312272
68957817
626586144
30502248
1238170286
184151607
39275561
473337160
115982867
352230918
42843759
31413264
574636700
588234393
40187767
69283469
478443141
33472862
39052549
34050300
81381193
34703909
14159875
327064489
14584834
528758840
14510255
864734414
828857814
1219500559
29697649
18876190
21746816
45919516
1210282987
1174980612
51406972
353608121
516455269
388838716
213647306
408360989
252518020
20440081
62303480
207995483
628450630
993709064
355702635
31499866
396618124
26979187
29166561
356063063
468749904
986439680
21760672
399905956
22989809
470233975
235102132
62522258
112832173
19297030
897767959
359573726
747854977
307456888
622254296
486909817
133798612
27405283
25821865
21689226
35795414
538977624
33038410
76627407
295224444
467397015
74218081
773294197
131620122
60556393
25171315
23937836
513589540
20464575
118857835
1442751
33160558
362674916
437343377
520393138
117790910
599279253
84538257
55370705
341962652
38842425
533613258
553717026
118197989
19085734
112408379
15734608
48974071
278925644
67903239
374473407
239833417
68423989
346023707
132852018
118415180
520658632
30952976
26761938
485595644
328209102
22005732
469668671
193611372
14797716
21478930
50604877
21035347
368250838
487764211
483923486
482851295
108893445
483894276
300802735
250276346
61021311
340401330
474979831
13768302
22834808
73880716
446388595
7027112
111123497
362477091
36020304
19762987
251893437
355651942
66204249
56697425
282229433
4357171
219593416
378188972
382603975
379925764
252512857
383789322
25873460
23084212
43087336
33047854
337919526
317991276
38693061
49720422
18854564
370130139
306246650
21592425
296376562
214681824
351462334
14567968
239823160
332369823
77638888
351512993
24877065
14056381
18760790
336113971
262191989
318831570
52031167
29023898
18818960
308553492
17120510
102390704
293430103
296201860
14906581
39743376
43510949
269932869
19450673
20385093
56342547
14420387
36099106
30205310
32352209
35498774
216004692
284531672
31380965
29495546
24152177
46480420
14417779
189777851
30867303
39492276
9695912
17066475
14291120
58911829
19704302
248436358
273094818
34941106
112813136
28092056
46746424
31117053
27207896
139848283
121382681
249635137
31150189
16718406
14349636
15352640
71840293
20329693
18627984
261367858
29908667
20796069
41554173
14763346
89354383
18377085
75130201
18897831
36015085
39581053
7724452
14552909
32891924
253992983
14125317
97877232
113087150
16122373
42844817
67299508
258026952
4970411
107062689
98139000
23436442
14118604
21486695
250832485
62266883
34299686
113002313
25264859
49653494
101834804
22613875
74131074
27912314
136542096
176602196
14379246
69126614
31111153
96630997
90116669
28100323
243704274
21864336
189376144
221456554
14286387
19337187
86180543
45869298
25255918
17465186
19077517
83917825
30917680
34231784
26213132
33242397
214904547
23434430
44577324
19704794
19646280
34863049
136403559
17673981
88724474
61481011
89700115
47423946
17183306
17685876
17183233
17471820
20701231
14237373
11518832
37174426
21440126
46408319
22475991
66985635
20170408
72612510
35587592
216634872
230547000
234132789
30744205
20329566
