360866265
872533308
1150965864
741283230620520449
275950746
552562303
18031814
31099936
3538531283
1254542852
93878848
2361254551
488379631
182362505
1278430784
806194447847424000
2344544344
90367908
944332470
1937511163
1329105972
1961607920
191754155
3288225982
21856263
1900074416
218884515
41544679
3248077611
2727250961
57653188
39107914
135917823
2863183834
705436630983843840
993417457
44089129
2829404027
26725154
939780515078508544
17719019
885041221479141376
88676229
1357707060
1680683574
2514791956
49110712
14282840
2976644129
1086388335134822400
1035848784583041025
19180789
1832088757
1685165665
1452515058
2415957962
622139089
851716112
330267303
76628881
815275524
45673798
824622944827613184
15736172
964429417614229504
479839107
14296042
419788091
2831507239
477874427
870481256
2673187289
1000882449017196545
1052528581
333333116
498741149
405428469
2976097415
354025505
3372016275
278787680
806790598438961152
763851534425882624
1854134970
1959798336
603775254
863831974443720705
448785566
826812078191214592
915230725594664960
42847427
854761002818207752
2425456266
17929243
599095365
26150665
332157436
4894395495
1096247492
4911544959
569812045
1409688163
108059553
2856296859
849561541301153792
1326569053
3431396638
1119507482
4127946221
2760206460
3630550812
463005332
895904606877876224
354975870
908832893245562880
514866709
30196877
910136811850227712
1079386092
31678331
397812836
3082482110
813462288745320449
893870773579939845
1957005722
887618601179643904
256902793
4354178842
848264843199164419
25974063
166242269
2867190837
3292390346
127670808
34888013
359909279
40753387
17675609
1570799510
624825536
766022949769998336
314081431
811592755281620996
28957526
23115403
63118794
39091525
864402386680414208
14712588
6592852
421125838
36067300
794245976282329092
766620143032135684
2279086547
824318220639338502
1652920406
784035288981114880
193116688
626612446
19234278
21645552
454191471
23937836
33852061
38282491
247185936
763426061103357952
253982809
771596778
220671535
3413559281
3761322683
3304299880
2762592056
1125937411
2313099380
64366720
301911162
38696507
68939643
14407392
221691737
71526098
76585270
14487318
30840835
14395000
646163
3292391106
7087422
14224622
28110788
14125317
14687587
480253925
64393342
111546153
3092054339
29676425
1043373894
262191989
599279253
296156896
307776899
1322169571
2966028785
2383400996
730334082
746943120
48302295
46869791
52785255
313845197
955697419
330544213
17425802
14763346
143061537
43672456
30927768
623560628
337299890
60896067
471913331
52422878
64818133
21890520
14242271
28340885
17528883
512302912
549435840
2181803384
940803709
19898116
81033717
23500723
74128420
20504947
237260418
38483255
34918353
166215202
1586183960
871686942
36665547
79962986
20663500
44588224
284066524
57339160
619855057
56644534
275434633
620136960
1115874631
303862998
487118986
1994321
380648579
21910500
64643056
128216887
621533
732418838
227240280
1057312441
2310502713
756881286
50604877
149046826
414223042
37174426
33467543
44344421
2264840661
1362242096
42958829
86141342
8839632
7744592
1877831
183585551
86925202
14569869
21866939
87416722
16887175
15438913
15164565
136361303
15279429
14677919
4970411
2797948249
1897331802
287785714
52680590
593599728
180704610
87398620
257357501
112813136
22834808
562714668
588234393
89172908
38421714
37876601
32352556
102390704
17113249
18988667
47606328
212679277
4339536552
359201971
761871123298541568
3706759098
5392522
16012783
2884771
16184358
5120691
9300262
2836421
16664681
15754281
14138785
34655603
6107422
16343974
91478624
15110357
14511951
20402945
788524
34713362
4898091
19077517
145650504
15250661
8197942
2768501
9609632
19646280
18949452
27021630
34357825
50516203
211129938
41112318
863188267
25480395
234345348
1387264770
4855184745
36773449
3325084792
42223569
481458863
4119287933
58881747
36440078
291630537
886608697
1897130378
2395819141
4126045869
4733449647
310458941
356793262
2955468304
2250607685
744063612944252928
1418300959
53949942
102752435
1397993888
29716556
4263040583
967814210
242283802
2865919455
1868599694
1362544471
3147609321
494792554
2845830155
1285845276
3023151777
545498511
1625325007
43187396
22774935
35789212
32954988
233563073
1109951634
2587225010
886572175
254545609
41554173
296145711
462315226
3433987101
33208145
2863866569
821143603
2833580836
99708447
1467981116
364157227
592991656
1842716472
2744377830
417158005
40049680
35308608
505817725
21643164
28626588
2494081446
4858058195
2293340928
23608172
225950399
18079528
14360897
2731182199
35183264
56181258
19867810
41312208
27692462
804597968
2711501774
465912646
291305246
402952461
17187058
2874790725
41093382
38901264
62508465
57064417
532666723
161616513
31409120
135153110
19331958
21759024
19705628
27704856
82353528
14206252
29440550
68741204
42854868
329210216
2189842169
1150972124
20707143
1190182783
90607528
61724625
18332222
34656014
19319985
36039059
87080308
18387289
94434788
142199485
65306306
115003484
300392950
2445809510
218984871
80848887
378433833
42857269
39581053
74474647
20238626
19067312
101758086
18714976
20431436
2769702386
402644147
33609198
17873227
267403905
266111353
22172506
64697682
47154016
92099045
2179699148
1314054067
615044048
113147061
250435513
419437291
329004156
78864889
1962188612
18773541
96993423
44207761
20329566
23434430
913291796
860378791
373474672
1332360120
2284384786
466668649
1937477828
112669295
1437488456
18981070
2869606114
3098670513
20140230
3362987951
3372147093
3418127165
14426025
2445142460
26554415
2811396930
975563822
1460470729
61735082
1209885012
110957512
1273578246
291895538
1550183576
390856590
4112151513
101560751
2174428102
4781934617
1490109560
489716972
1683862166
484987231
409185521
219824450
3318576472
30183766
2735359104
730460438702505984
730472199128223745
191347568
743366568705404932
18685873
120080519
840159654
12975572
2175742660
747927728255545345
720732159221309440
31343887
3744734113
751839257409486850
2901140245
737876050487709696
237524449
148299936
200261662
747807250819981312
3131144855
49370357
56125230
626277494
276010468
773464316
924875222
4114189936
1002158365
3355034027
1398255601
564910207
1282884229
2785187253
4359239115
303697926
3907840167
142258986
4456802175
338310547
305848096
4895411645
780754069
3632715016
712736810661765120
4201269555
282534789
529334746
39786575
245761094
37416154
1541364193
77540948
3320886334
3695647695
3362016513
17009159
2782321711
3673757176
743528905450131457
739493336520765441
31700411
749444851
38769939
322531105
62523083
61250638
44098080
44983912
36059230
58477132
26837025
47895003
142613436
108417952
225341716
42042554
101727020
25144335
21746816
34285054
730732899918618624
731574936276467712
30505656
1381262292
722711599367254016
70985635
27830610
16153562
18213483
14700316
33933259
95023423
14361155
104277809
164263382
46003622
69231187
14159148
148517828
2557521
1364541672
2240923093
145746533
249677516
1855270789
1691380777
227653209
1217758094
1465549688
820527488
1686862418
541065603
482353209
133634310
255628022
87387245
13473072
348397876
410038024
138376196
187441247
19450673
20001209
130773534
624913111
75256046
23531137
86180543
137292619
452826738
18627984
183691232
3076779896
28090915
1352497974
619863166
20555875
224240042
8671202
89129211
42827637
1323173095
515431540
18318675
394247646
39052549
20143588
45565440
26344613
400060778
326147820
17085853
96861734
905595618
554466061
17572399
54917900
22356192
1513410282
36334731
324844301
2191478849
39599815
14617551
1248411960
14173315
15012486
14290904
2467791
16973333
6017542
28785486
2097571
87818409
7587032
30759351
612473
38693061
32844394
55516088
715842418877272064
29178136
15007149
216776631
29442313
500704345
1330457336
2389682486
818876014390603776
1093090866
30313925
822215673812119553
1339835893
4127900007
4585307007
721236158156533760
291291580
1536791610
822215679726100480
5988062
51241574
3108351
1652541
1367531
14293310
742143
5402612
807095
759251
428333
19067283
363352400
63132954
359343297
280925842
333290214
10228272
19397785
70898910
329046585
51900256
93879508
28075839
35246361
15846407
66987835
33885551
102976177
26229790
53367893
226159916
210807672
19977718
69273072
20223894
36378384
19827241
19975445
46338044
33483219
19042668
3304862067
28818351
1858063040
17987852
1264828946
14584834
96732356
45845636
19256979
19914894
31109465
1691130469
2478155442
2384992167
55175377
4216927337
1198189740
48672761
199667492
562745251
58511405
26798240
48980951
89484734
2813589863
564822076
1324175449
67931001
4179613355
27062533
2310295012
328445838
206640289
223442298
1167061771
78864453
475196980
2978119762
358676812
27405283
317700773
42843759
19145951
19762987
2383460564
156944270
20667905
25295208
26979187
56328067
1329038221
347853730
18293645
4023469463
35235493
410731663
34231784
22475991
31085474
10141402
20170408
95169910
21423985
43062590
20433173
29251764
929412942
145970009
86577305
1039725918
2423727578
21052022
24177970
21393069
146390348
90116669
82176038
44869490
21864336
22011813
1412455375
64385966
19337187
66320386
156582871
22920732
1391542884
319072924
20976857
93247303
265887867
3131560029
245754435
18213346
112428297
122072320
32482854
632165452
1239625908
1440727904
193611372
618004081
68801651
382593384
20197709
1073164934
1090357238
431555948
54006938
66204249
813286
233511339
4723085773
491140593
2864493395
39209161
1181561850
612664952
580907403
122072637
381502681
20611702
4218543616
4260542661
4895617355
708234169017638913
4916389624
293113971
23185890
440175885
3007449694
217217458
270092321
35834118
3742401736
42100413
855487898
865365792
37880184
71000082
27837029
463006120
1112707694
851705168
37904694
30923509
14237373
34601836
14332159
40935476
14114267
18016543
47423946
10451602
373890791
14118604
74143933
473914976
86154361
3346322549
55541718
23582636
169201702
34696385
198848582
48713549
44577324
75224818
145975356
279250117
27845999
44851079
456490306
20796069
34893859
899800400
72840952
420464033
18443986
18475198
360447111
34050300
951333086
42844817
17685876
17650380
16542861
225849977
66489387
28166942
55528242
412996102
124450255
3028261660
31499866
66664753
45919516
34672923
30873513
20425675
15895694
63262403
36307732
28303450
18897831
39966546
17066475
19901366
37665779
19188289
26214264
29908667
90448119
60891099
75060420
317101757
23320712
44317501
16388996
1382743280
135462216
19901715
27317182
61781451
19529605
3402615569
26850290
14340875
38260259
873304134
24154098
172896557
36028993
74217252
39219035
38265914
18292862
16432083
19764533
34599188
81578629
27207896
21846143
82325555
20144046
46081160
14349636
22415635
16718406
63129578
76292859
62266883
16557956
34941106
23849809
18716146
14997025
22014140
37168047
21695947
45565446
45594856
59548897
1076088475
62574827
221822662
133887945
33236436
115441879
31371709
25313658
20301193
92489022
112871323
26588415
1488840763
277496292
1107372186
39974570
214049275
1178437964
70664947
3344096457
3342591807
14998206
3317609915
46210003
3026568364
81844094
17230800
33502071
34885066
572350310
52662909
26719515
1277542093
3238613326
3238817235
3240123725
1250038322
86064340
138855525
1706528556
2467169979
415866479
59085672
61450363
484133979
338209422
864391304
524326247
45614100
179050190
26507167
26818369
45531571
308565504
19967593
34580764
21022281
49073990
352534464
1551481968
252538087
2520188310
2527215344
2544176244
2599809680
2643639213
2605255273
2612337734
2730250913
2709192799
2751756030
2792461670
2799404150
2829824978
69007602
2893128914
2888339207
2897443725
2900546859
2906159908
2919524619
2966397556
2997772415
2967491271
3026270908
3026312771
3061667045
3072491717
3080936239
926041021
103280252
59285702
2886022686
2829800791
17410350
18609590
14340921
20868447
355702635
142282484
246816735
26719548
18760790
279131939
41337693
55496543
3082292922
1352514228
340333654
95172842
703380926
19414413
365931694
235145810
464579270
246177161
429834234
1665939320
540975940
15830509
562861290
89560868
21574473
180710097
180281123
819430442
31087291
403973682
63175736
363635815
21905404
761432119
188256896
1882505048
22915264
23236043
31150189
14770636
453984797
575252095
18628277
101710293
387621286
20440081
172694845
19708641
411052847
2404437771
430789067
116739271
608974536
18476547
888398886
2392499293
466342611
518492992
462056552
31690214
508723144
35720552
1273154234
464621111
47974057
18186419
63266077
51011415
1536856958
515418034
301339504
22988843
837688902
214242071
27848098
26248712
495766427
14284305
33008891
25346891
580374717
771236587
1668290166
601804474
533210864
19145380
2477945125
1089238542
18907026
37884615
511892775
216288282
358969925
18680691
117416362
23438083
481539254
33506248
203811658
1387271396
61150625
134172743
50619644
37909181
602603558
217513926
1479358075
58427057
244043131
2472150126
21391879
38643436
1139027533
1670425639
32991016
31058557
16813552
11193982
200149822
25365007
19583956
431622404
1086651289
74539103
1286688722
6090132
200017901
130434725
33464295
137693517
1204838809
14659667
500921042
20583062
769236254
62271664
101859937
45514644
20667539
20145056
2436756186
64742113
17096233
516546365
380800640
867615488
565513000
1042774574
234721290
174239572
2468928283
862125384
351863766
28529735
75231971
55495661
340393077
971843630
44877593
24044383
58589594
404124016
1464604238
19246061
90848755
29679993
487361869
1278469316
740057864
277921581
20390146
1479390576
47453114
397169704
201245041
38870922
1008440540
14432054
26986150
130453512
28980822
47305738
24426957
236493568
2320778191
1416056570
62777967
33497800
36385093
21851999
296159942
1450972664
122318779
34703909
353312938
23211282
31370002
20839964
110936831
199767329
20638502
1103749050
18435641
21854256
867799430
857686939
223768604
19712127
453338587
432567482
247251231
1145788860
132503407
34972320
24046713
537055853
484659608
22363451
2467300634
67565293
1324272361
19062199
467676427
35016821
26065765
1224171498
361852315
773106547
11518832
371939579
23759065
1272178255
462287332
64735000
96630997
73734645
1235380902
125930580
29928571
220731246
18976278
18087674
459980638
68503817
21872638
1541715936
138835188
843500186
46099447
25482639
80668551
1937288930
81072853
23651070
103675483
376173916
19159781
46928869
17813010
473815358
476949939
397896076
68446493
603931760
618186440
21879143
310120071
17691572
56136210
1060160868
1655268452
415703264
42625724
1004076560
579757656
102954117
420613868
316155035
201653163
1476316724
579825937
236942711
495041819
1355565828
136214785
1473180187
490191091
47301143
245318334
127872604
31386412
2477906185
295579767
247012851
68668134
23084212
75350777
23574285
294556162
118197989
50105575
1073052054
1160180023
479341887
550012234
76319586
484588854
65612797
542622412
402064132
77041321
427537521
832651273
455724613
845563285
17691499
28726577
1859937936
106769293
791037066
114435368
70092575
18682262
54864322
478808828
200097586
725998831
516426408
1425328056
14131410
26305549
14345951
57740508
1151410694
50227159
1073479698
461105934
195848365
551734699
426948653
18975916
1856955062
21086162
14492421
425708396
19734035
17385305
208424361
1308171440
727905360
999030768
38451208
921362574
20374992
367302204
1103808170
1326696127
319216129
63155239
20582802
20221825
36243999
37677256
507541495
398606542
624606956
104182161
965998268
837550136
41368771
28313338
86260789
1857253098
70953641
42952731
