120152296
2284280579
17233550
1280883829931155456
89538885
3176516824
304331315
1158323174
1140774370425626624
1378398696816136194
25336045
271094740
1087653701211308033
473274255
45635770
1362663147836997644
900642330566430722
9695912
21388301
22475991
823664138475999232
524186222
15720033
110373654
1586216377
384572225
186404031
1448974347536932864
111702288
269777232
250157673
970013578769108997
297262028
1713252985
51987179
1676606604
608974536
23748315
48317274
1420264670
31365648
1342036850
1341826474924535808
533259165
1215278475130691584
18074675
34875310
69806167
847423565880213504
224373268
47361819
1664459520
68670910
1095033931
1028210714
504549971
483164646
67299508
44985682
467507215
38260259
346773770
1033374143461425152
406892131
861976100
95883967
27315140
96630997
31976183
63118794
218884515
22471399
67724181
495208281
66664753
361852315
63119470
1540456093
88503721
33237600
291277159
2382362786
1135936655435751429
25873460
20425675
1013303381899784192
2415957962
72054152
1115167910
1346919379246542852
1000779546839474181
919388376
83831809
398606542
198625434
34058174
510593678
69307111
4724782641
32347467
34285054
2323252143
1172240008943755269
2510541167
20676292
1432993051
56353796
36440078
47979303
1042026050526564352
1350448732043681794
25344115
226656465
30739418
614646965
1228374707432456194
20150850
4503520823
156455133
1192479630701289472
86290053
36678662
19710525
369039690
992162588233527296
1309816658597490691
2955663413
1236228901854117888
353921685
1232204731940036608
811229675758505984
14311109
1186560733238255616
21865625
819617147148271617
416548364
234035533
234132789
2932581963
238179356
224614992
783792992
2351340198
216776631
2329066872
16076032
63684001
746462707881230337
1545946591
450574310
758388160699269120
1212838922
46384158
2185062985
500753985
109591967
765932636804087809
38169970
819330024
25729216
2825914322
450156045
2266696967
17017956
2433391021
1077181999
17017973
584831220
14694707
1092509016662642694
35306702
14784765
2850651695
980550376582713345
2289930074
271902473
397411698
1056940698300223490
1736615256
357534980
1721577756
981309087764934661
137776972
111554559
170254080
2459752261
55487998
1736578286
1233319578
3391710796
42143633
408444085
23053980
48333044
4897361049
80820758
115388535
85941439
138203134
753623149929869312
355591226
282532238
339579212
60838833
888408016323833856
34859489
1951333489
4867120059
14872160
2849941060
14487318
221691737
1205755958
132506283
75231971
2881343043
407634764
832742408
72840952
3751450582
719555092911931392
1204019070
22628924
148872468
702592225499291648
189376144
2285419243
20451618
27762615
16589206
437373893
71531727
7724452
471082799
295361148
33033900
26464886
275932698
49735169
22247697
26564673
36879994
20238626
517566043
26474538
21406514
624011689
188256896
1450680715
2219254012
34013960
416186526
25488427
156348820
154896119
1669917872
354327403
88387895
272338119
28303450
249635137
410236677
36048418
49674652
2431855554
12547532
3524862255
88697946
19811190
102095809
388983706
158342368
28957526
750511978041470977
1875018320
897796269715927041
60868457
299887614
389495351
45430410
20191034
28610772
27513352
3353301790
181476245
38842425
2987097574
1858063040
14470866
357011498
45341186
247372905
110455341
314042993
1055950916
18061771
14567968
851163226930896896
4353260675
2916305152
74154366
33917045
23442357
1365496092
37659261
187629581
35795414
20362683
488852222
20982023
470233975
1363081567
534522968
20555875
2367454717
3072399537
47350606
176353126
38163216
632165452
40936532
275505184
350263365
18186419
144980713
612391165
72899232
75268931
48702842
91173739
18628289
20144046
869825995
3320886334
2304856490
699212060366913536
3100378623
23236589
96090970
202766955
471076720
14724983
17761062
276675433
63145400
42891395
34247120
23439822
232623507
390853844
42376599
21864336
47601462
324940019
436592526
36025548
390406175
76377979
22950063
3001004138
62483934
3569810416
244707638
4705305749
1655201196
23606104
19077517
373298847
188279806
50604877
756881286
7723532
47375691
3345679913
44101578
9792302
272507554
54577364
2292454922
124690469
117777690
430180591
29442313
37165324
836301836
33714133
2294337954
24716445
32016073
356740432
464160531
22139738
510199884
435854067
542447108
510099248
352230918
425290183
1479509736
26269762
612059820
57592947
112738705
38693061
2537682190
618152442
48709777
1360095104
329144374
38265914
3043601734
257379193
18387289
3080936239
3088848177
3087527897
118415180
97690374
63663333
26022773
753578594
35877137
611076925
392291731
17673981
2603577001
139368882
64522546
47134635
365604680
26554415
505958110
52359472
71456208
111971247
338369157
55203329
302563512
29691032
19391273
2840329546
14283805
41666866
24857319
34972320
272108905
440209308
923679078
477714161
138760970
30035057
27335898
61150625
307237285
931590480
47423946
61481011
387029305
18714976
60891099
212679277
21574473
1464604238
44577324
33482265
26979187
467397015
347513252
33217838
457637817
14286035
487764211
520658632
34376640
267180999
18074976
34573200
2600415568
501270571
1520045653
873304134
73760208
53367893
610768131
76628881
78326026
41093382
2306042956
815275524
37174426
140392065
18716146
198797029
35235493
17066475
34941106
