88649549
16017859
915516061444866048
37651226
32347467
38135837
1297868792018735105
236403619
21864336
44317501
54917900
428015716
4155492063
1326826122345127936
217530764
192965053
23748315
1551459979
4848787438
304331315
511997964
1268956203159339011
102390704
17685258
34972320
125960653
1965420942
33187193
14502885
1655512332
1206945301203951618
27126479
1261462266
127268367
395305090
343627165
2396677714
3458195901
84679163
20663500
1372884150
19389900
315450755
78864889
30941476
1070979968551784448
193186935
403973682
735764197380759552
19583545
31343887
90763996
460042429
204525639
2942199141
1855109353
514596967
819168234
1125144056
1181561850
1519675345
2228363243
3387267375
1034504223445139456
202539375
2203375024
31252464
47072322
280176026
433379456
18627984
34656014
994896696860700672
63266077
2818756895
385881449
38901264
24950478
54994960
740526594
319072924
461922813
978928958484951040
304615761
49937264
32889985
227611752
20696268
261852783
2404437771
372839416
309559389
44588224
459181574
52104623
62310014
717774036877623296
285013750
394601682
389966170
66435424
866643061
1195765214
275485351
3410122983
820172804
1920041384
3171637277
415003361
768142181588697089
68352710
68352264
72840952
2825914322
2417351493
26963786
89172908
2969677588
2843406262
3403879899
29170587
308345846
17745191
269953510
2966702806
17235614
245109774
254242153
30927768
137286606
87666695
513079988
40215521
21759024
229236662
42704408
3068673431
716609472
34928067
2989662887
2202377704
37476608
31708380
31113708
85458166
93595581
92093259
350263365
1729374445
2264840661
312035247
183297292
2924816561
2909409993
25750334
53911325
158666517
33552736
50269720
19965480
22604909
1381906795
35712126
31088274
214064340
1412455375
23185890
397439984
111018442
951333086
182081797
481399170
388240076
1630285777
20934285
25295208
38696507
14407392
2164751071
66985635
38421714
42857269
21393069
1076088475
31085474
22028192
200892586
25861301
19975445
53367893
19977718
36378384
46338044
28818351
1178437964
39811941
44207761
20144046
18292862
96993423
237689897
39599815
335512075
159489817
271848609
112204442
30955482
25660561
1440727904
20210193
488338972
33853622
273945740
499867856
1073052054
87320290
1086635948
341991404
39219035
446505294
238308510
14286342
1534655556
20611702
70380300
23438083
31518766
632165452
112813136
45845636
14118604
112973510
28800712
38903854
27601968
26543278
469780703
575300737
932927287
2445138252
19262084
61244059
18127511
28315929
33872705
1446120163
189534312
31413264
346483428
252800692
126256491
1488840763
330544213
30842725
14283767
95482576
1903388028
254956683
34696385
96861734
398606542
419437291
1005968785
749444851
2265591029
80653307
14759152
51870096
66095115
20195297
1482525636
271606257
62442994
60993083
591344670
1281349465
29178136
20223894
78330513
169201702
26229790
272945882
44865727
27105229
142613436
707927607
719248456
22009309
18377085
160676165
44997376
85403705
181506556
26975936
28553774
18016543
14998206
17987852
25144335
74143933
40482226
41119959
40935476
36423190
454191471
63451448
28304157
48702842
14125317
46098040
14560772
199670339
53032573
18671230
28110788
234100103
1005826836
516671992
26488494
91880674
80845032
24439568
72314394
21737356
77270870
85579854
128954841
115642727
31499866
62523083
68966372
735780246
19731606
39227903
222818835
234145799
20238626
266747070
19067312
172896557
112428297
38260259
19337187
17650380
261840015
33467543
235126367
176186187
887274786
298181427
240845509
218881394
22172506
135097529
30873513
34037676
436515416
22363451
30201647
21391879
13067602
291291580
21905404
6592852
44851079
1132398253
14277722
245753299
92489022
23937836
373890791
46644261
20868447
412682557
36028993
20301193
138535158
14332159
167092490
46751223
10451602
19188289
21022281
16557956
28303450
186032151
47423946
352534464
18897831
30923509
20853361
45919516
19234278
146580117
246816735
142282484
14276602
237031060
6012852
40049680
41337693
188256896
75060420
27848098
18760790
381502681
138134771
80576633
66664753
26719548
24716445
81197942
17685876
92043674
20329566
27207896
27845999
34599188
21846143
14349636
38628986
101758086
16718406
14763346
221822662
33832676
150788340
17187058
279131939
37665779
349872308
16589206
18475198
61215679
1431565225
371715518
1334135498
155829739
61724625
14114267
29908667
14274835
1364930179
7027112
236829256
498251000
29036391
38065120
462966277
30287258
31093617
132928477
25803631
30842514
288703550
136218318
1032862448
307929586
44714439
138376196
1226002254
66998183
42285752
63145400
21698000
26885200
47342889
394247646
161268222
227247782
1150305302
20977369
458706891
589840479
1279894765
36179458
1050464203
726837018
33737647
202094899
38646590
76292859
69962667
21588799
32535843
17898461
443599243
86154361
190340244
196569190
202305713
1009813400
353664792
354516475
42042554
60889124
607504701
381442508
857685373
24693882
16542861
22415635
34703909
473914976
1007279654
17066475
62266883
22920732
28792071
18716146
32352556
419788091
63129578
72504988
32647633
57333511
52457173
23747876
507890976
20672548
22900000
28114870
72054152
25352133
39490510
343906721
89479176
198625434
26231053
966057043
14340921
23849809
22014140
49073990
28092056
116697719
34672923
16813552
34229862
241959982
24426957
41554173
45565446
34941106
18714976
34050300
19256979
63262403
82325555
36307732
17687363
34285054
36059230
34556256
16362310
55496543
126429103
873777366
19962340
14997025
19769863
47134635
125928871
478553827
485686519
520329893
522531461
223450008
25262480
306331122
221674336
37416154
41785808
112871323
26066874
223601653
44327211
64742113
56887729
19700322
21923882
68107468
269941373
231050087
266111353
47974057
461116121
19157451
17230800
267403905
44098080
278664682
46857953
390856590
19388863
58477132
48302295
61781451
589802929
17813010
30759351
25822206
475024685
174762419
214049275
455709392
81844094
47895003
99376470
305242092
70735847
18609590
115441879
61250638
19764533
25313658
21695947
28952277
45594856
195848365
38769939
57029690
219077098
33236436
90448119
32873744
267902591
29928571
111028719
26214264
93737032
29659136
14340875
18630876
75224818
18897215
24951032
203864281
41634334
120895262
120036979
42831007
27317182
189051125
14224622
317240118
333903537
20796069
39966546
14237373
46081160
42844817
37904694
16432083
24153920
81578629
31386412
14687587
307306463
44983912
38822086
135462216
48713549
18860581
71824168
31976183
59548897
20989035
34898791
