929261850470092800
76543481
803694179079458816
30354991
1323730225067339784
2284226135
2284280579
3414509159
20229175
17482669
40981411
762718458
18817325
818460035663667200
634367581
219267576
1063252864213110784
39764029
4876338963
1432652658
28092347
1204838809
357606935
32991016
2987098397
709351958
939091
17220934
17919972
1330457336
813286
29442313
970207298
138203134
139461217
1972165123
3107069429
224968087
20868447
19764533
63129578
914036101924446208
112139166
464203567
14349636
26229790
18292862
26719548
55496543
18716146
16557956
53759193
34273737
47606328
227100587
76085066
471802731
192689889
373890791
18988667
138855525
42854868
473914976
229636069
15764644
1870767463
551819324
263036648
2206125042
2599249364
365019560
82325555
14997025
1339835893
14340875
430180591
47317899
631616701
1855109353
1340645449
858779454394564608
2496902436
55857123
1861487492
309559389
20853361
28128082
25817863
40463751
2313007499
358301350
838426953287872512
21245040
42938159
17230800
45594856
3729680716
3345794651
4142772243
304063438
3749005755
15101278
1328174474
58737118
216448026
3334377035
1357278818
58202476
204276552
14287351
96861734
1143274284
17756100
20796069
59548897
14407392
30923509
45810524
89129211
68942913
14940714
19256979
36028993
59447358
230696944
77041321
774513845415141377
20126976
3406117366
38145897
14584834
64213981
34888013
14284862
1277542093
55516088
14487318
64366720
34898791
461105934
19705628
28525763
40209152
462043728
901677504
1384082689
1513811304
2425456266
3406148741
3439157530
381502681
42827637
66985635
62523083
40873211
184737587
44997376
53213766
66987835
3402488433
30502248
103280252
28167343
14224622
19646280
599541873
14304692
3247468271
525514579
931590480
388815555
40869450
10451602
14332159
14118604
14340921
14237373
56199360
2172517161
27716729
287805833
2428550390
340417401
238125536
61724625
799696837
518338623
2887886247
175422297
83795099
16542861
2589165913
347144137
54614147
410731663
308754481
2191478849
479442225
1075005146
2835276183
2294530996
1653771666
18377085
1198692818
35195523
217530764
38638278
385406348
64777319
56823007
1320098425
2385428056
362702785
52692898
704787648
116029555
613634283
906738559
25344165
122072637
25813743
467424406
59569015
514591995
47453114
631222436
22988843
63385204
852524497
531201617
36918193
33250655
2731420412
32535843
41597644
267361758
2656864526
1490203351
25129391
33667980
27692462
2697673232
19125743
1625128381
344813078
238308510
38635103
633242862
33623709
64444932
973788247
541522566
14402173
20210193
141744721
25996040
26601441
27848098
28079832
28109832
39219035
51243315
193554972
345842262
500885877
961256174
1135357525
14687587
18948340
19343254
22481865
26214264
27105229
32416211
33988509
34656014
37231899
37665779
47895003
193186935
225341716
243206115
320829399
819168234
1157965518
1859727049
2240680102
14285785
17113249
18016543
18332222
18897831
19061893
19099958
19182955
19297030
19354318
19650826
19659689
19795290
20431436
21022281
22915842
23608172
24149604
24426957
25118559
27059901
27062533
28094255
28303450
28726577
29440550
30886191
31386412
31409120
33524191
33872705
34229862
34258228
36307732
36347776
37387091
39599815
41544679
42494407
44869490
48316845
49073990
53949942
62508465
64247948
67557660
67707084
68741204
74143933
76319586
82353528
85403705
88896130
90848755
135153110
166242269
172694845
198625434
206640289
221119581
231725978
237767804
267373808
272457158
296159942
352534464
356793262
364758589
381063195
382701373
392266891
413041610
458665448
484133979
798432768
818053116
1267930682
2195398155
2404437771
2643639213
586511694
87271167
253793922
64979211
1958961174
111693175
99729727
21695947
19188289
29908667
897506486
19901366
30873513
101727020
62266883
22172506
232936540
62810045
34941106
41337693
279131939
22415635
39966546
18669139
37193436
45565446
276172272
16432083
33236436
24950478
18609590
44317501
27317182
17813010
31700411
384786873
22194908
322531105
743060426
1382743280
154673517
191088146
45342108
1167061771
361253898
954462930
27068569
108417952
45315024
66433571
19067312
51200901
25171315
25346891
233511339
142613436
223442298
161264651
89484734
883921728
28067981
112289234
14277275
76292859
22049212
402952461
55047054
46644261
45786456
66320386
23849809
45919516
14277722
212226645
63262403
41554173
42844817
291277159
212679945
28550979
237524449
134221985
172697137
370719436
26880289
19180789
46869791
70643948
31267211
89479176
340357856
92619341
313845197
14548906
49325431
14296784
251523398
60891099
66664753
25966747
365931694
31499866
951333086
2176309548
1076088475
403627091
749444851
501744819
307456888
214049275
43759969
54917900
318977179
1534655556
42379815
250435513
319228928
324844301
21423985
17873227
46081160
72880522
81578629
313242570
14114267
783214
14617551
221822662
317101757
90448119
19157451
29273536
1106186316
