72848197
2307898220
539397380
40209152
1420264670
258535212
29716556
59569015
86154361
603775254
234132789
14420387
2605255273
361852315
295361148
2992981499
107182526
32397331
607016620
37651280
19762987
48302295
384572225
30241775
284761553
495004140
950340889
1311296533720072197
77721730
1414494862204936196
1291291990701813761
28099901
14330330
71272020
15848266
1192479630701289472
1128204279259463680
66217612
112871323
48536494
38265914
16575626
28435876
222818835
59580884
513091074
939091
138203134
15764644
409486555
30354991
333903537
177917586
1181840582169288704
845508591641550848
2764238603
470073947
39505623
60896067
45565440
914588454
1070979968551784448
106170759
291277159
1884197935
66700763
559472461
725925007
273638217
72245600
38260259
18387289
30873513
44983912
23185890
45565446
20679622
34696385
59548897
62574827
369395471
18293645
26719515
17408482
86514464
347849896
56125230
63155239
121420979
217217458
1855109353
26470805
1040149594238341120
14243708
25346891
38135837
35248084
455709392
29928571
14332159
198625434
307821261
349872308
28822089
39973443
394639497
38822086
142282484
33502071
4216927337
2285902803
727905360
81578629
606323990
89688314
39599815
34972320
41554173
17425802
18988667
1706528556
138855525
30927768
352534464
4791778277
317034318
822215679726100480
1536791610
1339835893
74217252
39219035
718470095979327490
875135017
113002313
28319144
1579892534
618933006
72009640
158710489
970467794
3310845281
19389900
14114267
221822662
2284226135
109541802
2284280579
952592922
14237373
17471820
354285478
149955780
362360080
2184981384
2285715729
2712079471
576176230
215286052
198848582
269685189
59686920
145975356
360447111
33847354
37771931
510667520
42844817
2164458656
438626233
265903306
2164299882
802265467
109591967
119191368
19867810
314635115
1322229337
19077517
1425417253
862125384
1532954144
18377085
549297180
428352489
34893859
53328253
456490306
162719653
905595618
499128027
88669457
1214911332
288511079
2842752899
493410847
32352556
64777319
32671410
28090915
49048476
1162633626
44837562
2491073516
95238065
317403532
2150154086
22388350
849675938
2867442730
27834249
369616903
707927607
26278467
1379801
937499232
47453114
45919516
31499866
177177776
2380602246
47423946
222209875
65459758
2792886741
488493877
27062533
1718606665
1426289635
2682516001
525150755
45514644
60891099
204814566
606448747
204832963
524286598
104843267
584611962
18133923
20932258
28321666
2466593456
2264840661
2228363243
1698834463
36389224
126256491
491724659
252800692
2477906185
1477365528
1318352545
23084212
1901046649
17410350
2444263505
101594304
2400432217
44344421
33192221
65447476
600779680
873304134
2382336259
81679261
53897482
41368484
9695912
420464033
893830214
265887867
1725888390
477908776
44852484
2220084701
61617051
33467543
2336438769
494429348
2181866944
2269566719
2179786198
199670339
61450363
2158527733
21078664
33954545
27840212
44459158
1867716644
404354070
319216129
44850238
370025586
235743135
567235158
792605850
76746844
31737709
1329274597
1568809742
1486159580
1448367385
219104432
1453024098
332455358
81844094
21864336
66485074
36028993
213760163
421125838
36015085
223194178
156956367
599552608
90354449
18955891
403272223
1410993672
34285054
1374416472
14365312
396172444
70220181
238945097
54577364
519651071
41312208
16388996
1178437964
1313453989
1316953789
26710373
366113519
50764034
361164843
730334082
816975650
380538138
54881035
19529605
932726724
33506248
351650159
980531869
821110070
365606337
1083397064
39026205
809492594
53028510
95603573
15160409
28386310
761435557
19659689
509347559
730745780
63262403
17437431
35888541
14296042
47606328
18907026
221064860
913488324
196802368
425708396
309841794
472017136
42843759
382380050
196999109
18714976
36307732
26022773
407634764
621901937
373890791
22604909
26589165
253269739
728296812
519985900
471180578
39974570
59400002
46345442
599279253
599015432
361126944
601329578
595048686
605375350
14310315
23320712
33497800
14286624
373905183
34928067
425114628
94147874
529320577
497059481
529686328
37876601
28318261
266068156
40196836
14284305
509040127
371491416
508852471
29447307
499776536
320683924
400319843
68207031
397271361
394208335
425752806
32113690
221674336
270115879
69211020
155890112
33217838
46071066
322218884
393171775
42920657
30284835
38065120
400593063
46494576
36378384
27845999
82325555
26229790
19764533
100275181
143070421
312753307
88668552
46071618
47701295
218863631
56629780
81605238
61250638
45845636
17066475
188256896
111247865
19386789
20611702
6523962
38405053
66664753
14379246
48702842
36059230
19145380
116697719
450282507
30189753
33236436
108893445
112428297
390856590
67284118
199653597
44388896
161687151
218833787
57615054
400640849
454191471
123359910
196749708
27714427
26887523
36067300
44851079
40049680
16556129
115441879
355702635
436515416
473914976
14417779
291291580
352214879
412384570
116700803
369140208
421135307
346613504
31687026
425245157
45430410
431882136
323348616
434863134
19642213
42259002
123520901
32356665
133842767
36984596
339960571
385486351
377965251
23937836
214845100
51473040
195848365
189051125
23798120
353664792
52472419
47358896
324139862
364535888
250669140
123611918
372410149
18461311
32472513
27845109
29000770
31840286
37677256
35551730
21906057
36038441
351744384
188754394
22014140
21746816
29343098
43671722
28075684
23830152
63129578
85545437
49808014
28952277
27317182
45594856
21695947
87644577
31386412
46081160
246816735
279131939
30311534
110244016
24687109
220694407
35721168
29792081
214049275
23590619
46366799
65363191
320679176
38069514
214042829
299887614
358876837
357596428
34979388
35444091
78399614
377427650
18629239
323504130
148859831
274926567
253169981
383411857
400967350
408390137
330502388
246177161
111262473
265414216
34898791
34050300
21155271
14287018
130267435
29552613
22988843
202595986
41337693
20142758
135185261
29089118
237178097
267180999
217570201
205254000
21905404
43062590
49073990
43319571
62266883
34672923
80532257
28525936
47634546
19901366
89483830
93609346
101165249
103736070
102939147
108295004
40231163
14359378
49774380
86557002
14712588
55496543
41556663
62569436
43187396
7677252
28305009
19784844
65579522
17813010
27515852
45817415
22475991
813286
19337187
20238626
19233252
14998206
15016019
18716146
17685876
18886395
24149604
31109465
14125317
16164520
31101381
22757727
23344953
20223894
19067283
37904694
36074497
25313658
14284273
26719548
31085457
28091155
18970504
15027331
35719527
34605396
31801713
31079263
19734035
28788321
23577192
20642087
37189736
29273536
34703909
32398376
22920732
20301193
20425675
21846143
19119226
18935911
14547495
22665308
14350556
34562193
27834369
34740114
36020304
32350073
30510424
19584064
35707086
21188337
18897831
23750924
20433896
18087674
37903343
14997025
39014421
27068569
28324731
20587233
14340875
14118604
14274835
23189168
14224622
23849809
29908667
38158815
41112318
20868447
18609590
19188289
28101138
19902938
27059901
16432083
38906450
34028358
20945214
34625137
37665779
27021630
35203923
36107577
36668138
34941106
32153268
24578146
20889472
34631910
10451602
33307967
29028155
38844838
36997039
22062371
34577612
27207896
14341272
24509011
34734310
36988550
37059159
39055675
28092347
29435492
17220934
22415635
16557956
24154098
23740299
19241520
22668279
16718406
20144046
19901715
18760790
17775647
16542861
25972654
21391879
24169740
20796069
26787463
17362488
24008477
18334306
16095034
18335499
25051303
23428607
14172175
18938530
25144335
17776634
