28317974
2485529466
120048506
25295208
1026168501051027458
381502681
14114267
479442225
382593384
10451602
55516088
26229790
14487318
60896067
475069106
38421714
975666887173566464
74217252
20582802
15428667
428854213
58511405
44983912
2712079471
5402612
428333
807095
152982996
19705628
74143933
78589443
19450673
142282484
520329893
3060165490
218571797
335455570
20679622
19867810
18558708
322531105
1329038221
951333086
31109467
266601475
979213423
70423313
1322169571
103555738
28806730
453056124
44837562
410038024
135153110
874162122
1653771666
1382215398
2895183699
413098254
2404437771
19157451
39454641
2879290480
478526242
68942913
746943120
1919276130
70953641
1238170286
36329654
51166401
564527554
535777996
314698088
562714668
107086919
740526594
2871790683
62508465
1239366985
2765725387
2213108150
1682946991
2868525504
26611789
21698000
270779278
28170408
494384645
1425250626
31687026
1655512332
2494196874
378433833
376173916
920783642
433635563
2710600032
14763346
599541873
64366720
461105934
618301620
22604909
338456775
464483229
198625434
606448747
17756047
181923048
204814566
72228773
2657037103
40952053
2634132370
45822628
281182283
1235218364
243251250
122318779
2264840661
514591995
122195535
777495992
2629502362
2575140636
1971544902
489634533
21393069
226700783
140350532
14291795
48536494
14687587
1875018320
65161873
2483770033
37928643
388815555
26798240
58631768
135173286
2192058508
20081412
394247646
66485074
25129391
403320517
23338496
2398597992
2426814174
30825551
2355140175
2420157306
23748315
915119509
578090036
28092056
320679176
324561205
153220375
21052022
1901046649
415701368
596422929
359573726
70474879
2353286739
18475198
410731663
153758747
137255314
2389682486
21337346
329197760
6347162
1534655556
813329250
66204249
33916529
2415920848
27692462
65306306
91836565
92234881
374402229
16362310
473185962
550085442
19386796
54538998
418152332
338209422
462332236
21857414
247185936
1656149010
86898407
1043282406
39581053
30873513
954068839
2363237001
66664753
64777319
33467543
420951546
1351487371
25663580
997834628
126256491
234881454
18797522
277496292
75742264
2331748600
2271609436
464559351
210804965
19452766
90264586
31387825
17410350
21155271
161616513
36918193
392548533
126089832
153783912
2180849438
19145380
19332451
920840732
96861734
252800692
873304134
26019666
66217612
367182920
898143270
42279760
47930014
224156880
32397331
18970504
1267930682
555519656
1107372186
27062533
492494524
1413713432
462953517
2271535697
18161370
190754087
68741204
90848755
221119581
236403619
128383412
1119507482
113307238
286175588
29679005
349042271
434213979
1173056473
262121175
35834118
2236337098
1448931236
37678196
808423141
1046341489
238308510
1371738488
1464072134
198809288
2166653567
2228363243
40221011
188021130
1272433376
23104499
58765654
66700763
835499540
31397933
46746424
19386325
19509064
744702211
20197709
46613574
67557660
548598414
2201659719
1726299720
404004517
223442298
1076088475
1462945333
23590619
148112377
18777708
26975669
707927607
43674570
2160138245
212191011
1729801471
474833009
1491456206
983400180
324844301
932927287
241490028
398606542
144514524
2151243816
66796168
237696843
103280252
34440940
270309146
394319239
499211936
45534608
199670339
91173739
30759351
33307967
199767329
193597488
148299936
605217413
156455133
114015306
18520064
235145810
22012466
168415896
1381262292
14291292
14284271
289972561
78326026
1383984145
29715510
40215521
86154361
75060420
135462216
197448675
361880536
64979211
221476163
634557427
308941829
26214264
420464033
63262403
56787463
1068300744
104930215
454799703
77808402
1477996057
75935391
25532316
95859948
84271489
17989882
29944820
21132563
315929420
382748039
56239802
11372152
82825318
756881286
634451357
145970009
19767232
64522546
15644592
471837649
42952731
118857835
725925007
31372873
231118152
1488840763
17432589
134172743
1083987980
34696385
42920657
481459043
1590957253
106428909
139047756
18867533
60532178
17805956
482540247
194239271
21426923
14284083
277623015
29692369
730334082
19962340
40043096
55541718
1664666539
1860429764
1442188742
88254519
90439450
63080961
1667208978
97088244
333903537
98772794
36434474
252468595
65533777
38010448
185603644
342688623
972111614
477106155
237524449
631313695
930843980
176754009
1728000223
378649616
291630537
14118604
1719864259
20936956
48291718
368975894
1722209287
1698834463
66433571
133563792
1153445618
20587233
1691051786
599496968
1662674941
1271707758
20778180
46080146
1676543089
41093559
14567968
42611222
127637736
16823827
1416056570
52103766
1178085169
1538341615
28122204
51434825
154456153
148117137
145337107
453758064
224240042
25171315
96713177
120036979
92401180
423470022
497641923
411858209
1531615836
62271664
6012852
23651070
20165293
48302295
595588286
49254467
160480752
155947599
529320577
39052549
291291580
25051303
22975747
34703909
33479607
355702635
34342871
310440934
230864549
374473407
56644042
366113519
64742113
1529777010
402644147
1133598816
44869490
215993689
309126789
47318453
46079289
35177755
903968953
38496097
27429524
41816215
519352025
25966747
92962860
30923509
116697719
20868447
471425301
373890791
27834886
101758086
478935066
14513921
25660561
65612797
62574827
404354070
61735082
21588799
42984003
45673798
346001892
426486458
28182176
804597968
1265167464
31087291
125950855
45907664
735780246
861232446
1524934554
401613697
277954207
1546846512
1207665110
1482525636
1550041111
28090915
1103808170
382598137
247251231
460278238
67851742
187325136
78559820
426461658
35747305
33872705
1238448962
851114641
16418188
28202958
1479612235
1324175449
57640484
510931885
599279253
49636433
38842772
1316676050
351650159
369395471
1052453456
74128420
58469412
23190166
215960624
31088274
29447307
30643633
19386439
259407059
21942750
37059159
1402148125
1391542884
1400257741
134813510
20221825
74143301
5103761
33830895
19523852
1394118853
31696775
65618475
269976159
769434008
19017582
902406889
37509974
1010499414
49601504
424994151
28071794
23236043
19119226
1412455375
837515592
38742907
49049310
21746816
52033549
1108574420
1356545430
19756545
1329274597
17896061
1224171498
235633582
33348473
921362574
437346867
397943559
14998206
620162885
36107577
522268751
1379236308
36405978
513079988
19670805
319216129
1174487840
75660513
123866150
1357561580
20432556
95004718
247488242
41466571
43594908
32867404
25353273
390115172
42909133
19642213
221674336
26710373
1043373894
513505501
573535964
77199754
40869450
351462334
14224622
245754435
899800400
24544566
472830379
956857736
827463770
493574718
74116688
19081813
575252095
1269317226
38031287
236350910
1219309794
47154016
96159109
1205556727
1313453989
540234530
1175053362
72245600
275686656
19060489
421609563
199437679
25129970
1139453720
14237373
930499868
21936101
606254216
554543084
211794894
1323173095
455724495
12471892
67043953
25346891
369360878
74251291
20366788
307854601
1007279654
159270160
1183552254
501130241
1270569415
24044383
26818369
43525582
26470805
349262757
423298965
23115403
14296042
40635374
361164843
593900882
14154562
28087996
1032862448
632165452
78385212
1262279341
1223677776
561214543
27405283
873200750
14332159
63155239
36067300
330544213
1178437964
29000770
34556256
20839964
86577305
490191091
1178565788
371739887
42698033
1235087934
858564421
1238420004
849884281
72840952
267848594
1190182783
611018042
133205511
198914973
195322707
466743554
1174972104
14310315
1136948191
240998240
219768304
1173020353
60152075
361969556
965762185
1181561850
1181532247
400858111
162152126
88649549
112813136
48713549
374387515
45531571
28818351
31737709
36028993
34672923
508841648
1159471386
464553945
85545437
18761782
588234393
20195297
1091642166
20176513
72031952
18016543
1140858576
1131828925
389398860
107354968
137292619
19077517
1127724871
1127641760
48673188
353664792
38260259
26719548
27082826
40969477
55496543
83848137
547809043
878664715
44320971
29251764
312925796
73483943
64668831
1066516370
340377361
25680365
63129578
18692674
531147750
26588415
34285054
20374992
52169203
73405963
14365312
45919516
45565446
893197226
46612326
27848098
19766389
600827909
19775860
14345586
945514393
1005990247
429313316
609414457
42690697
95238065
66972469
19281581
239706529
193627439
43306755
19337187
60891099
18716146
577472022
42843759
22363451
7677252
864302522
182852575
607586872
108077269
397970445
38905999
14502885
101025951
67403849
24687109
975902922
91343261
54290711
149188140
847066238
810439669
537598493
57304596
153694624
19827241
66620848
460406210
167339193
1379801
19125743
32991016
569502103
19078925
273638217
239561620
29928571
32671410
135917823
33502071
31421204
20142758
20425675
464621111
40340459
33208145
14274835
19583956
62266883
136214785
17691572
29471954
473914976
61724625
18334306
21390272
112428297
14291777
89484734
14659667
46348104
140476432
25262480
347849896
74974548
61215679
401577725
913125264
27716729
918785168
502801241
34605064
19179740
39342472
29659136
196802368
142199485
634775461
349132087
44881245
38265914
38646590
38451208
770292660
39599815
31499866
16032272
545394515
34888013
518827123
902637180
18213346
454191471
573643334
281492251
425708396
532931198
895579644
888629540
886561375
47453114
16095034
19901366
21078664
343983889
841424316
33236436
29676425
20240015
102390704
18387289
106367656
33464295
37677256
200097586
762531403
839847986
19179649
478583735
304331315
112436228
38631953
305496121
22014140
862992829
863188267
409473247
56467191
28952277
25619794
82035277
87646862
28973543
14334023
32467248
23849809
19188289
14287018
19256979
27207896
34941106
6592852
21643721
34247120
31700411
21905404
27317182
29908667
813286
24426957
34898791
41554173
16557956
27845999
32482854
34229862
165534844
113147061
90448119
201653163
111546153
33193434
388202325
631923595
36775945
472017136
246816735
279131939
189428970
47423946
57653188
49073990
46081160
455709392
18897831
33192221
29435492
738463951
214049275
46099447
41337693
18377085
22907043
34050300
25313658
37904694
21022281
118093322
370593604
40049680
19236875
44851079
15895694
18760790
80895456
353044707
88409063
218482249
19042668
211796025
108705070
14340921
188256896
18079528
36307732
1442751
23185890
14284305
457640845
558045872
238315982
37668782
65447476
21391879
39091525
421125838
217217458
44865727
146856971
235743135
18907026
32113690
106769293
14407392
221822662
570744394
177109826
31443715
234906528
88391265
34295699
39208069
256504306
36423190
102616697
19307442
582663428
19067283
19784844
26837025
37168047
47698036
65924567
22989809
19340799
39974570
24154098
61781451
24143353
18529878
39966546
16813552
40482226
45845636
266111353
390856590
246177161
423416866
18549724
23986190
30842514
30241775
539976963
529783368
74539103
133201357
26850290
25498771
41545547
116449407
241959982
196749708
27722946
564439033
196569190
23574285
47895003
20513866
33497800
27105229
25294402
307456888
34928067
62492056
435743340
298218278
172896557
17066475
25380560
495004140
76292859
46641481
304881111
45594856
21695947
14997025
16432083
319072924
24950478
49808014
21179460
366201496
45144731
115441879
189051125
16388996
19901715
36041901
49372138
42844817
36389224
19529605
108417952
19758906
22920732
46857953
38882731
62523083
37876601
371491416
59548897
352534464
18609590
28303450
17813010
24531620
25144335
35888541
31386412
58733138
20301193
81844094
28101138
22415635
234721290
21851999
365931694
23438083
26248712
380800640
219592402
181887067
36309973
26720210
243791786
199185260
68668134
34569505
135877478
39219035
26065765
44423487
234915351
33008891
199276809
66377215
61450363
19059674
17790274
137683899
61879424
20796069
14340875
85911207
33885551
22988843
169028500
32657414
23320712
22300646
16542861
