906294173199937536
33914587
432396256
315450755
2565047206
3587878342
155659213
340439524
89398445
21890520
1146329871418843136
970207298
29501253
803694179079458816
357606935
821784477076750338
1323730225067339784
287834630
783792992
1321456947284103169
793778228
93963992
30354991
52544275
983679052430106624
1903105045
3301686212
2438344789
31368630
132053738
715796256002547712
15270052
76008218
49436056
1150499274922369026
860761097338589189
393387610
1179321863081738240
540551620
22028192
86390252
43071761
1174955520756633600
923598114488975360
1164065309772451840
48137039
41908037
262244980
369419700
169973332
29676207
2785661044
14641392
2461510118
24243468
756227808
4892655262
31290950
1032661789274587137
14243708
1901046649
54958094
34896383
138688151
75264120
840268856
452091519
1855109353
990882253
438287475
271106411
845129984
94730186
839417847860330496
825450593162493952
1656037602
2887357985
1070979968551784448
1040945954
2157651508
4876636583
481134513
1449393667
2485189561
17788749
83622816
88777506
493678717
224681460
381175903
923459418
518951670
313168826
133448051
2293315159
409486555
17899109
161801527
769337384
99734015
612948933
1025773772253605888
203879352
634401382
408338751
33908800
22771961
23176276
14529929
61263431
589244564
89725680
39546218
346595116
20250930
22910979
28311576
19884529
1105523498351505408
10933912
873174306209005568
1037365089471549440
32401025
4876338963
23500723
64391993
141227283
981521267076554752
1011230427066109953
31725005
32360844
110950126
145975356
150761953
350632259
456490306
2509929174
2987036835
3222112551
771698001261756416
828519538828394497
844108461625491456
880760732048031745
875818268757504000
963753378684788736
16652873
293651576
1574737225
393565805
1289652134
72675026
1705498789
967169378629378049
33281373
3306459479
198848582
395412159
53328253
3115258858
80370825
326893795
2178766571
2969760609
343997768
216271451
2548072274
1089934176109973504
219421113
33456104
804447103904714753
18554022
15567770
14474474
550381378
405428469
379090881
49939773
397335281
57615171
14133036
2789399330
28330466
196067974
3323583705
249255578
1428621792
284944250
227013679
388418604
1928485562
3897682997
2438169080
300276390
18364179
3105613888
196163968
224237896
433304640
4860146237
345752269
18981645
1976642947
347725481
262359713
544212925
120048506
430180591
404110448
1016593091480948736
37921383
21754872
1233763124
90534982
34032735
2300314556
505929096
2833675294
235575678
151387046
21996688
494252569
2883782007
706027694253854720
49769024
12889162
498204760
225539878
81582256
23852569
2524614043
955456516659859457
701067758
3747320115
21212087
429313316
968587494
858120066
2547811
927604742
961002152582885377
259536857
241468867
208602028
40443425
298194355
389073515
4155492063
199716019
28328841
155501426
113144797
2885187264
229170854
458203852
92489022
55858199
250572229
817910033237348352
70207308
730105415011323905
106311837
822211405600333826
936976538
8129122
152667695
21481343
2961589380
138203134
327478008
212162287
2966397556
429699913
239320809
95193484
61126132
1010672988
2403255998
705439708
156936849
874610903706066944
90269251
577249224
1731175884
42845459
918076181181759488
34231784
289437437
340584879
497245511
352306584
14341621
2585396407
220794108
30288756
2650061337
26079731
319498362
932603165781962753
2461734589
26837025
3023151777
3414509159
281763338
106428909
198859135
1924071992
985077846
138792584
15311044
23018333
29255539
2154219157
46715620
475692747
16667262
2363677027
27377518
18905134
23798922
11891512
259516003
23674342
17393790
25092348
10921932
30947351
25093616
59516314
471287735
3947226377
3055727111
18387289
181051476
810897037965271042
24150634
23413873
364377121
416135072
743060426
1207665110
40148479
2735591
48794931
902169719385587712
2978001779
44611200
854722518426451968
806068174567460864
4289258058
123868861
7089792
773271914
1079806855
3123406113
2864003393
479028155
702948229793628160
729029051973799936
374473354
940541924540284928
52422878
209720509
21476620
82631036
413699230
3536248335
3066095291
807215891117211650
198957312
1344951
14885549
20562637
529387224
106153156
481539254
368913128
2751934292
314489235
58832190
744872676779507712
829105905610391556
817554637
33168455
551819324
33754069
797309742980988928
3229361232
18839785
3599086397
2327359038
146793059
1365496092
1392741032
107146095
1683115626
412417270
338655291
284556120
146200229
2751627937
1176994477
1150716061
704694643544485888
36970470
810640513
28808470
905355030437531648
4353260675
30247200
37615968
31511564
986439680
529472395
153540072
14285019
19178945
221932714
479025116
968902117
139461217
1178437964
169207455
52078900
1195765214
34578070
102603307
66392518
1693858250
60658047
41833480
373274929
571566922
19263926
461957100
94429737
931941216
46155808
20679622
14820456
2978119762
38936142
14562016
15566901
71558903
14384396
809869951288930304
29816299
1795807088
23426159
33993399
1481717790
311647870
1033849844
1692011774
34021764
817401762
2612248771
37651349
63525135
1320925746
351113756
937499232
337036464
153403071
30830959
358642723
278691695
25365536
21447363
32469566
16913418
27844479
20177423
14934818
15279429
19247844
14230524
27260086
136361303
4898091
14511951
15012486
2884771
28785486
35773039
15164565
45564482
87818409
5392522
14677919
14173315
16129920
2097571
1652541
3108351
67358777
14293310
34713362
17813899
15492359
14800270
19407053
16896485
742143
155927976
216299334
160926944
20536157
10228272
5520952
15588657
17266725
44196397
91478624
50393960
8161232
524557553
26601441
19391292
540084379
3609098973
761113697720729600
360490533
180229242
120943272
45882011
1198992138
865078416
80305201
500704345
115107756
31404754
183090363
21642976
258914119
211336927
1910674374
3339041739
224623904
22145361
821781469878222849
1134088884
2431781238
65035545
599532605
274431757
74539103
27298935
856501526587744257
1251357774
53951960
3133927481
124751908
1384836739
1866997843
748561212804300800
794110511251980288
90763996
2613926054
706608206194327552
80522478
373883201
16402566
170661467
263036648
281438566
54154630
153966123
283945918
62240915
1148672258
41837057
2996272672
424871293
54554456
2301296174
1151298242
4264259360
14763734
102103816
10703272
203965893
720387991
225273059
271094740
715600740
86590985
887594695
361468994
38804737
548490140
26514893
764926778645307393
766615340726059008
1356424658
2729147326
60173191
743963720901070848
62791747
35694689
373049219
92986214
3305705511
92589352
1172986574
391243055
282002390
374019904
291339156
531441115
516745054
83855918
155014550
912746546
3429865683
30364057
115485051
15485441
15846407
41634520
823367015830323201
19394188
7036462
374003884
230864956
17185109
18096679
68352710
214388524
40544323
497641923
29941242
884539826
560328894
567175932
582681576
34564269
37416154
615476387
813333986453942272
78058188
2743330251
114695091
169039235
523532092
2165288930
63746892
36077820
359343297
220046437
284815950
320936553
355348269
216502965
58187044
236405077
2586939154
54360338
19644592
45819575
32942935
17372633
340222946
156390474
2962339377
280617118
40835017
1061654486
19389900
42042554
32416211
243206115
949583790
18584688
106403197
608266709
37391823
26062495
85635457
2967807885
346770427
346623067
83529162
2852899113
69670910
2263868089
102611434
477920637
34013952
92965196
104856673
281515223
380855698
258443565
65327982
157385715
340597481
17195792
505862575
193692749
234356944
306949907
361485019
1130860704
90180594
20768539
44552303
466622482
706997696
388143806
3980021717
275525412
2362707904
26507815
580893470
1241289594
471709113
534414713
192889718
176381657
20672798
19960054
25484054
1279725505
157445743
125291584
17482729
16017475
358394494
68330395
333893398
92837704
67724181
1628738808
141192888
54868753
216796248
6512422
47892260
776047341195395073
19140661
2279386694
244561582
33165939
63482194
32344564
22872643
267101043
31362764
2285448169
337332303
105185748
869606803
374714689
151107941
183756884
130804139
2801608748
2775412947
2991853505
2233484229
965207503
765444476127088640
25152546
36644059
270025636
761803316
24188722
539460954
3310845281
2800449422
57472338
81136044
1655940793
109255993
374403514
428080755
472399025
35195523
36378763
66987835
138551045
246423794
46599128
72943459
297926182
3019411025
706133409614139393
33885891
16831793
294090631
40873211
2950345648
404688827
459714637
4104980415
94538562
77990661
718315078257414145
100976711
1366740199
216468289
25370415
465218592
4142967381
283523828
190544369
110992110
45321236
151787936
2584158192
21695321
16248319
35767916
25775644
557789748
294073504
607586872
356301853
25133766
45396043
838033909
202175362
78880631
31890110
1943634127
373612898
51900256
132652886
2458072772
2754251484
25053397
145769776
2748530725
2432677045
274720593
39219318
747839466656645121
529320577
5402612
340380997
40114528
3163717636
20976857
2909377961
803279695
760367606897471488
16955917
75062648
2991879411
3058510913
764124031
21251668
62613162
36973711
14747297
17483462
19247378
106064454
84675324
112019586
87171929
108985884
234306659
16667912
21982720
30489219
60182977
43659251
373000572
514591995
51241574
747807250819981312
55027493
27368199
554723391
23067509
21011375
82067621
104628296
92347355
701483687456722944
89427793
252602823
79980821
589802929
1108574420
1951333489
562676087
84703258
2831872284
53971073
474160255
749077188
3095778128
744579124241498114
234399791
33317904
2391609793
127613732
39340204
25589776
707559273044250625
14955353
21007030
88703900
231218773
317640263
84639315
279131939
344258764
57510423
248613788
293950010
199670339
86263895
1467108175
2716859046
31383680
337690989
110445334
759251
116562289
156995543
16536215
96739804
2948937802
150717602
265887867
46222626
62523083
65459758
65447476
67561158
533595679
408360989
142213666
92740110
3306581393
2925842572
717337262007140352
28145061
47479606
24274948
45518845
1677856064
29176293
1860337543
149085844
168436555
206887440
112403405
9695312
478347497
22901292
186404031
14291120
41577591
95074451
79293791
119509520
26977269
3403434226
624132939
38627812
711451225
22720093
25291367
2772619142
246232550
3366638927
2414075550
70764123
157107324
33610589
3035080979
373272300
550995727
22795152
513537720
280428760
92242004
102948588
1367531
14882900
325123441
22941941
2392026586
3014276171
22475991
191849753
107354968
32355569
132506283
947592014
33920667
3155698379
1370715176
153121957
136994028
238138792
120153772
20596281
17137628
743585142
25581439
309978842
105231326
69231187
77041321
30412929
24680909
588606104
14191321
21418129
2813019454
76399586
47666288
99572162
91356020
72892934
14671238
66335860
1487151318
157660401
1553066935
1227364440
125673953
390698632
19963779
24691376
16719593
79992803
1845003541
18020127
21863377
17508823
28103763
2825914322
773034162
85287918
44474919
452479084
22071814
308937672
3211235080
322618609
4898036313
3247642671
116424914
31756787
168662544
83799088
20507688
38158815
31372070
76895523
38906450
612920001
537232536
2989393258
30870336
2527325148
28104574
288699652
35456283
223085732
51079525
116442919
74147047
80596164
90831134
236342008
606187745
126065948
21656594
19029253
33884691
66340406
343328555
201646403
34902836
55510738
13514842
94858012
195742929
22608582
22067123
19237012
21017854
18692263
2590989042
494995037
2699699595
112390204
891754482
3250525180
58737118
28420820
74408808
29997206
137630285
138747014
540646377
1337785291
2445809510
58790928
275013845
28075839
205230264
3014446738
81082963
14502885
33288975
1860429764
34097876
29442313
35716481
19518145
1882200530
520281669
21412084
1951639321
2561704644
30705683
1528041865
461877129
2396130890
45635770
847380512
21870081
518300075
409420607
742639676
38397088
382696249
63183865
208851005
2534702808
112389663
334537188
1404444054
208575946
4783588255
20859418
1251230342
221675131
20943905
4063534349
3664373896
426515141
450755176
312875298
146145613
489471387
2885198767
959128448
3129620044
595590320
14420387
90638985
2889270755
338008925
14819123
62777967
269951402
124583954
21209685
123528160
846199818
28319144
188279806
1964643900
25482204
34239885
105131651
18557271
57039876
216851823
35733102
346035066
125597708
89425108
19083832
469613574
47453114
28412591
524665153
1394898288
265565067
82617553
1298319782
403837566
76889387
311974150
4854606946
2183551648
14280826
580788304
26885200
356917904
442605367
38631842
38648982
14737055
4747054095
2799482679
2769579078
392927696
2467484388
295362493
90832940
260788604
2988033940
550159524
141277576
2401898365
1031051
15223359
9326842
83832987
22906929
14560772
38439143
55164043
112289234
121756702
151857418
180281123
241109011
511674004
867685740
355998342
239823132
198184204
95413494
196486404
137289317
78682735
55204617
17509243
71526098
68942913
18167583
42376599
31068930
27000473
14300452
20776064
54869011
76585270
28128082
24913773
42854868
28780206
340357856
368972590
94125752
224373268
16112173
18745106
386416701
39725044
48655571
1336903502
91189330
174618538
31374320
142786019
1279871724
65613605
3318881355
209479569
1490541247
314075083
1389336728
535777996
39718750
22201622
871535269
21868875
636535064
14118604
23438083
27845999
937148214
1048974300
40714381
73361321
1667717102
611948297
57327563
93715989
2423731711
202741167
450583343
2498067799
89812222
443708026
824085566
19535586
35547545
28168009
1045173938
1023885056
52104623
250062961
54711755
4218543616
818340
299355768
546122606
402655240
373239963
41636619
3939987977
269839336
196204374
22144393
740526594
3165790233
31097949
72293738
83795099
2259317311
44148101
221000907
1612994102
1263752238
724003260
17650380
135917823
325830217
818910970567344128
822215679726100480
1536791610
1330457336
14345062
18451200
15007149
43963249
939091
287413569
58379000
65691824
11134252
23022687
216881337
113047940
15745368
21220931
93069110
12354832
130945778
89129211
3749005755
3707177055
2471204396
1175053362
14284697
64366720
459181574
2561668698
384550050
2228333039
252983090
38868705
3421915379
597546479
37913029
83545658
222850246
510940138
18016823
26527734
32113690
538158959
16017859
1330959913
629435978
153455906
446274296
1972165123
138855525
1342246146
3047785524
134551793
154673517
757216850
36006119
3345794651
2424327958
3192090317
9344262
255183443
132885078
564003710
19529605
3334377035
268357486
250705657
1530501570
87416722
30955482
23135992
15678167
246816735
3186664906
2881057294
2978062816
3214716059
211862856
25968803
217005850
19928658
21590690
2504754928
469780703
270347262
112428297
3224344629
537573224
57932072
175876346
1870767463
919095216
356398393
707765749
2529198014
2434054144
1729374445
319630668
342861306
29946020
1264486106
3175807619
1070857573
96861734
480396994
20042586
1094860723
404004517
263573443
2467791
317240118
920783642
105265572
17705285
340393654
39965455
28099901
26606802
99729727
72880522
33997285
29294824
78589443
33623709
235093172
267996354
50574663
179839275
33466304
44423904
29153646
570171760
1073055864
34569293
539275204
618886740
94659924
64362370
74129059
1343925176
56670898
1330040112
29437847
66998183
19975445
85822252
36378384
866643061
445445034
1680065940
150763346
239393259
291643021
14790385
17385637
223065926
1093058719
14312379
19977718
280019924
2563204392
77744986
1223677776
207643011
372743380
1198406491
85603854
113439411
218711361
9300262
15369479
1227221124
3029842806
116715920
1238950471
19014949
34714498
2987308263
216989939
461105934
1198692818
2470676468
2389794373
61272088
913018310
89233219
125148375
1560705637
20768326
136192170
860977729
253630753
350786174
41184497
318977179
387112097
19198381
19224733
140488453
97868744
113940820
20912700
23754741
26207988
515264194
35728867
22670411
64777319
35070516
21891255
428163500
630213240
127670808
127448650
44588224
1886301368
32352556
1705275750
341564433
345842262
28079832
43106919
31510438
375535316
36322316
45639284
45547580
188286404
66796168
1653771666
369028830
64444932
2790126458
757303975
1887057506
1351487371
2800867986
18447095
310458941
81092819
35426997
117461300
332914784
23582217
1328174474
53876028
2614246221
166242269
172694845
191088146
198625434
221119581
14285785
19297030
33872705
37387091
42494407
43759969
44869490
48316845
76319586
223442298
237767804
267373808
356793262
382701373
392266891
818053116
1267930682
226227000
222240914
1545641202
20053610
1702622119
230457924
331559433
92033007
549297180
1675371613
42067731
21870007
196569190
14284443
17691530
42936179
94296811
465395868
134172743
122994639
19361192
42990099
81197942
363352400
34928067
14407392
69007602
42436558
2420677705
26238429
139047756
26231053
807095
148015292
1243700827
198648935
707927607
428333
1582853809
2194572929
38229056
191066432
20425675
21864710
40322305
62806889
193186935
496952496
1369031936
730842835
357735630
1706937212
513584555
2404437771
194724592
126089832
34567696
122060074
52724971
607016620
24890121
38432365
205858510
14114267
46626720
23419566
26243948
33461832
29703959
166667606
161264651
953901931
273592219
2369854828
293889718
417158005
19490312
2363028609
18458260
333903537
1171559262
20301193
62574827
99376470
142613436
410731663
242491033
36188296
1167061771
1326569053
385587434
2164886426
92015358
117530313
383326632
730745780
382909966
248772914
546324317
306207196
59830355
33609198
103065157
93879508
35209318
38769939
419553326
45798161
33216828
123057906
329046585
2346485218
51997943
1445678809
433635563
238308510
1074776647
80566097
126256491
1965584851
19705628
143025514
228694077
33885551
1070929081
232936540
1859727049
1023096199
115688849
845956285
226505317
28531603
73862642
194293676
31821927
70898910
438580560
373821791
268208830
76318047
215626012
214064340
1357278818
49370357
953417047
2260912257
34034031
338651001
193554972
1076088475
459316218
14402173
1482525636
2180849438
252800692
436058658
19397785
16705659
29171066
466268040
195774751
773669972
401613697
44696398
14294610
63132954
20044495
1061007776
19523359
495420731
1469359106
457640845
524477060
403627091
354516475
193273408
452896048
322803264
74238159
61452551
162577634
1959103621
313845197
269216440
40869450
69239792
151592610
190607297
60021295
1706528556
163813974
477080572
196089294
1534655556
413098410
2250673858
83706116
429419672
256444076
92350200
28370132
17804381
403320517
2240680102
26213840
240620349
404981052
346123314
49068924
32838045
96131483
40062854
41777935
96327394
30257547
2228363243
28584427
80388804
20629858
27844742
20934285
49746926
1225199370
626366560
26576066
313242570
1259245140
282267798
28094487
726563358
15789854
1093090866
818876014390603776
20989035
714258234
22049212
403431644
17821142
49710726
44983912
33990201
595441538
1669736581
89484734
46359538
67676949
1322351731
2176309548
51243315
499211936
371892780
25053299
822215673812119553
30313925
14224719
25087685
19074134
19212009
158128894
1157965518
467720558
333290214
248116126
437803905
1382743280
54917900
28533825
137101867
1531615836
322531105
749444851
769434008
50079902
145337107
20279163
181104513
22481463
919160532
219093490
18632074
214845100
20980820
26839190
237700101
596344490
37488920
260308246
62156156
65039753
946767667
256636985
15428667
40909365
1080427250
1652575946
6145432
26880289
295345635
71625725
42508097
358382685
45786456
969176935
31101381
49570820
63429334
15754281
140118545
1122368197
1577634368
402952461
143061537
31397933
33585774
1339835893
18475198
74778874
17705922
78572556
1412455375
624011689
304651235
25660561
360838847
188670053
792605850
471084733
980092177
49774380
14288037
14894302
112860544
536240180
1386419118
71824168
114680005
862030676
208192338
14736533
72650927
127074628
66985635
74217252
32095550
380251490
912566684
14395000
27062533
74143933
22194908
1166829439
55189997
407952439
409367244
478553827
419788091
15820298
29273536
48972045
798432768
26554000
397943559
337364218
509040127
1281077874
344331835
492091238
18671230
464997019
33888220
38828305
47938526
156194729
45371456
19061893
411667034
902149578
431978533
455218964
361483018
515467135
17361599
1198189740
29440550
141744721
912315072
32353861
53015487
230649466
46869791
838545979
112714402
799696837
123663933
863308099
23830152
249262359
584061583
983400180
189492004
31267211
359569481
45315024
617504298
259916263
159772785
466879545
34440940
212191011
83199512
945514393
71885961
28594412
40081405
18668413
499776536
29447324
14277275
33610158
462315226
310807988
919092211
40209152
370103895
20432556
247251231
492264369
420371595
14432975
10129252
623560628
431549520
844237640
28997082
391550846
149691116
475024685
101891267
160676165
70423313
579091423
1055978826
372788773
24441893
403601337
1100427314
31687026
67881440
138656489
320829399
37639119
390636656
88896130
399106062
361774924
23503272
136392057
126903510
19713521
102616697
828711744
341391701
398571085
30840835
64213981
30927768
43528884
25655136
340417401
172544356
535392144
391001227
543500550
6031582
28304157
21253940
47606328
517844607
413035315
341725644
35453508
122075638
33841934
6526412
18717184
19904252
382598137
282445214
174762419
389941495
398613166
79163086
33933259
183392045
759604591
103901554
25171315
201653163
797795646
560965705
819168234
18425625
26720210
61735082
34886981
233511339
60655988
847066238
34342871
855346620
447020819
40879848
26719515
44311474
833979072
849900457
570285948
424178588
195106305
761135604
771236587
45519320
145386714
24891866
33152235
276174075
878202494
21689226
490191091
883921728
884621544
200614484
355651942
331184960
40187767
200516200
184485805
360056861
380593040
19341222
25966747
19390810
114604642
27333815
25881133
753558896
39960683
224624339
222048470
34052135
19965480
54677795
34888013
887106534
601917945
808340534
374473407
626586144
901696081
338982226
353547437
158065533
113025802
851709559
908615090
105925524
189169431
27833757
177868348
47601462
291277159
35852829
887441844
18677266
921696938
349641008
531498039
166347579
20914689
297295848
923478306
406902905
576080781
419844727
345285366
775777237
907401613
409971451
68380583
126392378
23250443
61824099
352948137
762154832
74128420
503477665
501744819
7027112
476683327
524799074
18304213
31405598
23941396
15764644
275178767
373258149
133738109
196962381
117834105
131280612
218063694
106130754
376747336
355743494
136184787
396618124
156944270
18016543
26214264
522455556
811677463
20627309
14406719
755117898
19180789
342601483
236829256
142664262
36624824
735780246
56442937
59569015
353664792
341062077
30911018
43164020
19090188
731277528
65407040
278664682
27259029
714812948
135173461
103555738
839811512
19107588
104476133
39820482
14159148
37620393
33020445
85403705
18381317
437997027
49712658
229640435
148112377
39837594
21393770
261852783
44989406
15644592
6592852
260132760
319228928
20210193
316563842
14287712
454191471
19122668
292484280
135505449
550092584
573609967
481932428
231118152
23949699
581641516
241490028
68503817
583012904
27601425
16040065
209736797
117023932
32115103
212679945
475172955
25680365
52386128
415679830
582663428
516455269
38840072
570744394
191540463
224352840
71496140
110103183
390856590
59827474
152982996
134221985
39599815
34228196
14284093
345666610
65804220
242861232
500885877
26189309
482971150
42698033
214049275
140548994
502841774
33988509
117043974
33173363
56239802
14287018
268327245
493203923
516671992
19764533
237524449
317101757
99694673
19157451
191165723
207888226
23320712
27837029
188256896
35888541
82430415
17691347
18334306
4384251
20140230
33160558
14277722
21936101
352534464
395439921
14548906
24925959
460160997
28781664
466342611
31073556
278194962
46102637
53032573
39014421
47606894
47613193
403272223
41785808
374098142
224968087
135153110
57696728
217530764
28726577
69835350
45342108
32107718
112406605
81094902
458527403
103792291
360447111
258471477
74278946
168113691
66377215
196749708
34703909
96833115
68666396
31202646
239377742
30193765
18670951
33006109
428854213
27271114
48966732
80680907
204478853
90929317
108594815
20810958
45667669
23739022
14286342
77216162
426638366
373890791
42741077
68622845
111702288
61450363
266508642
35533049
201425717
31365944
236839814
213787697
71214277
396134339
394918887
24119198
18550407
226167775
26099555
365931694
29187512
22914421
39475551
234276524
83335239
28892317
24667354
28086973
29662012
32352209
53512119
16997941
37876601
199059928
15015340
32864014
304964445
381446233
22793590
102954701
28362205
46080146
333527792
15648050
41325780
308956079
384241739
106367656
25753002
56523451
343416152
241768671
32350827
6523962
14285140
40117334
76706618
49944020
18600068
53963696
170336547
20596766
23052230
20546839
384786873
55530980
370569931
254710359
66204249
28303058
20666608
374071197
376095133
31691389
74995651
291568131
45525473
38145897
382618508
85883333
246559875
116449407
280925842
58228836
30644104
195872423
84796534
42581615
35834118
137450165
350947137
34893214
31210522
277700412
21255585
89261778
50303955
320679176
101758086
179542435
338049872
34867203
247185936
339055436
112871323
23227277
222492561
39237511
373529790
14332159
18462205
31090806
21853001
50292289
26076279
20611702
33476973
27324079
27963906
55390614
349306139
251653489
364758589
192328753
185343614
35430880
48713549
66433571
212977158
18503146
47073928
21575813
60896067
155976053
29082795
30941476
65313321
195279692
25416669
34765060
30842849
14665509
324790583
330544213
24680416
44943684
65357795
60405536
327312980
72503877
276172272
190340244
57600505
85640142
64146627
22509546
35915109
92136338
232821385
176381744
326212673
221514301
38392595
312925796
68741204
202971486
140780492
136218318
255628022
250435513
67582395
304352900
332196861
307456888
22172506
30891188
63698866
306713113
156425897
81605238
17113249
36039059
19775860
14283877
28663688
34222774
282976656
64004084
259924515
20839964
317756052
20927352
22370525
63442375
309559389
220739751
223194178
190551552
67707084
39052549
81844094
31195903
132255549
19099958
14659667
39738562
18878967
38646590
106714708
192160002
28571625
39743376
43531203
135820177
157907219
151856844
14584834
18096145
140423271
81578629
20555875
30923509
28361527
72863760
172896557
18550977
116697719
169201702
31690214
239484275
43584730
122072320
47933480
98139000
45573406
67268011
7981922
19769863
21588799
108417952
214937518
44863256
198633369
20974015
18955836
34247106
40482226
292904816
15967758
70987513
107821135
260821774
15976697
6017542
65493023
136029854
39764029
18988667
16904159
267403905
24575979
72832208
21850674
34672797
72228773
33467543
108547622
18934005
45810524
7087422
57602886
77291343
18549724
64247948
151044755
221822662
20431436
41793828
255146067
10451602
251523398
20662498
34355018
241959982
63418858
80507813
30203462
66664753
17471820
87642705
24509622
217217458
102799885
36612877
28872687
27601390
28302374
196999109
39456398
20853361
202607099
135462216
82353528
20637153
19872749
35694406
34724209
90497686
99327597
218884515
222467193
223590516
16922619
14322280
5959492
225341716
28828199
31728646
214589326
214092807
200255736
233146963
67557660
234069311
28178236
14763346
24950478
95903715
72292202
141915752
33477915
40935476
183195957
142282484
74418848
33986268
65611875
16487288
19067283
15003632
35056248
189051125
16557956
28148610
14276602
191836749
211808263
70372722
36015085
36041901
204525639
141709158
28074404
34675555
28971528
29314172
158351997
29457156
44987423
97411039
56478933
19962261
89606169
82564959
86461778
14452323
19189208
26719548
92962860
71283764
19087953
19026443
21574473
26820072
34238949
17776788
82705598
18293645
98873754
48302295
59548897
19659689
112150185
19385216
98326349
75033041
138376196
18680691
34575407
42460799
14234290
133669300
30972074
38628986
122011829
14687162
36360278
19260683
92618629
64742113
14196264
45398784
22073110
16945575
135173286
38870922
30186430
115441879
78330513
14049906
14340921
17168052
16452726
38282491
15820505
14286658
30494954
20675943
35038670
82325555
101377052
113583741
126579324
18869697
86515427
80235315
66762275
9695912
28658570
26588415
101799779
111107965
60752645
45919516
14345835
14116137
19186642
15022445
21752569
20356317
18558708
17678392
20152971
27832769
19259873
16668912
30026758
17425802
96179821
37633590
18780596
33519898
19851362
103334908
33852061
27877065
30318565
47455921
52047329
19107846
8184422
65691135
39974570
80280246
99585460
73388456
112204442
20145056
115402914
20582802
35739895
89660415
86182951
38265914
60983
29133794
14350368
20969268
32135414
69538062
91894424
17756100
26495204
35246361
29226551
34891481
19708641
14617551
31700411
30981678
14287517
49121532
25591297
105781467
100193671
82670042
17877056
24010664
17673981
19546211
17761660
40460289
42143633
30241775
18264009
14260198
17230800
18714976
29023898
18554686
14291504
17099847
62522258
20304916
33307967
80936241
14284164
40463751
87640380
26527817
17873227
42045125
32873744
23480387
55496543
36625807
34601836
31709436
45565440
61429870
36028993
19061712
17987852
34673252
18632003
101738373
27691169
42827637
34050300
13763992
34859489
33892809
39695456
24044383
47301143
24169740
19293899
10544862
14300646
70059712
21863587
25477368
35276169
38307490
31499866
19067312
23576790
17963196
28594234
18630272
23418810
33008891
37536192
28085805
22481584
20685861
49045199
24156016
33457626
15903076
28202958
14615934
5120691
87080308
45396246
16025726
21862201
40665151
14284968
43069576
29942355
60683857
34221056
14314495
36423190
14290848
16698195
14284139
18606871
10112552
103593832
66678987
84289595
28101138
16777566
68948640
44668817
25813743
57267728
20585218
18718423
8671202
44605117
47303104
63673742
106076013
105119797
20513866
28088939
48766866
55223004
20868447
21759024
57653188
28631172
44851079
63451448
66320386
70373458
46979706
34672923
22363451
29659136
84709356
90848755
63262403
75060420
14792107
75992393
13768302
35808591
67557505
31955653
33538992
81105718
44579787
84309055
73366922
84633752
59169106
69396214
18682262
29908667
34696385
86935309
24154098
88636702
92619341
34307049
18630876
40877768
19583956
21391879
16388996
101727020
90448119
29928571
92043674
78596503
17712364
29716556
73187427
56184740
76450358
77795018
50627157
76873366
76292859
14285050
5991322
56078975
15101278
14651105
28109832
28096110
26305549
19017582
64528676
65346150
37212321
28981815
19622120
72516829
51577758
72810008
46081160
39484150
42625724
40040516
66801323
20583062
14330330
55545682
17957492
67120915
28184374
66700763
65618475
63129578
63385204
66456903
19143048
58224806
14350556
45806348
24955372
62927886
60084776
28594152
50275926
18864959
64501088
36510958
64697682
21288039
21288315
33506248
14997025
65198523
50252072
16978332
52785255
65588447
39311450
65924567
18318675
47982188
37231899
62266883
14316154
37443725
49050408
22611910
37630783
53949942
53213766
14295600
5985642
25344165
42709793
39966546
54151623
28794518
47974057
39726707
61119831
14549178
27737368
18435641
19766036
61724625
18670845
28367969
19125743
27704856
19062821
21775173
22988843
14687587
15100833
28110788
49073990
14490887
31434784
58477132
33503483
55047054
49959486
52328301
39219035
31169484
30873513
38638278
31367759
24426957
20093102
34027223
18016691
32542763
46099447
47298919
38643660
51551914
47890625
41544679
44317501
46641481
47305738
33497800
34898791
36059230
40049680
37904694
45115396
40727926
18724238
42939630
20441820
22405387
44872685
41554173
18633093
19263240
19234278
21905404
27405283
28315166
31737709
41337693
22415635
20183521
23849809
32535843
32351643
37193436
36969004
33868170
37665779
17187505
34246864
31395063
19978806
45565446
20374992
31386412
28917815
34656014
33480259
45594856
19901366
28765398
40090446
43091419
6012852
42844817
24149604
19984787
34229862
25313658
36307732
34402309
34941106
38648743
16813552
17189741
38493594
32660698
18669139
17187058
18426185
29189866
23582636
33236436
34910028
31409120
32129282
31946596
12435822
26604036
27838791
15895694
20195297
28315929
28303450
28114297
22665308
21919347
23582543
28659193
14419039
28539669
14206252
29023123
23211282
28103090
21855245
19841704
17864273
19962340
25346891
14340875
19256979
28092056
22014140
20920040
21235620
23937836
18046947
17066475
18213346
14998206
28323152
24509661
23822793
28094274
19188289
27834369
21022281
19236875
14224622
14942188
20796069
19233560
25996040
19343254
21645552
19042668
19319985
19414413
21695947
21210390
19650826
27692462
7677252
18897831
14287326
813286
20659166
19013895
25817863
27848098
24941565
17482669
18332222
15835262
20008618
19226961
25498771
23608172
21846143
25063945
18609590
16718406
16432083
28094255
17813010
18970504
19354318
25118559
28093496
21423985
21698000
18948340
27105229
14679772
