457640845
429844913
89229051
267403905
38882731
47895003
21905404
31461297
392176734
102616697
30842514
19902938
47963251
14332159
58477132
30201647
53032573
62458814
32961236
62523083
31386412
64742113
38628986
19784844
62574827
25803631
45416867
67310701
41785808
61724625
36307732
67903239
73942287
81562117
18558708
14340875
31409120
19067312
54628612
24149604
19190875
90448119
20513866
24154098
81844094
45594856
17813010
19060489
36059230
19525286
26515744
19059674
39208069
18609590
18630876
34898791
38769939
