20223894
70474879
374732917
2399869836
882083310
38016658
1432993051
907223760872329216
3297137901
1371657408
72809688
125617191
287805833
789369292957638657
125284155
1366349508
858029182034563074
776212818
816418408828964864
189051125
1532954144
2785327907
37168047
4142967381
14581758
576729988
806892215091994624
1907187048
34360507
178997773
258439107
3434179678
220661564
125316960
34032735
727069075541745664
756569448685924352
741373076089262080
27298935
4053445697
715071072580804610
4283437995
827523758
19775860
446505294
3117983271
3092639445
96164499
473993305
20530102
14330330
75005550
415655016
2672784822
1880776908
49425501
2740259243
44714439
20195297
71824168
34898791
700416503921905664
2265627029
31258709
1453024098
219104432
156558153
280888221
519243751
195666183
2394037892
1359329336
256908600
1269372320
1381632151
545040954
163787974
204820853
340225521
832766652
205254000
1096143589
1148709864
429794044
1487623928
398613166
852646116
1336791120
271495688
2271186381
426903030
24693882
32873744
47974057
91048804
4704978044
44068376
33464295
2188821230
102976177
1683862166
2286322381
39599815
385881449
2468904860
1530111522
1615438508
1319040265
1417990819
2599841437
3919973261
3917422217
2177906808
1425675084
3331165121
966057043
69007602
50282099
3415116190
55530980
22604909
25290690
474970460
74217252
66985635
14998206
36344167
38628986
112666537
34222173
63129578
141177073
2233171623
773769458
22608196
1356297846
2827640324
333020563
14163406
34579235
18377085
37419715
249262359
308356624
3345434200
3376359275
1115167910
3104495993
1331470656
1098101958
39245675
218956248
79672558
1278062876
3334377035
197162412
1970966298
495004140
478026444
538455323
106077757
2785275929
3315005763
947652200
31097949
78669965
914303389
46080146
418544942
30833224
107354968
18016543
1143133081
1160180023
965762185
1167061771
992985324
42698033
1240247868
488756756
266111353
1323173095
37177804
1358902812
358100722
1339168716
1357561580
498136730
601917945
606735138
1391542884
1502686501
1409688163
180085673
1567569330
396041374
1566612524
160480752
42492798
515431540
510015641
1849389307
72343950
65533777
1664666539
252468595
221110729
20191034
477106155
447945913
112981132
64979211
1445956976
24955372
1968297576
1324175449
223442298
1691130469
40221011
2220084701
501080386
2271535697
112813136
1534655556
886561375
920840732
2322516118
28160325
86577305
156582871
2512551217
19606534
2323252143
36055778
281153090
17873227
993417457
83199512
1901126112
394547052
2747436220
40209152
2438328690
17404231
35186651
44854612
1079002777
15872682
1375278470
889671126
215960624
1449532152
35179474
137292619
3218766077
2984160987
2171162291
579757656
48281175
3308278690
406959108
2964687976
47909519
759251
10228272
19450673
20001209
22613875
20432556
36027595
31110822
14224622
28101138
48702842
1708897405
39219035
2425531422
2565241680
1665335594
2272809881
2794967839
2310295012
2743033804
2751164482
1934579060
2601566029
2874973381
904092318
55635030
2846580550
2877083975
1174980612
116711007
2935943441
1156634233
1272109884
2812762495
31076081
2491073516
108856784
2966028785
3014198399
3019778746
54667301
2863302201
473733565
3240377243
1089927732
87398107
3021204093
500094581
2338951187
3067601698
3091250139
3175807619
26467981
250055413
1360217096
3243413495
19965480
26229790
480253925
55516088
114754637
3118980028
560965705
398571085
1557584240
1340224394
469780703
198625434
14304692
31728646
31186850
3226459275
1450680715
20679622
31874937
20934285
17017973
27844742
21524146
21423985
78887628
33538992
356128400
28091155
951333086
368795475
17650380
74539103
33307967
390856590
10451602
30662875
167092490
30714133
14332159
33490695
33885551
436538933
213584571
14237373
406892131
20210193
14114267
529334746
14340921
462782473
1636592070
6626182
1259182224
1491342577
38265914
149084317
19122668
57171225
2514676056
3063290968
1058445638
139220828
137666888
1845809810
505817725
29967293
1551459979
352408058
24575979
51993431
36612877
62574827
75935391
27676023
414334941
2561668698
873200750
38824745
44863614
2841865528
2398597992
2269308555
405609349
14284559
268553359
130122451
1322229337
492189880
379720636
56168815
31206435
725925007
25977779
430511834
357099003
2168560282
506317819
2153125097
718719859
2219254012
2271497008
2428443329
52104623
867841831
811308440
1250038322
2760072968
2391609793
878477161
1412951510
1456563074
1411361972
1457630024
25660561
8490992
2425403594
1660586610
48966732
24046713
413098254
1323104856
42843759
414240484
34725952
811677463
117859085
21698000
214064340
31421204
1382215398
1645239654
66998183
84709356
106769293
17678392
24149604
251523398
31544675
27704856
26527817
14234290
24686706
25966747
17756100
68741204
17957492
62522258
21590690
21752569
23419566
28370132
19928658
217005850
19263240
19067312
30923509
21645552
33832676
19234278
40049680
46869791
31409120
45565440
65924567
197477776
1028945264
238308510
2405130358
32397331
1351487371
243206115
573535964
23574285
22988843
38882731
19901715
199767329
1157965518
1204838809
16388996
217217458
410731663
2228363243
2240680102
819168234
292275486
30076976
603640777
30759351
225341716
20329566
27207896
34599188
18292862
14349636
16718406
44317501
319228928
42042554
142613436
873304134
1178437964
25144335
369395471
21179460
26850290
26837025
61781451
1083987980
14340875
806316966
2894473449
45777152
1245760994
395412159
32360844
198848582
576176230
215286052
456490306
53328253
21383172
348397876
187441247
491297741
48667326
259919091
127057123
20707143
358676812
899800400
1239625908
1194685520
452315950
865404804
145970009
381063195
218711361
594171684
188855653
311626781
23115403
324561205
406563620
18425625
189534312
1112477467
28315929
110373312
147275378
28090915
80124668
333903537
64777319
24913773
22795152
166305397
17987852
38906865
70627064
21775173
103555738
33467543
48713549
14407392
382598137
24250540
358969925
38696507
26344613
818053116
37387091
23576790
392266891
2915663638
24938748
2275508876
510593678
311886739
609414457
2834448795
2481509958
1718204779
44591693
940056397
34889838
38885139
72331393
400057194
619017291
103334908
172896557
14365312
2162502214
14556289
20150850
408085855
2414508957
602201119
91842388
1866754303
584831220
18269360
162000405
451677472
276905731
899461658
608041679
2956716490
233105832
236162205
919701151
30077921
159158744
338049872
2618766415
17471820
32844394
1666011540
930252433
365667066
33920878
483164646
342786967
29251764
376335056
969176935
983400180
14350368
151856844
18381317
31215429
19234771
52785255
313845197
247185936
33892809
35795414
47423946
9695912
20611702
324844301
21846143
82325555
81578629
17230800
43062590
168602524
75271813
1365042698
27834097
41093382
42952731
508819539
1927689973
2282407147
177212337
40633689
86290053
17509243
68942913
14125317
36028993
36423190
40935476
252800692
59083291
126256491
2649089022
31929578
483806093
141999644
330267972
433723302
409522004
2367463763
20140230
24507421
42242680
39473689
33553294
93853992
40855799
66950728
47895003
1519675345
354900905
23747876
32647633
2197701405
19388863
24153920
236763330
507541495
417977566
40936532
86063602
239302245
270823225
895631611
475235481
494404599
374415321
182763866
20336369
75823713
29692369
119102516
119344327
226159916
299517976
83545658
277468786
19975445
45909797
89806212
13360822
247574859
210807672
19609697
82670042
43084246
32341477
81824632
612664952
22488324
1321954501
1089238542
580854381
148642486
87904514
2340174479
151960903
29942355
2228333039
2706176303
494403305
262164620
39966546
14276602
39052549
62523083
69273072
24950478
1108509721
31700411
391066691
34575407
112871323
138376196
22172506
18669139
292863414
33988509
340852718
17137497
381430471
470246996
374067244
478503840
473031101
66095115
1057485816
485686519
478553827
26214264
101727020
64697682
317101757
37665779
14617551
20145056
30873513
500885877
56467191
46688502
27848098
27317182
26722172
193186935
501130241
2916432155
374402229
271045372
1033212776
64247948
1288542684
150762720
95617258
387690833
1425250626
74143933
482971150
91123635
135462216
256502487
157907219
18550977
25346891
31499866
40482226
18988667
30927768
352534464
373890791
28110788
45810524
28092056
58477132
111702288
138689616
125948116
39695456
228845793
30422283
14206252
34601836
36510958
19962340
48302295
37904694
6012852
101758086
20431436
43759969
28726577
88896130
60891099
32352209
28361527
263847903
177177776
92962860
14687587
4384251
19762987
66664753
34229862
36307732
317240118
1382743280
19157451
29273536
33852061
23937836
454191471
34703909
33008891
39974570
108417952
99376470
63266077
81844094
45845636
33497800
21391879
455709392
404354070
22975747
21905404
19529605
23185890
26719515
23320712
2264840661
44344421
20425675
246816735
18760790
279131939
16542861
25313658
214049275
20301193
29928571
28303450
27845999
63451448
461105934
78539685
68939643
38665124
14763346
76585270
64366720
14118604
2284523837
221691737
339174193
61444575
187510623
224623904
402655240
451018761
231770396
2388707402
1379992086
2524842794
152987026
61724625
267403905
17813010
21022281
31141520
34050300
20853361
19901366
29908667
18897831
116697719
19256979
313329050
24426957
63262403
19188289
16813552
41554173
49073990
17685876
86154361
17066475
22014140
42844817
34672923
41337693
22415635
75060420
92489022
115441879
59548897
45565446
20868447
21695947
76292859
16557956
45594856
62266883
23849809
221822662
33236436
18609590
19764533
46081160
34941106
142282484
14997025
18716146
55496543
26719548
226878520
16904159
354516475
226157222
2703809042
116047446
17187058
196073412
526738477
196749708
1928044860
970849496
387145239
1076142313
57452691
17009159
1246515151
34285054
23582636
2637673313
2785253139
133887945
1580066336
24716445
490408480
39818427
2456520529
181130452
2421673931
501703718
1111633388
256502270
128997233
1943665903
376097286
2775016581
1927865851
1254354253
74418848
33160558
275181294
25479373
206640289
871535269
18293645
1966700065
2525872685
34972320
2250607685
2381879184
303022904
14229941
1943687094
90448119
239771649
29431226
243867566
285332860
291943043
20976857
20796069
18714976
85981117
313544851
28075839
1103749050
404115575
1832541522
44872685
968902117
223194178
932876557
94070650
42741077
1976265260
280925842
29659136
555260298
28087473
85158691
484762191
23616999
25389682
27259029
352417987
1093328550
220739751
27124680
1048701121
26231053
209214929
1543095222
38392595
1341698749
459980638
339055436
26488494
2494967118
545270103
426173367
180502535
86489144
1004908974
2789646893
2189813377
333363487
542562676
2752846128
161949387
1376888466
89001799
1928147858
500782715
90602219
31088274
2885987140
119040321
2586939154
2520732320
34562624
17019358
1091408167
31386412
19939667
14759152
247889132
195802870
2941280735
74122848
64773558
1597075770
1657429638
333615239
63145400
419197802
41153818
22379431
792605850
997705760
28103763
1956427393
22302067
245109774
596939346
2955081563
1533365442
49100964
223273141
2929638399
38441080
615476387
381502681
2358783982
2884677480
405562235
467232011
444876076
272351196
2726749962
112204442
633249627
24527837
1967023459
41996071
16432083
358382685
2741907000
1968588162
95640962
2922027033
1581420937
63442375
56342547
2201029617
30179034
408511415
2806199211
1927425751
1927493275
31371709
768179443
23438083
1969626606
271848609
36015085
32095550
469637601
1117800084
2833571661
527572795
40727685
2422064461
2812933888
570196431
1005826836
1282754540
403994099
31364868
76269328
17063226
1328883631
49653494
363352400
1034952626
524332777
2797515855
51870096
1927658340
66694153
2353193428
1929894252
1957036783
1929859879
40220998
75015281
1968966930
127322884
252711672
2760338523
44174373
112714402
857670085
1151183388
420285531
84582108
470951814
466773649
1427511776
1279891849
615832078
92742473
1143360360
1135284774
24523390
87320290
1072034414
861846547
202532066
707927607
2504155315
64528676
526862962
51900256
40196836
199670339
1951425037
36041901
2851192852
105150149
45919516
1948751424
58938916
2586454958
30097577
1968698990
35246361
273945740
70372722
1679295151
1154029164
602854431
506097915
2796620556
49721902
2731566769
89479176
125921544
2724443221
44896803
18213346
1116242629
350770855
32529204
1941421543
90227021
63132954
256511863
93247303
1689012337
1407914971
44222058
1927419475
30953009
218874134
2418978379
2320033684
77958696
408746091
1929605611
53951960
277858465
2637258154
352919344
561819454
25340477
2610640920
122072320
350263365
2561144659
1502769812
930515930
2324240063
