82299300
1243621045266980866
411958406
2307898220
130980745
902529061993447424
202358449
361852315
1382743280
189868631
103097873
50303955
799273353764892672
2980429169
746943120
190741481
787388190
87301012
190551552
96675300
415883818
1271305533346152449
22012460
25551003
22471399
25598396
2657536185
1085413029280468992
218786193
69930722
45798599
103110480
28626462
986930424474632192
87551769
475172955
3198010973
20301193
467397015
54972400
42034180
1037279133603168257
1458351458672431105
4724782641
762813492785209344
2318204315
4886050354
1448974347536932864
3827830753
304331315
21746816
39974570
906294173199937536
19904252
2310502713
1427049876701974531
1430870518601863170
38395013
3067606767
791234620578795520
26546501
106153156
840198864665772032
276675433
40353407
14155907
88846611
2996731568
868532786
294816450
66636747
730408697810145281
472694608
249145137
250722978
1082970229964226561
34987277
488852222
1367741385248563204
1192874565409689602
582070020
23084212
2731071940
1414494862204936196
1346491509131145216
157268853
2423081451
1269984544213655556
845170116283187200
340597481
1340029772299169792
1327651353578057729
21181961
463261755
533259165
583101679
107605737
1394732772
384913290
1769646126
2279424897
479025116
1389970216071876609
517566043
18570068
87818409
1041994430247591936
340418291
1328835121970110472
15721256
189376144
420360441
219268128
264988640
22001093
36440078
20837391
227615659
110326494
821110070
1321935792416149505
1374790515061878790
1618525932
991640464615968768
866957533
19061893
234767230
1294467032
1262344476367958023
2160120023
234126144
1180931490856783875
358732354
44597892
4106204219
908669832
1363081567
462751333
355696940
1367125419712016386
221793449
86104502
14284273
106471967
846252907
1102330688
55551293
315450755
963056736004399106
827799606
76156485
95981793
930897180
820378690920058880
200846651
614459980
34357825
1029568476
2314055840
485065331
47979303
36743910
499336680
256255392
39547629
1349149096909668363
1275457709702348800
232503376
27718077
1362544471
1404916620
992135100828659712
3403299357
50188272
5741722
87954053
16575626
21273874
14302151
822215679726100480
822215673812119553
26231307
822131894540083201
126062842
84734907
1194772072083476480
177306892
35586563
3049768739
248462774
2717254872
2724095695
466870416
415243300
139823781
250492272
2885543426
57039392
455585786
2657037103
1248031293171994630
33599459
59830355
1711446588
116421375
3245197059
2204973203
852262874034647044
340799682
23608172
45335955
942696282
601835295
14790966
30739418
21118184
46338044
57945285
1278344974543749126
469585545
33237600
879771304316071938
1221242033530195970
521747968
957974232268451841
250482344
379916726
2434055114
510667520
91833088
2849941060
38842425
69216392
872156132688711681
1656913327
881222783170228224
872143958847045632
36424664
248884036
22387347
80782055
64385966
2326177498
75898964
763382314629992448
1219278784693768193
55896443
16187815
89887215
126722715
51654515
837715372241399808
2300480005
1332630685
428352489
484293777
248613788
970013578769108997
39155029
1880725393
970207298
29450962
1303614149117841409
714233189653422081
455930040
21052022
4798966816
851423995253719041
104040220
17169320
1116326637556117505
3402615569
1103233672680013824
14694707
113540204
2723308582
340409720
3320048985
36124905
2931393865
54617733
1604931252
1133790162088026112
28099901
1306746179577884674
45565440
4155492063
18554686
1146329871418843136
207677544
792701502699732992
21575737
1268229499331710977
436538933
406892131
1192479630701289472
405113967
1138076821533155328
3298708805
777841678963146752
205302299
187226215
722711599367254016
44134502
170143518
1129029661
19654641
128836256
1129293515459112960
213429981
225265639
603775254
91968833
464621111
46099447
273837244
379387656
78539685
1219233486881554432
902790929786052608
3050515427
574795929
76837768
374176832
1364618574
4490607807
1284633101075980288
226716243
171863699
709643818811957248
910412344529948672
67299508
48733366
1290341902148141056
1214049078
1278412416
216776631
803694179079458816
28068719
1253202549454274561
266101459
116302934
710425811925471232
420459938
441271908
2926002868
751290964212273152
1449069661
731814762644963329
1213128825397100544
37421901
1265971731661029377
398606542
1140009082268659712
145935897
229552128
939091
1107981568331706375
4696552878
62089927
148192924
67755210
976748456
456861006
1428219012
377074061
33654011
158777509
2178744065
95266389
779221488067022848
216605214
882179162655440896
49698134
205864193
43112659
1093741367162036224
36924726
806963350643101696
88001109
3392883071
1268889882275000322
214411666
1628668224
1128950437
958371102669012997
44988185
1192899481945010177
20625292
1281164460460257282
14285164
348489061
55080227
705842950744338432
765549551629524993
2186634046
201725546
1205203935905996800
1264938730126745601
1242335204
20784973
1014260930794967043
4249007838
18895648
229170854
128990079
1216782138869108741
862971444833251329
870715082061168640
2920526530
1143974095
325076723
92665424
627491854
572045609
2810840084
15377058
230997420
9727382
357560558
1060229102
59569015
1909549160
61371461
473488753
1033509171663171585
1001348232
70696732
1213254167780712449
499977571
148529707
65055920
108691306
769201334054707201
18739543
73760208
16973705
734492654755577858
852292913447010305
282665540
53924546
2556656441
14642495
976542720
1202339389252284418
260002463
317239636
369788077
2798087196
49935296
19609697
247574859
19975445
210807672
64452472
59580884
37631582
113158328
2932581963
401888782
876513914
2931171310
16662181
23442357
806140845976129536
47134635
27716826
12266442
1551459979
394830712
785415243954589696
819319988
816993776
1198021188297117696
38411925
3056307455
343773480
467823431
20137622
623668058
356740432
2904201185
347299985
37988104
236485849
227139868
85583894
45808079
104299103
393421515
395283583
1185536299920285698
165798058
17116809
148593548
2576027031
1150395567949930496
17565514
1184537212303630336
355623405
114505454
266747070
77638888
2620470357
217217458
313550838
237341484
540701081
1068842698315055107
491412229
765837220842508288
31013444
149272318
976204906708324353
113002313
881866381586771969
26356989
143035012
28726577
910603252714045445
1332260797
341432090
16095034
809420163711909888
18978610
2874790725
201864200
251596742
828620824294879232
1168167671151628290
81824632
633989117
520670946
14340875
399591808
960775387
90855234
803708791799812098
100349859
263900886
14209530
971830180686782464
990882253
1251040297
2399731020
153375577
25346891
20504947
27688574
342863309
3173028682
2904157011
32780218
18018355
241201438
1431444060
170254080
1060956732984360962
36686040
3247642671
112408379
865419644
850361341823119365
188793260
1257831918
851343914653163520
926914689782738944
387029305
251305517
125181345
707511117417947136
70348108
48104021
2510274104
69583586
30941476
88411679
23320712
217119115
1073548359741394950
490117736
1104887179485081602
76610050
992694432599289856
377823574
854817744188985345
1017168561645740037
732606613878513669
119879630
192036594
1625743140
407634764
798557710321074176
357606935
3339182475
51103171
18696855
30354991
1006419421244678144
216065430
60896067
29979814
491724659
38265914
985472161178640384
3041306164
24321843
425114628
742548835
1174980612
561228467
2825591395
2477017982
815964647950077953
474154291
899739707843727360
61545704
427505253
291277159
461105934
1113329873341353984
397411698
897505907914846209
124265745
4503520823
89233219
403338386
901539204978679808
28361716
495208281
360539655
27438286
36307732
51200901
135820177
1080584229510172678
447425151
2219254012
819330024
247561511
2250607685
866953267
337873901
31379089
16873455
1079769536730140672
1082334352711790593
1079104563280527364
905704241221730304
120897511
246088673
38260259
14118604
873810133591236608
287583301
1458194928
120048506
1052909229365964800
29442313
15808765
88508809
329115426
858120066
1046801047019241474
2771239073
1067873481193414658
873163274396848128
1056940698300223490
516671992
430877049
34922204
520658632
711161627383570432
1507338108
71885961
627421080
15764644
2571142734
3131582381
3384885347
973865870584877056
820289531324690432
815733290955112448
2352660468
44852484
3883482634
125960653
743415198392909824
56081005
1420264670
22025343
567429646
960936882
101727020
62574827
26719548
19529605
703726439821090818
2862321934
2746664091
1019321315126280192
738109530786156544
193611372
98995029
4878621767
338557070
72104061
221399303
131497030
3235929220
76628881
117777690
950792761086828544
18171257
392291731
20751764
282532238
837412258150035457
25380560
308139999
83876527
598376021
804015436979277824
2549031829
28952277
59548897
64148350
465046121
851163226930896896
1033374143461425152
4027925992
735184519263883264
1180187293
774964542421991424
799725923037757440
248962611
435331179
785162070241189888
22129280
23588075
1464466166
20276023
63107218
65045121
40935476
1016391843469254657
849915285482213376
48015157
894840353127362561
1006460059973496832
504549971
28257421
285562795
4151627723
873248383
820705814906339328
855940418
978302457821450244
355591226
30602016
2601204061
24352029
138203134
896366795166187521
1915033663
205315932
626950953
955647765408722945
931590480
730495944
321523435
109374678
38451208
17233550
435854067
18374326
783792992
266734397
719954216933003264
404110448
299916796
547114168
4228842440
1959103621
755113
2256862047
31188656
584831220
2217297815
250316894
76884233
2605255273
16351191
2495103155
992894084
213792079
577249224
269976159
836408868355846145
1144379850
968955060
2836912087
560669277
1858063040
108856784
827392406467141632
82353528
2736841363
430180591
29495546
47601462
4882743003
74131074
1545946591
269948342
426386269
789580
22975747
4416752775
27845109
2718593403
483894276
364761686
549232373
3308599215
471913331
36823
538482752
1316917374
209063319
25144335
19918603
34247120
2410945122
170023589
4881863644
471709113
23593966
40873211
721264538281254912
885444640127823873
226730010
2969845907
40936532
1323104856
6974622
14982804
1423025269
790583835696197633
130764266
510199884
812143688482783232
45055696
1093587966
605289830
338369157
2829964140
253340075
1962174324
1629183464
1580243858
366058034
26979187
1880887316
186404031
1652575946
78525538
137776972
2413463278
794209590
55563816
49720422
4791778277
50604877
19077517
34672923
44344421
112813136
258026952
1205755958
3393787054
341564433
2289382613
3411639460
363041374
937499232
2840329546
815275524
2306042956
37174426
257379193
793799430772228096
330240968
60868457
778494650910769152
2279941701
248328200
87398620
21574473
299887614
355562649
856530146475601921
45919516
32293243
2989169968
2574678631
482948382
268939503
292162091
65025162
28079017
54577364
33013018
839206082614538241
397154388
783210392378085376
3126244486
4755047825
750511978041470977
27187343
56199360
34573200
388445581
812627249446780928
49292743
448901789
21011375
794908118467616768
256881576
1536791610
1093090866
818876014390603776
2891740872
437373893
885594949
337446060
873099116
2898919978
232623507
477714161
33482265
200471333
1965625789
477923742
3385965317
114870265
63145400
808108063
423510239
3120463745
24024466
3302126463
116315409
500753985
17415769
1586216377
2884528372
78237632
196749708
487764211
3578314753
18029265
3543914901
491350825
504391409
761499357153746944
3074819447
57740508
65355186
20666013
242294029
705229656
20755191
92148954
720472307
114216901
1877831
110396781
365604680
87162403
2482248974
720335013
199342782
416186526
63452660
2231267376
3304865002
434998263
4745262625
3041697933
1245069918
92551097
343555306
20362683
1354307419
284761553
402377699
188855653
90610284
93752550
2787881234
230547000
712887339098509312
198269069
2770742737
29404918
726408395067133952
37626533
924061034
489684597
267180999
1665695064
1385638819
91417365
304543204
2603577001
56328067
43062590
2812762495
498274246
223057419
30409527
75130201
212679277
905595618
36041901
48966732
14301229
22898618
80895456
26710373
17298219
2407753855
3297855335
2851279402
104628296
756132612
385822718
4023469463
19337187
1037031822
135209378
130810427
249635137
72513495
773294197
14282840
37677256
20176513
38631842
273632640
98940882
23499901
29938357
26837025
233253956
2185062985
88007277
28987510
21864336
2318639829
1558784197
342400292
14258257
3103330751
2354136677
1348043564
619334218
1715850816
115701616
61375366
176227913
40833884
1174487840
2704238094
1165949142
234926056
206228865
2394338480
16557956
82670042
136392057
1449898968
3165790233
18459365
168670387
2355641268
374657448
2210111755
373009464
19067312
567482884
924331344
2483931236
2934007485
33609198
31087581
2181866944
24857319
55203329
263106678
36160400
3131890839
1573434608
20425675
339055436
397169704
240003465
1450906933
473993305
2744830203
18387289
3004078828
160920285
45514644
34376640
112289234
26787463
1277542093
127871320
365656064
270042948
87640380
20191034
2846965761
34972320
28796677
18186419
1432993051
64995313
13349112
1513811304
206179924
39581053
498868135
241203407
3021160313
236919132
1886301368
2742671437
221009281
2421003619
19734035
497641923
16076032
818053116
20144046
526899928
131251062
961211227
18769714
436592526
199794518
360117574
50826280
1273339802
349872308
592072716
88763417
616307840
62060746
19261863
317034318
24028879
29555359
1901046649
459145115
1546896846
1072133696
1662687974
193975852
334082957
520690173
85913912
2264840661
216883346
339518468
348397876
2417944144
1436372172
27844742
716793699
1166636564
2398597992
20951664
1182216518
552944998
435365924
2158162015
27103334
1347621906
312824194
1129236186
174684579
17600485
483097843
34565275
2311998184
17650380
1442188742
73881145
1403358331
67565293
50633083
82705598
319689201
396749463
966398426
1207421928
30195527
262566926
2270651757
2190749179
1720099086
223194178
30128707
25557388
608305757
50450901
441428798
113129471
66200138
70363243
58786337
1316676050
355651942
201487534
246705115
49881357
1025039617
28324711
84842549
20280065
30343344
482307888
18156966
859518872
53367893
54951973
22915264
40713017
34285054
34032735
17230800
28827724
205858510
601988636
55516088
92962860
17756100
191285139
46213956
14250699
21606758
377270903
831494114
27714681
17183233
1061007776
18716146
55204617
20815597
184488188
351432408
2170988287
15156219
69589522
18627984
458203852
145972665
464202341
841773673
611010814
29697649
23500723
193260702
1233763124
1250006840
873304134
895915988
2156965750
119344327
58424123
16935292
62604083
174794507
36747640
367929127
1730035082
18561093
291291580
1720146853
174418778
204810625
110373654
405138312
199642436
131217007
362360582
986241085
28334899
398613166
14112758
153819759
79285356
1026308156
467487966
199679629
719565183
74386780
18156456
41554173
19067283
29251764
98415101
471180578
293586346
172896557
31700411
618118376
415046991
499245291
20432556
408360989
210561720
272594482
301487007
1329274597
500885877
20003409
102688411
50393960
175348010
1015770294
46348104
188678797
305562078
355455107
52396755
737075138
1710819966
36179458
1384295539
19703293
17066475
34888013
26601441
44872685
386588573
467720558
456030578
1356297846
360056861
117126874
22172506
125412442
1356198602
39887543
966113328
14522537
571566922
424540318
38213979
22044743
404682543
392087915
355490562
46076929
388282456
617157314
958239528
433861040
37416154
1002667627
1468302512
18549724
18485124
152987149
183762983
258110800
224646999
19087563
485052885
14064839
19150945
145313224
113597700
25482639
69273072
39713692
130557513
596809547
745827043
307045519
531628725
1428681511
154640961
791323129
1461942638
153494130
14055301
15532569
74128420
29676819
17137628
938502108
12769722
41846907
173911029
23811362
345399899
52159107
92744029
236891946
17537467
150785505
634593560
42235387
273389548
14291795
1338987937
619855057
1448335645
21332200
66664753
83199512
244980581
91183165
19397785
446505294
56101363
248878361
622833625
1379223859
409965573
130592317
213788651
22671910
32922642
33902887
1408711003
1416465998
412956984
92272771
138336464
218571797
31083760
58257664
92673121
14499829
22019881
385751234
281288090
47317899
532218161
64969939
415679830
85457858
390856590
164691705
171314974
429313316
595441538
306164111
514624175
247721581
544989770
87179667
3416421
25866217
841909200
493317120
19993545
27228540
169660831
255765895
614749062
1177095144
224139959
1357637606
262673494
19078925
41183221
398571085
1183810849
241686118
574366564
422251258
863014345
23480387
41458403
1011775218
514368789
40877768
192536865
226541566
34231784
78099370
389533716
5242
67315906
22674099
29414478
151129739
103555738
34223450
45430410
38163216
28957526
26269762
1164409718
21040811
70301713
28762011
404981052
348116678
85469815
453011089
21688554
331072472
305471683
1178437964
365976605
259349275
209022228
233454416
19836880
503456777
307456888
891754482
191849753
47872711
46869214
307034323
29458191
181414048
74143933
214531763
96008520
30457386
111771920
935551633
273437662
20366788
167592087
1322229337
16063883
555188446
5740092
330251126
621565520
65039753
878650370
731677770
45521539
523323731
1278143166
23115403
224845973
106769293
42843759
18377085
15035484
140880992
39274589
201837124
33033900
702609853
21486695
16626964
429352238
455897848
1229826619
84538257
28165335
427291991
1068011426
55487998
580817301
37215968
1171809967
14288121
115099953
28673266
14279103
886536901
139741172
217856290
195666568
153774742
886491181
246559875
719529744
17685876
49981193
356063063
31499866
791117894
590152667
130125655
25387183
96224067
1144935463
371689396
1057934618
713997967
11374502
20667497
139691068
221691737
14487318
76585270
310440934
533405448
346597913
12609292
36412963
106077757
533613258
142586745
30439759
125851115
34898791
950313240
49771268
49737033
226302013
1053986646
953848772
146587305
539247839
249473400
42205048
598280507
563167783
17183306
27021630
198809288
31737709
72292202
61450363
69835350
39764029
75235509
927211399
322773288
336452593
31543537
173639563
601887041
100708381
74768403
341725644
419751266
53213766
355756622
14417779
202766955
140423271
18304213
243087788
415402097
464610981
483764720
31443715
829503614
16777566
418812531
14581396
289392144
132667784
47974057
255628022
14997025
413804411
567014702
6392972
42385092
18186487
108437200
25255918
19314442
422500531
29035601
211808263
626637603
33467543
525367244
23247176
50105575
19769863
447456649
238945097
62484893
221822662
460137004
143730078
20596281
15769327
11695472
317101757
93925798
465010111
362477091
924375751
709789442
267403905
36378384
14406719
402748599
28535253
236829256
455461367
743060426
49342299
538977624
20431436
495768920
17293897
757035925
138376196
42698033
108077269
82584761
38497695
14172175
18967802
221709767
84582108
38906865
34739687
500782715
121382681
46106058
361434073
497068566
214809052
306713113
529320577
110965325
26022773
33954545
14214281
480680571
175452855
324842841
396618124
71636877
195717009
76883946
193881035
506536523
491563202
850000566
33236436
225554655
39661402
68801651
247488242
246816735
20667905
807095
28427713
14340921
21022281
16343883
19178326
48350211
43528884
276900575
14361155
72399157
140358592
31117053
47795669
578687327
106428909
231014462
113341546
247681084
222351856
451815451
323963171
1442751
44657518
551989183
77204022
251239715
83855918
725381478
23083404
50351218
536070719
19905010
44864672
16813012
24161411
343603532
28769456
108038541
106145926
722336172
44335525
20853361
29023898
86154361
36462680
29716556
121403793
471643436
37509974
624805516
235202649
182972598
31372873
334520234
291909797
324324094
39756646
14998206
34050300
33497800
81844094
20768326
569871743
270931299
7724452
374473407
41337693
31526298
23151437
25139939
101677248
25365536
351103086
26782987
95023423
32673056
55370705
18020127
22834808
20676292
149594522
293769086
248251399
229191205
219255067
454144239
20385093
26761938
49284868
528572561
34296797
114293961
5402612
477672060
38632472
60907043
19917840
35462739
141255641
238378639
37913994
216590383
73366922
355761540
15224867
89566261
36027595
14511951
63129578
60836608
221110729
180864082
250276346
475671755
136184787
32573844
14420387
30628239
64366720
267079765
351772115
62768464
14314495
231388862
14687587
475943569
148642486
78682735
183392045
63938155
519453941
81381193
132255549
193222738
224947053
19977718
65897235
230462682
244983461
66217612
107798309
346023707
14473462
411847231
47606328
309659027
75784227
20907457
352230918
459260206
30829804
20479813
207429462
20001209
22660254
33852061
45565446
6427882
400640849
540290113
22604909
39965455
29178136
94147874
23413873
534637432
19646280
35832132
39219035
123504602
35696091
26977269
310120071
52031167
468749904
107225267
15125585
435707093
10451602
74217252
96846955
353951523
324844301
26200047
352534464
17113249
14274835
19319985
30927768
16017859
40482226
206452431
14379246
17868367
196116347
16432083
38769939
48702842
35587592
436515416
14237373
338651001
19450673
260308246
20223894
474979831
30952976
193207281
513091074
69181624
61724625
190229245
321860938
22011813
22012466
19331958
142282484
247185936
501086052
469334956
21087831
188256896
40117334
21695947
46644261
454191471
122072320
116697719
30662875
33242397
422911172
17471820
35246361
278925644
17099847
51403907
251911513
492095025
19764533
148517828
14114267
513721952
80654005
108893445
477466858
294649387
156390474
21689226
239063731
222209875
15015340
483923486
480253925
352134508
279131939
216299334
112428297
75742264
31121193
110244016
39957337
22475991
248432330
132195390
84028374
482851295
339797002
37007590
187258017
281696823
373639969
123528160
75819926
16542861
28092347
283921103
487683136
120150558
403272223
339454754
336449632
420951546
26229790
83034851
28898050
22613875
17987852
19813523
474169290
473914976
178920668
378188972
37904694
23937836
20170408
17233716
270347787
14360050
47361819
34049755
14243708
48974071
15643020
42187436
13504062
142199485
402983524
36749067
33933259
135105007
29294824
47974276
469329678
462893360
354560773
49073990
133798612
407257501
340106574
249484073
205827204
337919526
299614414
23067509
74418848
7027112
10663172
6592852
46688502
82325555
217610512
67130564
101758086
33307967
84639315
241959982
28101138
5988062
42252465
46746424
63421565
216649163
18462205
63442375
28692401
256974288
122986246
48713549
267619241
4384251
21850674
381502681
18424289
759251
47423946
14125317
156314434
108836623
267868897
231663232
154746213
18897831
125466639
19263240
22014140
78926518
328969940
173785451
23849809
20611702
23436442
18016543
273286866
60752645
38920558
81578629
62522258
19188289
19058681
38745028
381725864
95610464
18760790
356300462
62266883
31386412
18213346
19010580
42844817
29908667
46081160
18609590
302323245
34229862
28110788
45818077
27845999
28148610
60891099
19762987
28303450
22677425
29082795
20868447
70302344
18228898
813286
45594856
20796069
21846143
336005438
48302295
157697895
157714782
22415635
299413847
61481011
9695912
31736549
54869011
34941106
171116358
99062467
55461660
199390239
39966546
23759065
32352209
20763821
266192534
118415180
