72277469
1488497635690430468
36345076
445058051
4896400911
1238583088998830081
122072320
31821927
1495894834200158225
262219168
1173622041112719362
313276525
1464668358
1443328340
1099340343303196673
31397933
199059928
1071784494326263809
88001109
947924373029171200
575129909
946038681781047301
6468612
1676739114
80522478
234849165
571656776
30714133
30919482
50604877
1315608195776352263
765932636804087809
132493478
907517876973834241
338456775
28304157
1437348695662542850
2389682486
60900925
718349821153832960
2376708220
43528884
3688850067
2836954793
361852315
861845192734904320
1325009929560875008
802874467915616257
1443520866457956355
21695321
2425151
893374494915661826
229137304
838111239750447104
1039464996575608833
1352156535510728709
1232317844819341323
29174640
3431530511
42698033
1386973009
616100261
394836017
99708447
14206252
10544862
398150397
1075384824544796672
34573527
19095174
773099576039473152
44148101
405113967
992688838987436032
875498788005310464
77524378
70519726
234132789
833800521601445890
1433036012683513865
1214100672750088192
3075948994
63796828
1351808234
273118166
1359283915740106752
54577364
167344031
1300542107652890626
1395373849626226688
47601462
30881344
1316289968164286464
1386955438139355145
21643721
1389312757019906051
151932372
330262748
27204427
782519418916069376
44174373
738141660840755200
4155492063
4856541173
66333825
77445818
1303412388
164211141
265653022
1225387253066817536
25977779
1394768800340402177
757469286
891389551540936704
613634283
861587157416378368
1122510418545659904
51103171
427734625
244516737
114751780
35185203
70996053
148686363
353612254
1326716731
1364939998051598336
1363952317096218624
484888944
120183536
479853089
14277722
38635103
123669991
1323004896
1350370602591391744
22025343
93963992
52675259
492569862
337332303
243284086
1864857475
3125033591
1136717299090698241
223194178
15644592
3295572742
805735642080702464
49935296
3117728950
331612214
19319985
1325173373505318912
542801995
1286919403
20008618
516671992
1324502145350197254
215742207
31383680
998896452
64025222
83311999
34232680
1181840582169288704
36747640
129788686
619282123
107025988
291277159
2826065163
2784760795
1192785575260119040
45335955
872843568230125572
133201357
819293950292934656
2316777825
955817367807852544
38667363
295361148
1294139700438085632
71885961
67403849
38908382
4114844583
355407054
344852202
30725739
33208145
1195789950802911232
603775254
45811842
2310502713
535661060
2610496040
973846258598236161
252602823
313403883
5912722
1268956203159339011
192965053
136392057
356917904
790606810583560197
974242332911505408
1037705578313932800
102390704
78874906
88508809
1216287369013448705
250327060
63442375
1484436918
2328468611
2388271621
2788007362
35195523
340178584
30691617
2812776498
1246407002361925633
2369854828
2298151468
42494407
1239165219982761985
253684267
151768781
14311109
1717294334
21859231
1230430779752275968
70641452
2157180153
18628277
21853001
289253819
29185555
42741077
1103185636331347969
1135160811847061504
153375577
226647880
33479607
1053317023982411781
365364513
19017906
848978637533708288
202995550
1277542093
76716110
1192479630701289472
24925959
1213603876261122055
27429524
2849941060
2192914376
1143164161
875439319342862336
1206945301203951618
35179474
117436715
4614309443
1206706991084843009
2874173163
3907371563
51997943
2645220702
273638217
19529605
428019591
76543481
1128381103172202496
808483681
615476387
31406520
36627732
517328759
220998706
1125104054881923072
68622845
818833417756413953
4098156209
25485013
258686567
29700872
34032735
3421915379
25159286
1550227267
47423946
160589463
156201907
220739751
32051342
1110902121556267009
2470136607
20582802
23777035
713055550037221376
329999041
19389900
44455957
169201702
225132713
873802741889609728
91208722
519885607
351918692
14286342
122195535
305648891
19775860
56342547
1641482785
400177598
602203032
912566684
199202180
1527864668
1126754966188609536
4771777955
850361341823119365
23040265
487604877
1143540781816434688
1017698544243879936
121053477
70225982
1114191794479276034
75881205
23748315
1032474396307415040
2738545575
9990932
2790094654
265486447
24913773
31404274
886561375
4061406202
2322272361
19180789
1103233672680013824
17113249
1029415540694179841
1215174870
27105229
1017870629041786880
396537406
1519675345
2952084729
1058280689928417280
3291924044
765456692
3433931391
1085200072369938432
2874129025
30739418
130773534
4023469463
50080885
912746546
981668744920535040
21423985
312606326
37417055
170661467
340976159
1070979968551784448
2203375024
33951343
90848755
502930299
53632499
959541821562081281
794677331206041600
269937851
3179621871
114317626
968902117
49385850
1048243078014947330
850418363071377409
19923066
15396365
779709360582889472
838545979
74128420
97878686
847569533166534658
127268367
20427104
1254926328
939818513472114688
507627209
27704856
2601641730
3972584608
70003741
1680901585
125349102
59507684
1106598750
39269172
845034279319015424
47134635
838033909
108856784
21648257
46207429
102603307
391568001
385881449
747839466656645121
1557584240
20223894
839082941036789760
906294173199937536
362702785
398616191
28726577
285458354
2175439143
967169378629378049
1418412102
983631006828777472
320683924
899160286594306048
260257014
830472951942303744
24426957
3395364364
3545517383
972784596420001792
106077757
279131939
473914976
291305246
1143360360
1407727147
34656014
20133778
2658804681
941739217
197381777
423301388
40935476
36423190
34229862
31386412
373890791
31499866
237767804
399984840
434377207
373385726
31387825
2233129128
30352096
1510452512
27126479
16040065
525260372
1181515682
860129059
42827637
60655988
241497197
2540482822
250722978
861694009101516805
357640139
1970966298
889765105566699520
21864336
405098237
898123935358779392
850419497114718212
577921890
844501405574549504
242295188
884929425724321795
40505648
866763934166122501
551738866
875402681589919744
319072924
792605850
113439411
520658632
18714976
28303450
41554173
42844817
33467543
38882731
82325555
217217458
108417952
702993869
556981877
735818080958459904
31393902
2244889431
217605457
864393834226176000
140341270
613270385
285008517
1594409988
404004517
853996495942627329
835576138806267904
843060508030832641
27421084
38643820
850960802710474752
307456888
822837803167969281
20611702
270256082
246058290
241959982
402304753
2777762122
3071929954
846301146255933440
454191471
221822662
17066475
34941106
45594856
46081160
256187060
844546554405011456
840198864665772032
1380474619
307006621
841716041130614785
23320712
839444862453841920
2256218511
63537006
3404082075
4887555507
28864187
40104646
33483219
477964537
833353107555889154
265581656
38125251
829741839569866752
275505184
58569513
624913111
966113328
351650159
479025116
2767905316
116803942
19525286
826883249867722752
1628754889
14277275
3356748921
78058188
23606104
39091525
39974570
1382743280
29273536
803160911120887809
40936532
817503786856054784
1575937554
231007238
3147754931
194234264
76891850
88669457
49937264
364941509
21031962
345608986
816275181811404800
214064340
3611197816
2888591015
301355849
317640263
49388141
233511917
474486207
24154098
32991016
61045071
31528039
54505948
21936101
123045730
46069999
831387980
606466689
724576130745929728
189888665
18554686
34013960
2415971262
951333086
35434494
424524404
734478434
801960695059320832
2185062985
68939643
25144335
800930191187017732
172694845
160867736
490545410
1261748665
29660732
799400927979601920
1329866688
755460007538352128
4712986407
1672943119
18722816
52096970
2590058264
74143933
796625347055931392
759796703079825408
1254410288
21759024
796232562930753536
843153078
544125283
801011654
395593188
2791312172
18916432
117859085
79618933
108728225
792798223584882688
246871490
33013437
44835954
567684174
72814742
153374624
356095156
3026568364
22028192
74217252
14340921
36028993
1172869273
702205622616514560
38638278
41179518
743147939460222976
2796595917
105265572
789212045103263744
2572562148
788028986119057412
786230263122722817
758654460805742592
3297168784
2214166077
17425802
2232837891
33250655
33168455
774322739498913792
19234278
18330543
275013845
338209422
34682083
3044863666
2858769347
36031018
63064871
91352829
20503192
22203756
875052090
260132760
17873227
524665153
58733138
317005919
291291580
30941476
270364084
28139449
772755172032479241
513444604
33667980
768028690714337280
237260418
766620143032135684
2219254012
3367511429
27597729
730299936563200000
27317182
3955643002
754995169217376256
287106547
772116428
4892049405
3107069429
116249881
382105947
169994609
722851555695796224
475024774
754220217895620608
716733812357668864
109314251
46222626
86154361
14940714
3133927481
2874398938
1653771666
62574827
748105278814625792
3855003142
2174442124
53524514
287240039
380849609
269988436
35182104
4384251
1417914529
740250632049807360
971840635
129910759
470931051
1389956760
28067160
795483055
216321863
376747336
733646613554561024
733029904565080064
732912102713765889
732925420723687424
971843630
41323398
727069075541745664
4761847887
724167249678991360
30840835
88411679
341026777
179494089
65962283
370919014
2537682190
21857414
1897331802
206640289
458230551
56753841
38265914
4805015242
416235432
384518775
2814927047
42274437
1407525890
320759507
716604476694601728
3164014775
2240680102
2395935036
2477960565
308941829
56670898
255098163
1359925794
712147509230047232
901596456
707856426094436352
245356839
193554972
384786873
22172506
1491341736
706753130579542016
300732270
4871773635
4564647819
4855274399
999303212
204525639
54917900
4898383558
44736479
405775140
125960653
45155843
2439562192
35793326
40513258
468797801
1734322464
19233357
3401872102
81824632
4783150818
485041702
2546859356
541573832
2829449037
337299890
121420979
75742264
181667058
81578629
3101766245
18850035
193186935
624132342
4658829262
4690323434
4693710505
4283283700
4701433050
419176783
22488324
125512914
2421078626
4396473095
9398682
2901120969
4392459395
995549130
84634624
243206115
224970921
226110539
93247303
4350607059
4302567945
4311363621
443790220
3432555335
4219397507
390613278
866643061
489216178
23849809
3000372784
4228977520
90981134
31343887
394616504
130620310
554522726
2860478169
33916529
199670339
3363188116
4189189936
42936794
3803275533
4182128200
3426901631
428163500
110445334
3667571357
1541746825
15745368
37509434
181104513
465395868
3050882653
65691824
2308295399
901979438
1329887666
4033664603
1720018242
123910381
353916079
4010223477
796539181
1855109353
28361716
22356192
2230541959
1215859159
316767796
48260520
14292527
7723532
617157016
139461217
305518591
3145019607
906828258
1042421124
17027485
30856351
3307039066
269318103
2859122536
214049275
219465351
3360220749
14371351
18601762
274930554
18948340
3803663063
39219035
16432083
859407446
62911603
42712551
37387091
429069192
87815830
2283812033
177177776
3751394415
3736289542
42440281
386803707
963303554
103269565
21281142
316396283
3652529541
943165500
315450755
67299508
467493685
411088649
3487950801
59776079
456198992
1323104856
2851279402
749444851
138428393
333527792
30815928
198625434
140878985
515057552
265887867
955795326
923804467
1403553835
2984160987
3414716703
1196222304
22607271
149038930
3367608383
3405362663
3403879899
72600821
383416034
19297030
213100470
2481509958
187517597
13495752
3393839872
49625246
2785327907
631997313
190741481
3382065802
906612565
2874066235
2728869588
1683175976
390115172
3365889040
26588415
74124890
819168234
3291653266
3298458035
2296217728
493964569
3324719297
2929624263
284693066
2849871316
3333509661
23319109
47909519
311467283
581273253
28315847
1518809059
2379405302
44371573
23344553
501637104
36050996
113129471
1342246146
141909173
5502512
94210419
1182666463
3165790233
445792410
3331382248
2818756895
66769599
2935224424
25683251
276565825
1092583244
97687450
18600068
30284835
3299819585
1022772468
2172016219
51423852
1715615120
47417745
3315197661
3312212662
437573088
3304422117
3039388319
481159934
851705168
21132563
1616771166
889655845
932078730
341079181
38152223
366058034
149955780
3311828278
63145400
95238065
709351958
2823960429
592642689
1089593208
36641730
1646076468
136978037
2810252391
620316614
1722976658
353029255
14455344
251308116
14581620
764884
14118302
196165072
32873744
20262138
22194908
225273059
135413972
87179667
14284402
2408646144
3131126489
246816735
255933118
1327186915
372743288
225677067
1437488456
284025416
39497803
3292780745
2983843448
555402051
19867810
407634764
523532092
39599815
314635115
24746466
845956285
17482669
138028491
22415635
2874790725
404006630
219653856
19099958
3131089659
1252073016
3239323083
821607619
3236927453
43759969
20229175
2605255273
517844607
1071915895
3129970889
831174253
3222329657
47318453
53680033
3217625229
366476962
3102301824
2909886951
430596174
2959706483
2969272017
2637549407
2898411076
2912459194
1957221372
2335623407
947384221
42726077
318366914
989362657
2424327958
1731314083
2711552720
2556694454
14258880
2965057205
25133766
3091250139
3175807619
452173395
137292619
3172533119
36026971
199604190
3165970617
46689383
3156293740
3152746606
3116109856
29151353
3025286602
2571649316
3129867844
134488012
41545547
34672923
3121964457
473993305
3088651517
31382966
2993973969
33623709
372788773
53370531
2987943713
27082826
247262532
390406175
2842869671
31367759
3093079390
3074219745
3090961093
142613436
54453858
3085252219
503061841
3090239500
1422463460
2752655748
14549178
411806483
51431958
82872579
419553326
51200901
320829399
471313337
281707965
34910028
31109467
494384645
805153340
2293082260
749650460
460565286
1382215398
201389374
64247948
70423313
2578624026
44945747
118322302
129228987
3068529610
3050058325
538603797
3043497576
461105934
960826154
2717132723
1495886725
3000760701
64366720
1233109249
268553359
407767968
3031444352
2809313517
175201578
1336518368
2991414646
390115409
612571573
241044193
3030953721
3030833889
44854612
2400327069
280019924
497641923
236909526
78261142
908635753
191066432
410928083
98940882
3022311346
2474528439
1262478278
470253315
89831713
756895303
18558708
3005230869
1272109884
397387856
36077820
2741907000
453303839
3003360297
2842967819
2999898137
2491073516
2999506798
29251764
414026532
36969004
2990565839
2387764183
2966028785
2871238379
527243619
2982343144
2404437771
871535269
1543957268
2973730521
28063563
19265627
562736698
2924816561
2430572302
91366255
622004959
484859147
2651277922
1708326282
347144137
2560618001
1544031523
2923407838
17471820
490037545
2910735633
84538257
2414075550
66946637
25365007
2910588791
18761782
254974982
2902860545
52104623
329355555
2892899405
2892265173
2901879698
43510949
381933812
37578531
75264120
2890443742
19795290
21662383
613526259
29440550
2799482425
2874892630
433570496
2869018421
2867604598
1593256424
628810304
277948221
1322169571
33502071
2405757539
48154045
2737656921
202267572
1365363679
636538987
34037676
28319183
188707980
2856272512
2481899948
328494016
67256912
388934471
1036776163
151005657
1322229337
34580764
106052470
2476826921
464661883
59083291
2287729996
28613524
579229641
87398107
2748646057
878477161
358004737
2169109159
410731663
2754865045
2601566029
2390953504
31512292
26317395
2772728399
2447233702
1404846757
186745026
399670596
474919536
2199321623
1660586610
66693790
223601653
2797298866
920783642
2780032605
2779124649
28315929
1187876382
31413264
40209152
26243189
26501903
54006938
2769354876
363191946
212679945
634775461
1372112275
411767237
21045768
35694406
307602425
628518825
267361758
38016658
2561910709
393213445
19157451
2752792680
237281470
66324040
2742145126
26619367
2560511549
1682946991
2734187360
85085159
2722785782
64385966
266833223
146995998
74995651
379910358
1157993916
31837410
51243315
2717078131
2736148384
2264840661
2637258154
2380386463
2370700912
2238700781
213005872
77318052
57419608
49254467
45817297
33980385
23005113
1934416759
573541310
20982023
739052340
474671469
217546355
514591995
19965480
67676949
856320451
852524497
22646517
14311253
2413425671
455884169
37620393
38653232
28361527
571115235
21746816
2479907017
16815724
552937298
40196836
172697137
246343411
366113519
146415928
2726735272
31388912
19386796
70748705
189292117
165163838
78580245
271045372
275712732
21872414
2672784822
2662465866
2715775289
34859489
14284443
2615899284
26109505
287805833
1316676050
128203234
14118604
2596131606
14292056
28669475
1432993051
1330040112
108114771
1197327204
1258334616
402107322
36067300
22201622
2423517786
33281373
2434054144
139035713
2563933118
2563797570
2563757053
1096143589
55203329
2588145454
2467919665
2546599478
811677463
369395471
2580682589
1632290874
29028389
44317501
159158744
2529768644
2524842794
18689293
1007318888
1962538243
20582401
467225373
402301752
2504014124
320679176
2502054570
2489138732
27437465
90855234
2543226111
2539767473
2485270292
340561551
1374554820
118199336
99515710
195073490
1883701052
873200750
24055535
311974150
27434266
113147061
507192379
2526203854
486346035
110373654
2438664271
612631568
30322601
469748836
1354053799
477923742
21052022
18867533
33647999
41368771
58134601
25129391
133738109
2180608131
2456862944
313317331
272163300
2398597992
513596545
2440006459
6626182
87320290
33609198
2426814174
2433412088
2468900668
255961843
1352497974
2432009508
502680257
2431640408
299269647
98925560
17572399
1723379473
235250814
17816086
2438405739
35209835
1200669452
2443928819
269976159
255004362
273316546
34247309
599496968
365604680
14499304
62328563
33180076
2428650736
864348236
14084472
2400500527
340347716
2400362978
486130483
1317357973
1705451886
915427688
1541130644
2271764906
27692462
622855647
22625405
550085442
252800692
33872705
2155215295
588042692
269216440
1204786310
524292954
44869490
68741204
89382105
113707226
462332236
82683712
832999183
106682777
35890178
1886081911
24365873
1208050135
66681098
56044169
176773900
2356258714
1531227726
2354762346
53290662
38399452
126256491
1316671747
1705809469
197358134
28818351
717255066
2188769658
2149865183
607016620
572964047
501174339
184708683
148384414
105922058
71907650
55487753
40215521
2349353703
35039604
1239945181
414964081
21184213
100185025
823076473
2281810470
2286562543
2273607085
2245688370
2243646841
490650354
183297292
188457981
2297918520
456952283
493423591
2341253739
54849739
764124031
1332182599
2337771695
1531470048
34559946
409882357
67883397
35712999
66780134
731447341
81927608
1614073764
562714668
496952496
21155271
14694707
17867748
1379236308
607790530
45919516
1468302512
2316648406
350855528
36918193
42233416
477122511
37909181
21863942
26615079
376346432
307221598
40340459
50389557
61239779
17804381
494429348
322803264
27716729
47685503
494404599
230547000
2180849438
86290053
2234847363
786683443
18162596
34972320
367182920
1493144496
25171315
2168879532
1371555565
1534655556
1274918438
2287007891
2295724044
1268141162
420249116
497686404
283094942
254558676
112813136
850826532
352534464
446505294
275890328
219093490
608220476
334537188
1722306757
196589278
65407323
2271535697
236327261
386755094
2268279988
1669179024
447096439
501080386
35747305
1923047580
1167061771
855137917
2154945996
2265591029
350815222
49596551
38885139
808423141
1296216487
62528862
2277285888
2277445566
1524949830
2244858886
270861170
188855653
22950063
2258586029
89691947
1617528667
491724659
25599430
549498472
2241103675
2250987658
21030513
238308510
87445839
94098653
2210262016
37678196
2239660577
2197774415
1070829493
2233727015
552051006
629435978
315348541
564527554
2247150326
1966343502
74684938
2181866944
266698643
818053116
34742953
2179628575
91787599
835499540
1894038870
20366512
2209113011
46746424
334714023
123347164
1004649324
18334306
1856659219
111406423
42668098
246846946
32485160
80668551
24520177
101377052
383990161
94577653
493574718
271094740
95877736
82584761
1448422314
23986190
154825798
422871079
89284278
196802368
27062533
76883946
18425625
373272300
629571748
256902793
475216319
1356807554
427757563
2192575233
2192544713
970576430
150718888
2204691624
45371456
1241383956
381064674
20934285
619475949
713275366
97040165
190346749
318977179
1321954501
480396994
414334941
1307267497
1246109150
2181938203
539397380
161617158
1317222319
340312215
903066145
340824499
813385664
57283507
539151350
33988509
2181740474
29679005
1482525636
135913391
2172517161
1593914592
1853778078
14528306
102948919
2176309548
144514524
1873632955
43509768
383876356
41093559
15643631
1896698028
243590192
121260686
58174695
21021122
969176935
28957526
2170274022
2163646778
287762680
772453501
18096145
57039304
1537329056
278875364
875457649
586830623
365983825
234605085
251704812
246798350
333257010
1251464551
1160204432
1262279341
886890420
205632770
29425679
487514660
2163038851
263610232
16542861
26719515
28370132
33307967
277954207
45342108
49774380
38260259
192316660
46338044
48966732
32351939
1272433376
556894727
350954507
44311436
1895005044
34851320
21883718
427688288
2147849144
46445037
368975894
1735495074
1632451148
1882934300
799696837
1390129903
1477996057
1535937890
29942355
191540463
20301193
193017662
197167810
44852484
1974390313
241636550
1267930682
1068300744
29715510
19764533
575252095
339363062
176353126
242094195
1442188742
411791439
34571000
56239802
113583741
188286404
112981132
1233687644
352959005
39325959
1143430981
447945913
64522546
540666746
70622590
890481727
1015770294
108618409
173248262
54541837
471084733
14552909
135820177
517749787
1488840763
326436533
86752890
425271706
1176981954
421034534
193311364
123866150
1933314588
1691130469
510241027
235944246
14340875
107354968
1927997407
477106155
419446071
20191034
194244018
87237306
215950352
850749608
310807988
21022281
29928571
31371709
33008891
33497800
90448119
133887945
135462216
199767329
225341716
573535964
1269692077
161616513
388815555
18897831
965762185
215993689
440741595
14906581
20183521
1567569330
235941182
200097586
1148709864
26818369
14617551
14665509
594632899
472018262
60532178
1914380486
1732375460
261840015
241550513
93914726
39014421
919092211
791617375
827481786
781384722
405006414
453932564
455083400
501175774
506051371
552792380
32361218
883941420
562002661
1109582456
1070562336
962730601
402392623
370577922
340254100
304041005
293980045
274431003
268502346
1226002254
445369444
1219926230
1198773457
1168292084
1158081732
1157409836
1241477510
1238449087
1248291601
1250956718
1256424524
1311851246
1327853858
1330965662
1360686139
1377641300
1372009266
1379222574
1380836160
1390226240
1399711830
1860389064
1691798940
1689249890
1657955719
1591611770
1587759469
1462945333
1447366543
1445144653
223411115
202673570
200843367
196695938
180341900
138656489
125284155
108652403
106090753
95004718
86594664
78330513
76614498
76271637
50404849
46652913
39609162
30692238
21999008
15149743
14114267
205742346
1500371
34231784
38496097
1860429764
63080961
134425466
1871179154
1867716644
21525504
15909154
50127892
486785511
252468595
1664666539
1841764411
16017859
38010448
982442894
31963968
65533777
375728842
14287326
373385662
1831856083
437597332
420464033
22375073
342023170
160472609
98772794
172704183
1618358852
731535960
7475062
316347216
231555125
14543022
415701368
332914784
612664952
1083251401
1544351334
33152235
490173594
204905619
290446845
1625153154
36594701
609454416
391550846
33348473
1696992042
1130556481
340504944
126307605
866832062
14284837
868404072
30827960
520626913
1686160994
355702635
524522331
28160325
601917945
487362197
65019998
1680683574
533441738
343983889
21002140
813442014
467567864
155177727
729117739
20948513
409375859
1513333748
342625257
481197216
1361664696
399552743
29176293
335862361
458203852
536341990
31363486
14287446
500764344
1130940919
1281077874
482277658
1531615836
36148979
1399512638
14894302
170322356
395190335
891966194
615283724
24509661
28104574
29023898
39966546
497959904
27485335
1063099855
1201879783
747853580
1415409306
45673798
33600134
599279253
401613697
21359394
40909365
545333663
1550102761
851734532
19352552
372839416
390636656
567232710
1076489826
1317986892
225065924
119154727
907521774
155947599
449703615
72871879
25660561
103555738
1479612235
359824613
57640484
14879885
1502686501
1241925312
420951546
42376599
844651364
1323063691
437346867
1179044828
1433330100
58243084
1492065098
1238448962
1489004936
345380001
1248306882
18520064
21910259
467281169
1083987980
775777237
190754087
128851650
32149336
397943559
314594834
33259533
1223677776
1346237976
267728434
1009813400
1412455375
25313658
33888220
422251258
85058409
28967984
55530980
1132015334
1468705826
1107372186
35915109
123614426
1464400112
26710373
66320386
33622577
42730936
1432735376
56380373
20778180
479115980
45396246
1195765214
32657414
24512703
599284677
1136461230
1103808170
330544213
898143270
1316642946
519352025
25380681
351432408
6526412
1428284424
404158363
1425128076
1083838586
177180418
53014015
206662493
1354371888
1347617761
934338110
1157965518
67557660
357099003
587301621
68639767
280033520
577472022
1387670600
1384814666
29692369
67021499
14287018
1180328886
1377455324
529261960
239079943
490191091
842533100
489509978
31696775
229266726
249837295
947652200
191088146
207428838
120895262
1198189740
620482271
16648909
47282349
23084253
1224171498
986439680
322756874
704059680
549136948
34355018
463016653
294145954
233511339
25129970
275686656
423470022
1326123536
33038410
953464512
308951608
1320159746
223442298
358804707
102415577
902149578
746003702
1172482784
237524449
114441260
1314174096
1313453989
372765977
10129252
1302099541
1254732104
66998183
38065120
18087674
95603573
1033849844
943437590
304049189
828857814
49759859
1169734638
1005990247
1283065658
44135812
78385212
14291713
125680170
210956559
411667034
49627168
620162885
593900882
185113101
378769742
1196581969
1132357566
14274835
904209356
550012234
1204838809
1261763300
421125838
1144619887
1190182783
1064116837
1183552254
82176038
439981152
206667963
12563782
72577480
133234354
63938155
787022528
115353022
22554996
1032862448
573422261
55535677
624011689
979127107
705762410
1240247868
447321101
45426127
33037709
39364251
31356997
475172955
20425127
1218800472
60889124
364365438
240998240
292484280
1124940020
317101757
1193684618
985149535
1187593033
1184007864
7755862
983400180
44341712
161268222
574038106
583805739
27714681
497068566
84386666
37509974
517303484
231118152
1169632736
1168687333
835192560
160676165
551819324
32589868
899958482
136218318
246438250
843962900
46980253
250255836
263842791
475024685
408302615
1007279654
33830895
274452288
605228189
197770861
381754418
439659746
469358958
478886851
584606570
585922564
617504298
726805327
784651825
858618398
890443051
932098368
427757889
412682557
1111165296
1111777254
864933313
889671126
997767289
1068011426
201653163
104897373
35558776
17898461
21846143
429313316
818264864
48673188
1128229969
51223521
138705679
110699869
1122368197
131280612
440702018
86315076
18797522
17385637
90116669
394216440
20240015
20432556
492264369
934310659
142645436
1101400674
1101070296
579091423
477136192
1091884764
1094628823
125631175
953417047
51812415
853101073
214070632
1082330348
200471333
212191011
464902748
31362430
45565446
1068712484
56787463
400858111
53123462
957099516
923818974
1062034296
360216396
38170986
13286232
496123047
48713549
24523390
1041956742
122009992
196569190
20761720
28122204
611099830
48092872
1022501718
1011190292
14304692
817352918
32516377
125053197
741278527
133205511
72925279
64697682
32827548
737432551
309126789
14502885
494404750
827402958
270565438
53373138
19766460
46099447
522268751
935088348
886993261
901774741
398683442
122057224
174762419
623149189
365333975
953522551
929999521
7027112
583164558
58469412
260870755
399106062
752629765
34888013
847066238
37630948
863530446
921980875
34556256
262545948
204728465
231192284
57029446
278664682
574384331
254063693
349276010
917430428
735780246
68801651
877944056
349834150
18519770
202718355
502801241
839915335
122075638
885539454
876216182
498346983
889943161
38826864
457504774
183356975
409473247
890831756
407734027
68664450
75762710
172059165
486601141
114855886
33472622
27930889
40869450
82564959
32017455
778348986
803185406
789700771
870089880
17650380
868521720
278756498
211101148
863188267
239833417
149969816
46348104
49063460
262164620
524806742
570744394
851114641
15830509
839847986
780421208
807791959
513691739
196116347
325136526
717610795
18671230
15101278
761135604
578890540
782547116
354516475
147326364
836301836
559056641
50587267
44457911
834192014
319228928
22363451
130592317
750006188
825322723
797023778
171438889
573643334
801323118
47053548
813403256
119892321
811213892
756785706
200887969
14407392
622824848
461397230
626413598
792133778
245561503
128845478
14282565
174309380
720668846
603597979
200674457
351518999
20868447
773170507
757808994
95972393
107023340
199286109
534648423
322859833
462440662
25488427
181489951
749883122
40040516
223240722
41833480
36297918
545231723
56202282
732862123
22935909
38232021
135618173
183546751
306916140
310222442
612458528
573609967
527914007
516716467
487749838
487703403
22282690
20696268
276241514
737210712
464821735
37163781
34313765
228360645
22926755
462799987
318638270
244646384
725925007
33303970
714036452
332240367
377937228
95482576
271851846
39687226
621195968
540234530
90439450
286788003
34294019
549900558
461235256
382598137
468401683
273333721
84530473
17233716
84240724
118093322
110861340
297028127
198549401
89172908
375283933
426461658
420280593
248205281
203710059
37903156
52341252
610376976
610620172
607586872
16913083
18899196
36705949
312269694
373310046
157659300
48974071
296765516
209090004
385978534
115643228
419450128
395439921
1037351
22989809
50082777
310820652
63266077
103800477
343500122
53949942
15719232
467328059
600914208
524769168
19330445
304073937
278639784
246492252
581922956
582663428
224946141
48796499
35056248
536070719
416615407
47899409
21248069
310438027
125750601
34342963
594667395
84933396
14749606
17649084
594657588
593893672
17834273
563732826
259355517
232868318
54994960
25280894
138775515
35183264
580284346
218884515
311899610
474970460
372722878
125921544
65392389
62810045
74402051
270893167
117455117
571761546
587523533
33125228
586346119
84709423
522121058
585835303
34430963
19703579
267848594
27462848
121710200
575440255
296993710
420686776
146856971
156929716
370680952
393184021
241490028
21881542
27712483
22857787
293430103
15296375
311886739
25480395
579247309
148586043
49248570
529472395
113882673
560456229
20523971
29515339
32348255
26307045
390719961
400855627
88254519
575710124
236940912
60125471
579165871
427197778
56076492
55084049
17742015
569337196
23651070
19970064
533552084
436060578
563086345
504834362
287340563
74539103
372973885
33480619
343611091
332746072
26101019
495004140
470155579
68516106
86492466
4996341
567213394
426486458
30505656
487868833
500754575
556873478
556402556
553010736
111704194
101861388
29036391
24119198
28753761
104809801
414693833
330203100
62982116
38828305
230462682
187974361
299299579
239114969
23830152
187826540
263148226
488414150
20986052
301909979
295338846
61230562
419788091
525282692
488834363
326421518
49073990
554888604
554796812
545394515
108378133
556961638
554607287
254627616
38451208
87080308
539048004
399912856
549915312
495471613
26207988
418827505
551466244
553050606
552934511
552312231
552634786
340587515
458605364
542539500
374402229
28321646
459222092
25271738
502167485
553476743
548020333
548697388
548790462
24694916
548006761
520329893
14285164
19183305
543296794
520393138
505714971
134221985
148117137
106367656
153164011
169662017
548550490
548348585
547596225
243107115
42042554
536666491
416250839
24458702
503456777
472830379
97665784
241973224
523000316
35067421
396618124
328445838
331290171
533613258
74975793
455724495
535358160
189223390
26718209
385283285
516653023
25974063
449680649
197085820
133798612
49720422
151172456
73081392
36189150
448776033
532759452
533625786
339960571
531528300
483817578
509075452
28886780
40665151
14291217
524216210
65345246
495901462
47725207
497732501
39488289
366899672
385406348
125133349
21253940
215944848
292904816
224394651
428345801
516820705
29471954
48642439
378471208
522053089
31498215
507607913
424903704
465818212
515781132
85403705
390687348
374098142
24965960
21575813
85529693
103857510
64441266
369360878
44959207
509012063
459135699
26507844
465770552
267180999
423529805
259719962
467545341
498256238
478553827
486034697
31073556
139444305
93847093
376250574
489619834
416615634
497307665
384744378
23574285
31728646
66204249
15820505
24886897
393001171
141151239
104757053
33892809
93703944
71669304
491707285
487537962
50303955
45829379
39461933
271575289
96748114
25416669
491192911
33459600
466342611
65142510
481132648
149253205
46098040
462026507
26066874
23582217
19078925
242753813
488360980
33199765
487349803
25482639
421072118
14287243
31070011
17375848
484115785
32844394
28411381
70965730
481983784
370343979
259692678
34222173
267403905
477643223
194976168
28142174
474833009
90264586
466268040
211108719
474819138
389504562
18387289
12592762
461516580
326163949
80895456
448764189
425752806
85641352
30175886
254446668
250086964
428100930
460632603
28821502
354327403
458559426
206414062
466480581
83840726
52676786
266111353
258435847
116715920
174477955
29676058
132506283
62339137
259924515
236860765
53180552
63836368
195412248
14610776
224038069
67707084
353576703
38171057
32375193
177545393
202607099
121403793
293950169
22543157
313242570
255146067
209118352
65460298
35943458
78099370
29086657
42826539
373330234
51233047
193744015
405510364
127074628
389973334
48384353
415679830
277446833
437045359
23236589
390856590
43866860
187142414
381974256
21092382
288937275
153519670
203864281
14691598
457862188
346478085
290432431
20918433
373277541
386523073
172054878
442986689
38646590
14434034
453322708
400864184
339389409
25650703
450625251
179095317
54203492
453758064
168817564
452937710
452230922
212524072
142199485
196749708
438211045
20498218
148686961
424459854
423784667
22907043
419437291
352538632
385590527
438477156
228021266
36092118
273575122
252274010
26761938
19556426
417823326
423307809
60692013
157407388
28305913
382134836
189183679
336068640
384650794
19021419
210514687
18582832
425191888
432972836
354917016
411847231
389443937
429844913
16706069
406584504
373454693
396838280
392176734
17973604
32889596
60344010
19712127
17120510
429434650
353803829
321025493
410079828
15230966
239602772
47602230
218863631
214845100
72504988
307045355
309674016
34334830
278194962
27603445
60752645
374520711
55541718
65306306
252485177
31301963
397461842
384241739
39711911
105890449
360214589
345672166
77010284
323196685
60983
221067317
348420926
285838961
351457800
36172605
388976410
304936999
311006957
361080113
32816797
307306463
87644742
271524744
337605543
268327245
368866718
273145761
52021374
41428699
374857956
138191751
68728570
261409790
75823713
312239189
259523529
295695463
203860074
340852009
306462977
140476432
340333654
338991004
299024743
275145398
370573879
221669740
68407528
61644844
355611724
27835924
186852309
227835153
15629229
89767169
340493531
251366850
176398071
347833631
251014649
369702313
48026985
77710385
389035381
212898959
314756471
278075196
305027272
363769853
169184310
117456179
314046431
366726847
280786004
304556077
18769714
385682421
378854330
306977166
34247120
330265552
313470195
69387114
267902591
14996840
92486867
304615761
346483428
289387558
64777319
85666077
398244288
123230788
14385713
283970586
90754037
312853329
31512845
166500265
262071350
282937493
382618508
312880013
22988843
308087851
72228773
136547434
185122608
270513766
135917823
364053772
30261037
40741844
373646551
109258047
18443986
246177161
351772115
296426733
354508292
386141583
98887187
57902696
33160558
27394509
41325597
26721556
310563827
44316900
345616203
238315982
161072088
400406349
18016543
23250443
368333024
38432365
390128746
49738893
19584332
276905731
166232365
343912575
47073928
365931694
277482902
68026155
341392631
31822122
313185103
340408474
28872687
29691032
370635429
30703605
90818945
18046947
76706618
14584834
266747070
34002998
124427238
349672556
80109709
368897628
363141876
206452431
329144374
305476976
155829790
234100103
110667450
377949145
235284658
25352133
347784135
305242092
19622120
221064860
81603794
22273337
81381193
62522258
374387515
252175696
354331919
77991657
141709158
26470805
142093182
221514301
19119226
232821385
18724292
22379431
17681916
55310257
18609590
27501524
353743680
337652975
104476133
140392065
14368182
20366788
139352004
28610772
66217612
79990120
29800686
228228134
125097760
332196861
61215679
138689616
15785068
34925672
27038885
26260124
102054782
35741459
36624824
282706513
35454981
40722651
18694376
32482854
113040300
27501700
202820581
30943547
155976053
21391301
27605155
144543938
20715534
171644420
54631326
26885200
14291842
96732356
20542429
76602809
149635338
34703909
305596173
214617125
28542010
72832208
32660698
15126867
68458471
34285054
338356313
300846427
301240549
16824146
41112318
333903537
14723606
220003304
319774555
43698933
273091632
59179977
67268011
16487288
108014618
73469705
37068140
308373366
288703550
44983912
57932072
193608213
38842425
35888541
196072121
85458166
40116773
18274363
295880911
287161866
56478933
58445078
25081726
46197828
18043746
221480346
15097773
21905404
82342148
46150040
138174242
33633297
22677425
24169740
47301143
30287258
120558078
176098563
26558617
218625731
29473801
26260584
173855931
32852607
28973543
55267267
82154425
115497676
54650337
167764036
172880689
249771926
107401143
28801448
69606890
6307402
37176967
29486083
96809747
49609328
45918672
25265834
11193982
73565651
9695912
146816184
24774111
55390614
46104584
40230390
56202063
85773561
40877768
63418858
154839038
14138142
14378181
65343938
24567490
159787307
64818133
31433544
65638654
62843315
15803870
52369986
164275497
13842672
31090806
23967652
24144508
131517603
67916847
42843759
38694561
21245040
144101019
28202958
40702282
20414217
68141357
95374469
27719464
37295504
35296201
96836670
191690661
274402237
28538091
50619913
31097949
26576170
73341141
19611943
17673981
50455954
277623015
14619233
54167523
239561620
24214229
37760410
49072458
61442141
189816640
37195528
211805123
159867867
160911654
195658623
219973094
57578406
82311233
59569015
90615865
19584440
90377117
92948821
74719076
77178853
77157560
72079243
71029886
70200740
69540011
211889151
172104970
162997856
219268128
218998440
199267834
67110038
62916317
92276513
193322440
51396155
20927518
217042504
146390348
82845533
79736476
76279326
220402696
226176650
228078595
232485920
236092134
238329376
248580904
250298480
157616270
19841704
17820927
31662242
82508313
135097529
242710578
41787407
29954795
193207281
14305956
14314797
65897241
173610713
72513317
113283167
34708369
63556295
29000770
81353270
67561016
237781500
45810524
88008789
265374659
64935970
65628806
136937854
226896708
58468962
256911265
39233845
62806811
113308435
176073506
239484275
135153110
24951032
140524094
18120961
124864577
20044495
114462273
100195753
27845109
28828199
70901955
18969753
40536836
70511279
228171554
203675015
30916270
199405923
59263182
18519026
14091525
256665194
108415801
18503146
104902565
117049080
135615128
85332603
54207646
201923479
184722739
33190359
28194566
214908555
188210931
54890109
33512281
19488743
61250638
75224818
209171485
19611964
280921742
23084212
55787702
36028692
41782561
31419003
37788958
268450658
86767476
31394950
11196542
257549831
35444091
14417779
23616999
198809288
269882924
258848660
46076684
85402334
18283403
27844742
44333057
234145799
140350532
24509011
36378384
49746926
31362865
17895868
68107468
193259220
14277840
42640689
23436442
121148176
42586108
33006109
210526095
71530314
45144731
249262359
144622386
148861685
180704610
11372152
154460451
14282840
61824099
151044755
47278382
92365309
255219386
26782987
71354290
98576755
21822987
18328973
209753539
179630666
35520589
202109075
81456815
109293948
179546084
54654320
20368972
13867582
89200550
202597933
201690715
39280929
15857285
71074616
33538992
25477368
40945997
15027785
33464295
43164020
52386128
28658570
65691135
33885551
809141
31461297
14567968
99347701
209022228
19145380
155829739
13241742
23777183
46857953
20586215
44406989
4985141
17892926
23661457
35067530
41797012
77795018
81912890
72646054
74524570
20984741
17527559
19583956
71040650
80532257
28411908
14154562
93852440
37677256
104117760
34639127
47965074
59169106
76450358
114226283
18975916
71840293
185343614
19064744
24575979
80514185
65368576
160628394
186860597
136029854
191538030
25346891
100955767
65638856
26214264
40635374
28065624
24950478
197168699
19769863
92043674
29406632
201686963
217593876
25290690
19450673
219267576
18627984
54024269
42703204
39965455
18381317
19061712
23582636
19659689
38163216
28063775
180511678
217530764
69572930
236108456
14349636
31093241
41500247
32352556
108945668
31096592
33477915
58224806
241425428
28825205
209120689
91894424
112428297
15736172
47582349
38154652
47591044
172856017
28087473
14346495
12061802
33014687
66796168
41793828
29676819
15351215
69361035
243169008
190207865
161381301
76744123
17335237
54169966
7724452
31119394
14287517
65586084
230535238
237330688
195516360
20936956
151856844
70987513
25344165
148412979
18228374
28806730
195082698
244132211
185302516
44710412
107762215
251397356
222546573
20001754
42045125
27840993
198822542
62656796
49160377
63262403
86025796
135568131
17096233
211794894
60896067
151869341
15872682
21862201
8490992
22604909
223595237
221000907
46604765
14420331
18455138
213787697
20547696
235203733
20382790
47938526
79163086
18428772
29170587
193199064
235743135
118068841
28305009
235145810
25289729
80515718
116904468
62981377
28822089
122011829
31687026
19361192
44207761
114695393
151628084
40203852
227674045
181506556
226690970
132255549
36307732
204478853
69396214
139711581
19293899
30342038
90929317
11940332
83200416
17838265
204244400
29139694
138134771
35714927
216357534
28309911
38745028
12471892
156390474
69227108
191836749
30439759
36179458
6592852
18669139
189051125
73717029
215358441
28403119
19395636
20508432
151383725
32961236
23418810
33562987
190417250
15895694
86263895
208507477
72504914
10595272
16904159
30955482
14473462
30873513
183195957
16418188
103833985
203496736
35458020
68413635
2168851
24046713
112871323
132928477
187445198
25380560
89962226
14310995
13828192
18760790
72109328
188256896
138376196
28610650
35162704
20374992
19164520
14270218
19766036
26475832
31410553
33519898
18561093
21863377
18459365
26198739
17908462
35678091
24866516
15100833
32352209
15233127
108389674
155826882
19758906
115441879
14659667
19018815
19143048
45878805
31736692
14679772
66172890
15875568
38653195
29659136
14276602
18670845
20210193
19233252
44646979
14763346
19784844
141915752
61275784
62266883
26526361
92962860
60683857
148391437
20176513
18475198
55318607
77270870
174834162
62873470
149247314
86753464
101727020
80886954
125924658
21290360
69003315
20145056
91527367
129085358
33852061
54527954
32542763
43525582
65311207
23244604
31110822
24854538
76588499
119753058
16408059
14361990
48027807
25509741
17410198
53213766
14452323
75033041
157907219
21942750
110773720
117096298
44389497
60062654
76292859
82331901
42940431
25262480
106774695
23104499
125065949
102616697
141862259
10451602
136250468
19975445
18970504
19256979
39743376
101758086
55496543
27707673
96993423
10884832
78596503
41646831
34891481
38870922
148831635
60403227
68674728
24250540
21391879
21440126
53911325
13067602
80542515
82429016
55537558
19583545
26076279
36320548
33542102
28311154
20279163
19646280
29908667
30842514
28323152
14395000
17099847
14353621
38628986
14196264
54994171
20989035
83917825
115355200
107971072
17745191
104856564
70370760
81806272
95394481
34050300
92379366
80833156
79448511
46641481
29037709
20039505
76048394
71220362
24739813
31372873
38863451
14669645
63452516
72827565
55627827
35739895
75115296
14420376
14365312
33506248
65346150
55981002
67900711
23503272
14830189
28593450
57014980
23115403
31206435
18186419
36510958
66793968
40520712
43942915
63084248
19017582
37189736
21393770
45890871
28539669
28103090
16698195
22361149
44478488
66664753
42709793
18606871
14165335
22121419
18531868
65019935
28848504
22601452
29189866
18508363
40012741
13220602
39757730
16104345
20415660
38643660
765270
16804282
16737801
25966747
62231609
17877056
22920732
26719548
17187058
31814816
41337693
44872685
24955372
19077517
66456903
15447199
34601836
22913112
20969268
28631172
34015750
18136767
14908347
18869697
14225413
21288315
28533825
33236436
52504966
24680416
24152177
25304698
37903343
39764029
44577324
32341477
20796069
28085805
21695947
29226551
5985642
16718406
13768302
6417362
14490887
18293202
47448389
18716146
20667905
14997025
16557956
19125743
646163
18332222
65588447
22014140
27325795
14687162
30872351
19188289
24010664
28094274
28093496
19962340
45845636
19067312
31399492
10909692
27207920
18851640
58938916
36006119
21864337
45565440
26743324
26213132
38903262
19232803
58469518
54530632
17960297
36029584
17188157
47607262
18377085
14532064
25051303
63132666
10390382
14284273
61781451
16777566
46940056
17987852
26515744
57650869
23480387
31432141
31093617
47921019
18897215
41088499
29734180
40627905
45416867
43584730
41119959
41785808
31976183
35250069
48302295
44098080
14615934
18630876
18264009
20055298
25803631
20195297
32350318
33913146
18293645
36310443
21904772
23215008
28788471
14266448
28917815
31371308
39726707
37665779
39695456
23577192
19708641
39973171
44371319
44726549
44896803
49959486
36048581
5991322
35894125
37630783
40463751
34672797
14284305
44987423
56530275
54945344
14912551
56980786
37876601
21588799
50270386
28189211
14157785
44219858
60084776
20659166
28584427
23458354
15894774
18435641
22481584
32397331
37231899
33828724
20679951
40281503
59827474
63129578
14978302
40090446
14330330
27834369
28126780
39489937
6012852
46093096
64742113
38822086
20586070
7823022
20585062
26974318
28364125
20311299
17038109
31392983
29406060
26468478
14288116
6145432
14343251
16276033
20133345
31368001
20133350
32153268
34221056
61724625
60946469
32961333
48382350
40025776
39442600
60540946
52670928
38769939
59548897
34016350
58741208
58746683
21868185
58477132
19067283
17687363
19901366
34673321
53245542
54163361
53032573
47974057
29447324
24531620
26229790
14687587
14435045
17813010
32845123
36059230
30201647
29028155
34898791
14287712
32535843
