871711593154981889
1492117480755576833
20366743
84083187
63425851
1339898366
454099919
40070270
415701368
72346274
362429683
28594152
1016447261990096896
1362663147836997644
28328873
1096055512955793408
1389970216071876609
799273353764892672
386467121
60655988
15396365
1374790515061878790
62092544
47476554
1227584794210467841
1094892666318438401
401775393
1173967027096170496
36038368
2386368674
916532336
44174373
293454038
902529061993447424
49774380
3402488433
951292596
135294661
2548131272
1241383956
927211184
3119889670
2596512356
776684388037820416
21393069
19509064
1657014960
20696268
1655512332
1347109550
91394261
316006432
182777714
2425244766
103280252
784026149374554112
2775779241
802514070
175357776
1129112765912834049
23418810
26278467
14196264
14624348
253000804
154852059
21074699
148831635
1354354296
1108866536
2560618001
729044071856144385
2752846128
855470565007687680
2590058264
1239921716589182978
1294248670993547264
1347161955384111105
117347588
37876601
120048506
60176652
271538326
297100174
24044383
866100841
462751333
1364939998051598336
1243621045266980866
65460298
603775254
32149336
1232317844819341323
137801939
54972400
212679945
156930528
4023822982
29182651
4490607807
43528884
106471967
859576393
804597968
227241501
138035990
2645220702
1063172008597487622
76884233
510968482
475024774
88001109
41821987
2223803439
34624176
36345076
243284086
65804220
4876636583
1308115690335932422
20582802
818910970567344128
161044052
19351485
31379089
340420742
248884036
31690214
722147376
184860130
918169628
259395895
71294756
108617810
30043495
16013245
521747968
47298919
1314595788417310725
1125686619745472515
463765807
16955870
2303751216
1201786712227233792
3345794651
61152092
1543192765
860555190
39000115
61734492
86129724
80617430
79743108
50325797
89820928
18678924
13524182
18622869
1285389710
793593704
21936101
737073685
327881602
1041671056790970368
790207525278846976
48190435
30322601
970393434824626182
2716500758
1566612524
35209835
1897331802
1127878893128572928
272477014
6255352
177518868
1275457709702348800
427734625
987334723
304651235
36006119
29982942
1241377124
369379471
2958970431
814147065055952897
94721506
296741514
224968087
1205226529455632385
273837244
21728303
3769956562
502930299
33638176
467704840
68757451
614295077
455781519
234078530
192889718
2717130846
2545609297
936526525129740288
2549439300
40936532
776212818
183552184
34896383
150717602
2427304238
2766336177
1256490885056954368
704386349562994688
882236629733318657
30003893
102399414
3086692949
806963350643101696
69181624
14419874
547694915
32344564
18314753
42698033
34243437
15022190
17618170
947924373029171200
33479607
949934436
40302336
435331179
31013444
942156122
21059255
29501253
357606935
30354991
15764644
17494010
821784477076750338
606227271
137776972
221812405
2519939785
45430410
790836905625747456
575722052
1388950861
1277501492
25896607
2939438433
520670946
18557271
824160598103588871
1056639852748460032
477672060
4155492063
707511117417947136
1217054578220380160
746462707881230337
1959103621
2438169080
2157180153
21212087
398660979
1006419421244678144
986599884341080066
41325780
757210394511433729
1033374143461425152
939818513472114688
359599520
409073096
3408344206
66700763
1299671238
77808402
344625593
945356473
15082241
12876222
28145052
2773791192
14834340
17004618
934174143939055617
45768931
897354157
1639530362
38635618
3071162052
1326716731
18043746
580788304
1105488667462848514
65611875
282665540
262164620
1151543200303255555
106094793
2884642541
777803756410929152
621906591
85878284
2765289459
3750663497
608112259
89233219
29676207
1164065309772451840
2225523249
2317558679
223839730
579295585
191754155
36038441
32051342
281877818
912307445753622528
2253805046
42857121
740853100051845120
228791637
258379696
80668551
44455957
19261863
742548835
64522546
1233319578
320683924
33273545
194101689
4892831177
798573830084194304
4831070549
91994790
199059928
46359538
437373893
912748309
36627732
65306306
405113967
208240682
26231307
395414931
481881652
477990395
127074628
1029415540694179841
3515220803
125950855
1034504223445139456
961333703896174593
45364839
402952461
4023469463
623560628
479025116
47909519
4791778277
367426684
1617493670
40116885
471837649
28257421
277409752
563220669
32539537
838111239750447104
35019895
417796510
295361148
915124547996839936
248625888
9990932
46099746
6437312
28885223
87237306
108618409
63175736
3323258122
393387610
394616504
1940475312
303325981
61824099
712971595116060672
3217013621
2410945122
14763346
14224622
14237373
54577364
268422844
234356944
83706116
23330998
850361341823119365
22471399
475172955
219962320
19387302
72880522
462893360
239117320
50954442
269951402
499589950
467232011
947115811080163328
905396609000894464
577249224
78890225
56125230
30236460
2770742737
510850441
24575979
19117046
4871860577
38496097
266698643
1551459979
44852484
78882714
981668744920535040
39602599
816993776
732346982
1051396218
758388160699269120
157107324
1078693601356509184
2430383642
2764238603
310626575
61045071
862125384
968814625142837248
483813507
510164923
287240039
434203999
19392024
519885607
236827326
87551769
941293032959303680
386464156
2352881997
223477144
95004718
409218877
23413801
2179102812
450438608
488352093
207003199
560965705
536316090
728743549
480794842
932603165781962753
513091074
14124318
19180789
19297030
89484734
22363451
19099958
67557660
474816244
23748315
46207429
31101982
22025343
429313316
3910871319
16017859
489716972
171697811
22159078
1076142313
280183942
286750097
422628082
834081571493785600
478553827
16904159
873810133591236608
72128493
1039574537002737665
74539103
340976159
15787917
98210156
440209308
1859727049
418827505
213585647
2481844412
488379631
1027089463648944128
507224274
223406872
112674261
35029019
553767590
2921596305
14606990
141177073
40196836
17575371
471709113
361434073
140535346
49986034
782806500
16893929
14552725
527071710
19186003
407013776
64916983
237477771
309822757
2598231787
1450680715
818927131883356161
37685197
492189880
26978944
45890946
18425625
2849941060
624011689
89399185
416186526
21188740
1180331610
492467174
462246830
1352477990
1089440538
2231464708
206758971
97635702
196116347
34605396
56331217
18186619
306164111
4164154396
126713561
2231905217
453831934
3899080816
1505344940
3169477145
220830660
41098406
208996041
78874095
27443383
591324048
146139473
217794998
18973501
42067731
3021350613
983562338
46070605
424277262
516773751
1273429825
1244647170
588174156
40966965
553338226
852852697
1336465747
470078454
1347617982
71250210
107141161
369360878
383306491
899483166
865127763489042432
33013018
3292907411
1866997843
746943120
330544213
18988667
218063694
1241396178
897579013
2860581538
239921383
19263926
33310582
3972584608
14872160
1496305862
27714681
18029265
607016620
80887146
92524988
123327472
38936142
33919343
59331128
22771961
244655353
93069110
565418442
138203134
20583062
626950953
18374326
973788247
10112552
72863760
67043953
2383400996
38483841
462315226
42984003
190551552
70423313
18554686
19546211
404004517
229640435
18611983
48382350
2183551648
513584555
470233975
19119226
1395635348
256625759
1354174824
1867384039
439935405
1581815641
21739800
1635509527
17776788
37633590
19394188
15007149
191572021
72720525
198625434
27918792
31405598
29515339
36747640
3907371563
63107218
339055436
844476414107815936
969372752540037122
1359454981
467540156
85161201
820354372827758592
155784594
20744708
804015436979277824
174110843
459090524
10081112
2738545575
13261352
1356297846
250722978
851714244026544129
32838045
83611277
1119089342
965266179836252161
2279424897
202086424
106993247
800765605
375146901
44706837
117029568
725925007
51200901
921659648
36113599
705850200473010178
2240680102
225341716
243206115
2412604330
3172358831
1855109353
23117374
2492917412
717271874313592833
840618056678293504
19968025
3290111
45519320
4815811127
2270651757
473336187
503245246
14285785
26208557
50123331
1858063040
23185890
31101381
1219309794
40713017
367259775
18672768
5854882
17079400
23211282
61781451
430180591
218884515
23745898
626030756
1138355514
3421915379
105897061
2969760609
47409343
32816797
14282840
14859175
20229175
41457314
21023618
21695321
219093490
20150850
3076779896
45550140
245306197
4876338963
454097455
828764510
385881449
2219254012
217005850
19928658
17957492
26243948
46626720
198549401
72245600
402377699
26588415
51403907
29938357
4207961
2922928743
130496027
816869611480186880
1436372172
59010637
18686907
21643721
37668782
26725154
2393065776
873592891
151856844
32129282
14461373
18630272
25105806
8137882
17590338
18381317
19234771
33832676
84709356
136218318
172697137
17678392
52785255
26604036
17780015
291277159
410768337
1362544471
38632472
26207988
36020304
14226613
464692952
85058409
433746320
267915933
4353260675
2487283643
2996731568
333903537
22012466
20433173
19233252
25726310
56328067
23500723
34231784
2326177498
40102973
37739375
78826304
29328279
136607906
248796487
2718634211
23115403
28957526
3989040940
272972391
219304959
2754777701
45810524
14340875
401613697
34888013
25346891
60896067
21759024
388815555
3607055015
1340224394
356063063
1450893258
78326026
745250330
210516754
97201069
19917840
367908449
968902117
152945375
136184787
1320925746
1667707238
1239366985
3059854384
101773656
125982552
66685540
81801121
334599876
608276724
77168079
78926518
19977718
36378384
1356910440
233580495
82465557
4023556457
14830189
214809052
248772914
115044695
1193109097
183225266
361855290
31097949
2868525504
36330373
31368630
462208067
4000589427
517566043
306383187
541522566
14257199
14242271
41908037
249633429
1346784234
2412633051
312882833
2298151468
819381774
875262109
40505648
170023589
414334941
29273536
73862642
46366799
377427650
817554637
103687880
524665153
21890520
472800956
26719515
856530146475601921
1207665110
2230683635
111998056
57916104
26710373
402173391
1519675345
30759351
23320712
385361442
30183766
524326247
53367893
17063662
102390704
161616513
485443391
1329038221
20679622
32397331
314556210
979213423
919160532
20676292
374402229
14559745
193611372
88008243
917421961
42494407
2991119034
45188682
37630783
1670204485
1332194846
11193982
2404437771
31109467
3032227353
2974695761
293651576
505817725
2863714984
403973682
454799703
48154045
428854213
37267532
38421714
378433833
1329866688
25295208
2276554473
3036386950
17060015
195419597
960727483
37633922
272339822
2196228910
3458195901
2895183699
920783642
2888080161
114040486
15687090
460042429
3092331173
207643011
161295446
1061482676
2741162614
3908996909
520329893
735764197380759552
469141441
271367322
33659151
24250540
85822252
122318779
227013679
1305778674
172694845
350813063
872533308
23104499
17648646
38693061
26798240
18435641
27692462
277496292
398606542
2873711309
97883743
131969061
744702211
20627309
38135837
57064417
356740432
740526594
27113674
40322305
726408395067133952
17471820
94526950
2893511188
32873744
181912222
624650855
750511978041470977
706537314869239808
14998206
56442937
330267303
47453114
54917900
219416031
344327156
45155843
542059826
19389900
287805833
1535937890
15230966
26719548
18293645
55496543
29928571
23608172
170661467
57832321
28115335
24578794
309559389
872837084926627843
307456888
22608582
4814721328
895220270
1106598750
61735082
732912102713765889
871466086293794817
4048152814
222474759
14499829
292484280
35186651
966057043
1976143068
15884905
19078925
36124905
778923952253112321
3609098973
3172673691
1388964392
90354449
4051771701
14125317
34050300
17987852
3415116190
52104623
1972165123
35880536
185826451
840198864665772032
748561212804300800
103097873
191088146
869606803
17404231
32095550
272457158
36352388
307353084
234698659
105265572
466519303
873304134
96861734
235941182
409486555
804678572870930432
138134771
3334377035
807095
372839416
620571475
52136185
216881337
15745368
471672239
4860864794
260308246
247574859
1880776908
4854089992
31371709
85526005
23499901
19975445
2924816561
29442313
413098254
93247303
20854544
19147731
217217458
31085474
19337187
22920732
226159916
318855601
69273072
213584571
19609697
102976177
15848266
193554972
779416353019203584
768426009465131008
134551793
23067843
519707372
901979438
28087473
55551293
596422929
24890121
17756047
2311510516
2462998508
52544275
22203756
27021630
395228354
22472211
204276552
30287258
99376470
30927826
48075643
39279393
250619283
939091
283640557
471913331
449588356
59676104
16017475
16076032
621533
970207298
216776631
410731663
172858784
139738464
975959892
22011813
188021130
3107864884
406216159
249670050
273389394
440818703
16316226
273437662
291291580
32357319
3079733085
500753985
1036776163
24578146
15443831
17410350
310440934
22975747
34285054
14291504
863308099
19646280
4538466197
14360050
34217951
319143595
224240042
14365312
258026952
20425675
2925842572
33497800
112428297
3165982823
315450755
2272809881
211794894
1094508829
33288975
108417952
42042554
33166646
3749005755
24177970
851705168
1103749050
49370357
1382743280
2177906808
2934007485
20880169
42625724
208623146
297028127
294073504
18948340
747807250819981312
3938038215
14529929
99729727
32352209
36050996
14157134
136004952
61183568
185306056
47583917
17062358
128216887
19530134
45413510
27212264
25491788
6892312
428333
1037031822
39275561
19584064
20733972
50055701
18916432
2415957962
510593678
343911150
819168234
317100875
859518872
74143933
231118152
30257547
19260683
45321236
507256471
495004140
421125838
19867810
3405574239
62156156
79163086
227835747
59936143
232623507
383657840
20238626
38260259
352408058
14291795
515894787
1527864668
2399141631
92347355
28103763
122072320
14581396
2988033940
275528788
27905486
580968215
2978119762
136392057
22302678
705356007527022593
2966696183
37913029
1058445638
454503482
4717465127
333615239
703895878013161473
2935411150
42845459
192689889
584831220
34013960
2612248771
111112792
14291922
284761553
1455189506
23022687
123504602
1372552416
25429371
4864292103
1450906933
19240660
1652575946
949353289
4273006932
1195765214
402748599
1464400112
500754575
1676711912
304615761
37509974
21296047
1129236186
39599815
171438889
31725412
1193849958
20366788
19140661
582673525
1391910408
135462216
1076088475
255098163
2176309548
22677425
850749608
306916140
525260372
23925022
1365496092
14323803
545880886
976018034
263036648
459316218
3864057802
1135357525
255507339
20462416
44869490
20584669
14282002
28361716
3414509159
14286342
912566684
20001209
520658632
249253255
17650380
40209152
3158227945
139368882
34357825
421242809
1653771666
31206435
551819324
81082963
978164617
169201702
1691130469
764884
599541873
17804381
21301081
272507554
40104646
1330040112
707765749
367851703
248436358
461105934
2341253739
38696507
19189208
1668354516
759251
1059273780
3301826123
811677463
281442250
17742015
21114659
54730258
3303293865
46985052
1536791610
822215679726100480
3169628776
58228836
46604315
407186117
14662599
453303839
58737118
925544952
1157078581
54832098
58469412
542198037
510563886
19343254
51233047
1534322197
88459833
2417153316
309262809
39581053
99515710
2413425671
26066874
19157451
3023380576
127268367
421368016
18608709
606448747
53512119
14417779
141676351
39311372
33152235
24422735
80542515
2894488360
1005968785
19067283
100009493
39974570
2830872505
236909526
581273253
30739418
179050190
41093559
379720636
2801247624
45531571
33250655
180281123
1215914436
23438083
43062590
36039059
224156880
25817863
288637384
77795018
27603445
206640289
798432768
26606802
223442298
29681955
372788773
244225925
1662687974
14379246
454232244
180392912
499776536
1432993051
19817595
246860579
18387289
131280612
486785562
37776452
103156664
35426997
65313321
338447647
1167061771
68741204
21556545
1384503834
298642682
1285448293
2369854828
216448026
54609430
277955712
33180076
1254732104
242861232
53543908
45315024
38740519
2625720797
419553326
31813987
2359926157
477690211
22194908
26554415
21579876
2538761032
945749197
212226645
103555738
27068569
118415180
24913773
818053116
135173461
951333086
143439998
51103171
538112636
56076492
377578254
35248084
289004106
34223533
20859418
193186935
311032328
126256491
44344421
500891354
2383751275
2324183148
28848977
991956258
104945479
91356481
57133595
67851742
66492948
19943077
282588301
37635550
1543018196
39488289
284025416
93687642
371154002
493503538
177179008
960775387
153374624
90855234
142613436
193207281
23573970
17187058
19529605
44959207
248569306
143061537
37174426
274431757
2264840661
22232999
1725888390
2330486576
414964081
39738562
113307238
67561158
39506065
14912551
2175809305
14407392
358969925
38638278
883921728
289437437
22049212
2306042956
30881344
33173363
17756100
36918193
906612565
191066432
1534655556
359573726
30651039
496952496
421389045
390115172
369442305
29944820
194225757
84289595
18756495
22476061
22956419
33954545
14502885
18798771
19611964
67668487
322531105
34696385
201182471
19283437
25272654
66320386
19256979
318977179
209479569
28304157
517328759
363282607
45786456
560669277
85403705
33623709
1920214520
114526801
1166829439
562745251
237524449
156944270
1100427314
31267211
524477060
310120071
34972320
403627091
1704663163
501744819
116481279
74214685
405775140
481096876
1281077874
30352096
50393960
575341048
1964673776
2188395913
839346397
1903996194
17482669
195848365
62523083
44983912
20989035
743060426
529334746
340852718
5636412
1198189740
572871250
71885961
359273326
230864549
792605850
376747336
320829399
735780246
757303975
1339835893
58528137
14920785
749444851
1330457336
42843759
14274835
233511339
77577176
1070829493
240339489
19179740
1196497765
20170408
44098080
382598137
30840835
37034439
27405283
66204249
222818835
35612924
29226551
198809288
42460799
425708396
34599188
15846407
813286
29294824
106769293
317034318
25289729
396618124
19017582
78099370
20152971
20441820
138174242
46869791
14283877
38265914
63451448
32352556
278664682
28997082
29660732
130910491
32844394
475999502
239833417
18934005
28128082
18332222
224691234
20555875
21288039
14287326
21862201
19659689
38624201
14277275
112289234
21078664
41813695
26022773
55047054
18550977
313845197
138855525
14284273
251523398
19263240
32115103
341564433
25968803
177177776
919092211
247185936
117834105
14206252
14351028
28093496
21689226
384786873
529472395
36187125
18982509
112871323
42501345
63132666
14114267
18461311
42854868
20853361
19335747
33988509
355643629
155976053
19769863
23568768
516671992
158351997
165785868
238945097
34703909
500885877
61450363
407952439
420951546
403272223
36510958
246956918
31373378
714997362
46688502
36099106
24188676
18897215
33885551
38493594
21864336
33307967
20223894
14576431
307306463
21746360
222492561
232936540
44577324
196802368
34402309
20920040
19784844
24154098
38882731
352230918
19962340
332746072
542735372
234132789
407634764
6592852
31700411
44851079
14353621
373890791
31409120
65447476
31737709
250435513
24149604
58477132
157907219
55541718
20176513
86154361
28092347
60891099
137269627
26099555
122029522
29437847
38906865
40187767
39276468
36423190
25257792
205742346
29440550
45565440
19319985
90848755
26470805
132928477
14279103
320406572
107798309
24950478
37416154
34928067
7027112
23830152
19450673
33852061
45919516
34575407
25966747
25051303
101758086
419788091
82353528
36028993
31499866
473914976
324844301
214049275
381502681
17873227
340549419
90448119
40935476
157295717
33467543
59548897
23785168
45845636
21645552
469638160
18016543
135917823
32017455
38145897
14274693
540262923
45027960
33609198
540783789
59003
509374404
31084859
66796168
40482226
62442994
204441330
236829256
96993423
62522258
20868447
14487318
18079528
24426957
27062533
33864543
50292289
409367244
39695456
6012852
646163
30927768
471084733
107015430
384241739
236839814
81844094
34601836
15027785
135820177
529665052
425752806
25171315
37354787
77319561
244983461
27848098
17813010
39219035
56792300
69007602
22613875
48302295
17189741
222209875
234035533
338049872
84796534
20642087
46098040
317101757
31518766
112813136
38769939
25473030
252274010
64004084
531531833
378752380
65907870
319228928
381159574
15916215
511822285
66985635
10451602
141709158
291568131
356398393
260132760
57696728
296745177
57047491
193485218
20611702
19901366
27704856
28094274
14276602
20431436
18878967
64366720
241959982
15015340
19188289
406153147
45573406
36468498
14402173
20662498
151593788
32542763
66217612
66433571
23798120
14286387
21288315
57093175
37631582
38646590
145196059
47423946
47606328
135153110
28949430
234306570
28148610
18724292
19145380
190340244
313242999
14584834
33217838
132255549
28099901
239063731
21905404
17685876
22988843
30241775
18292862
14287018
29343098
80532257
35888541
42207894
23641557
44633157
247488242
32671410
18016823
43521289
57932072
59580884
245511607
24509011
14277722
246177161
221674336
277952606
29000770
30923509
351650159
33482265
37677256
27877065
39811941
23937836
228694077
227613352
29676819
39965455
41544679
45514644
39052549
28726577
20625292
64441266
76319586
18628277
64198695
17113249
25313658
42741077
31821927
45179583
69396214
31090806
34229862
20440081
37904694
18426185
64247948
28865987
19962261
36067300
14349782
21423985
15894774
23582636
116732090
47134635
31421204
128220859
33006109
41785808
34910028
135185261
115441879
20145056
31111153
19067312
25803631
14238320
69361035
248348027
25365007
221000907
271547491
354516475
14712588
18213346
141744721
122195535
30268307
65914130
82035277
69056665
30201647
55374109
16542861
59180070
50270386
261409790
30203462
37390830
30873513
34765060
316563842
38822086
85545437
279131939
217530764
24169740
58458828
333527792
231793478
172896557
248251399
18769714
312544868
220739751
34569505
352534464
260821774
42279760
30311534
130267435
29792081
21391879
43671722
266068156
31840286
224947053
34342871
41112318
202971486
23084212
45594856
191165723
41090452
44203664
14617551
25262480
63262403
282964464
31386412
25144335
210526095
18897831
48713549
20301193
41337693
21022281
28323152
75060420
18714976
19442053
65357795
24119198
223595237
199665432
21746816
17960704
21393770
75033041
17960105
31397933
292808173
20008618
292904816
27513352
41151010
15895694
16813552
32535843
36041901
34672923
15100833
136029854
28110788
4384251
19674502
25996040
64697682
40049680
33841934
36027595
36307732
39966546
66664753
9695912
37231899
221064860
28822089
28303450
47974057
277446833
5988062
49073990
34941106
78587299
61724625
36059230
19734035
44207761
41554173
65493023
74217252
92962860
14284305
110244016
17425802
23651070
116697719
21426923
221119581
38842425
246816735
21574473
29435492
196409507
21846143
19236875
23480387
81578629
82325555
23849809
58557419
44865727
76450358
138376196
25416669
19001492
22172506
20974015
14287712
28092056
27105229
27317182
22014140
16557956
18716146
20144046
20587233
19764533
14349636
20195297
21695947
14340921
31471161
14997025
26214264
44317501
45877859
45342108
14286427
27845999
29908667
276172272
61429870
189051125
92489022
34898791
17066475
22415635
61250638
42844817
14118604
159845559
204478853
101727020
188256896
40551651
232367733
221822662
23694893
142282484
62266883
28525763
201690715
46081160
27207896
20329566
14332159
34656014
204525639
76292859
38643660
18334306
18760790
37193436
28806730
14687587
24509661
267403905
33236436
28178236
18609590
16718406
37921321
45565446
20210193
16432083
20796069
37665779
21588799
21853001
18669139
63129578
33160558
15234546
291
