2927205058
429231476
16003760
556334383
58511405
72840952
1179119733595082753
46719531
361852315
2773791192
28128082
2380367223
20995648
2800471779
333066092
2307898220
1232317844819341323
404981052
571656776
793865526
330226914
1414986446675615746
372743380
963383756475260928
1410173753590534144
313276525
1440244241528098830
109501130
1466129892911853570
1280590054717521929
135294661
863655547
140179956
2364895444
23418810
365635604
304081546
2285902803
1897817706
3402488433
1225912352027140097
29472803
2320369347
2177868541
1070979968551784448
793593704
39505623
49774380
124407750
2203205700
14499947
2221096082
400057194
1094582209
162152126
1443520866457956355
819617147148271617
912566684
1430837374754463748
608974536
1215914436
906294173199937536
1299719901213609984
780466988342796288
1427873180228718596
3169963433
1201786712227233792
91786287
2924816561
1544075892
4970411
68457257
16465385
502930299
33951343
112871323
397943559
605221670
3001367301
62060746
56676419
818777893
2313448980
998896452
624903538
1315437751710486529
483806349
1145042425
1380265270137257987
56044169
96768880
1164065309772451840
1364939998051598336
33847354
243248082
2837972488
852998983
40505648
1357630163459198977
32360844
1626294277
15110357
1174963883896795137
520658632
1243574975631691776
24856051
354516475
1209777222321614848
2165288930
1331771401892732929
624011689
23499901
158666517
36031018
821978730
186728509
131268401
1189293292686630912
3079401397
35179474
481509400
439138094
18982509
513091074
2812776498
738051932447723520
32347467
18020127
70985635
1350150750966603777
29676819
28069007
3768871043
41793828
103833985
135568131
125960949
872843568230125572
3117728950
1347493617091432449
1325224203101097986
1255562159020478472
2871177513
1236757689411063808
3098421852
17410863
3652529541
901937090
3317340592
87762321
370239932
19419138
1330929841353478155
1314183164387094529
761113697720729600
3302841767
2231486871
4084979488
67557660
2404437771
51103171
341990954
2470136607
6943872
325101799
1351958427669569536
969202071579840512
3074691215
1860429764
258269139
16089776
1059395748289232896
835541664
1105559846235992064
793778228
3344711285
34896383
393387610
28327383
1053236226
2280883056
2508075840
1665212827
482360560
725925007
147318104
39239833
326893795
957980762200068096
82416417
1170923510673231872
1096398541830930432
15048424
29182651
842331796289290241
1044034959806222336
216448026
131280612
377578254
386573870
2906129277
216065430
19233560
1303568044304687104
730745780
215185529
2540482822
752523992058200064
1379992086
1302150288132968448
1271004705175539713
861246117689925633
800707492346925056
1212473040790966274
1301141828612300801
1039464996575608833
384015542
245958269
21351688
4791778277
291277159
25171315
1400513202
574062857
1032885581049524226
3381733342
33250655
14279103
1166762183763615744
905595618
33033900
67299508
25854567
320679176
29051047
33192221
495041819
1309459346921848833
1307956015330209792
1875914724
1302585651053973507
22613875
55204617
17509243
79992803
1340645449
36882824
463248390
1304046761636499457
527807322
3587878342
381079309
1180305138
16668912
15022445
20231161
14859175
20229175
2785325614
141709158
185343614
156194729
471677441
516581562
429014658
973138852440309760
538350777
983976780632555520
2336550518
1290262707678187520
1303645922858016768
2707248594
2214560525
341429266
377173742
235640480
1887669427
2550338588
1281131237021757440
45519320
42390579
4173833483
840577446541946880
340397091
14197310
444059013
540738956
34893859
807317725534126081
3046407964
1286294355020521473
125316960
178738098
818927131883356161
341132281
1294269593498853381
1007593243910049795
130827304
239949176
68739089
25498771
65924567
1884197935
258026952
25360288
2732128495
801203059359678464
20195297
85822252
867841831
287785714
471837649
3089122643
910993484
1549000188
41195676
635716830
538853413
1251277829234462723
627858951
2874910197
498361688
1031436864748699649
972547391105781760
18473010
473031101
1775312905
2293454519
18970504
14292812
14287446
372398688
912297415557963776
38908382
331816614
84315057
991276643694985216
42494407
308502637
85893450
151935833
437579037
1131129474072944640
408360989
765456692
18217624
19553409
35474809
94784682
1400294809
23970102
110445334
27744185
38021361
233484761
15335534
179245596
3135241
50769180
7228682
47685065
1129236186
43062590
95169910
337886919
179644633
180419242
183672041
330921167
1299995892
541158674
290876018
16068266
602809193
16887628
28178127
30864583
17469289
369680637
2961297390
50336259
4023469463
26322969
226320142
29676970
69227108
4155492063
731373667
783364650180104192
92380090
2206074872
38882731
23185890
14330330
2948937802
2693353003
745345501
981142542
49580578
4821450994
856501526587744257
413147954
84796534
122195535
2204279255
19140661
268720526
24527191
461159844
1228013286
4869825320
577028010
217758017
2380602246
255628022
1004326820823687169
119046422
1235865516666806272
482062417
21788095
581273253
2467378418
294159922
823809378
1148491828066443264
1127507211872239617
111702288
40850365
865596969657487360
1091826686
23765381
811820179
23934287
47426778
2568909995
1260564978
2730343690
1191863227275239431
348904003
1122552791095029760
1237091446836154368
1190714208696111108
1173312020223012865
1107728944852291585
1142250608
2389219955
995111082
40570281
778340011599159296
1972948940
39239047
524186222
338508943
21553753
503245246
227100587
4545992848
2863523277
1034769883
819121643696123904
185983448
224006070
866720181044826112
861760183
295680306
3110190171
836237007772762112
3139615076
63442375
1218982629216866306
550170495
1399648771
468705808
2432062246
622964943
28305723
875703078
429144781
994311832952287232
130573536
563789743
199665432
26249582
256669567
135462216
2316777825
333903537
1243527250575872002
1601886788
89484734
3175807619
19659689
18381317
72880522
28525763
31215429
14636644
792317303337529344
1944466748
885794513251434496
46441230
1264632930
534722369
37020771
482377242
186169688
1441634599
2431688682
53893671
417852783
135108685
1851287148
384802168
307558754
1006230904891695104
1014812979265761280
239412660
1831068134
1412391013
46071066
41312208
397092388
3087047758
2650119093
2816939988
2717130846
2545609297
384838614
2705998034
235621922
1259492071
81154009
3207380837
2346469263
307821261
602750109
19386325
32859695
107371513
606259427
29082795
134221985
251523398
84709356
202741167
14763346
19705628
22172506
401613697
237524449
17873227
1247505479825330176
19361192
74778874
1032094602
811677463
103555738
230457924
241490028
27692462
22988843
75060420
28952277
37231899
19157451
36059230
41785808
44098080
90448119
2168251759
3414509159
3165982823
869606803
775314242
81082963
849900457
1920214520
201182471
459316218
1482525636
276172272
67561158
67274483
17648646
1146329871418843136
15243853
26201346
19232649
394087611
289266952
138141969
56169454
117366399
140955302
44578328
70960617
162044153
17878804
162473641
426689320
1000228238
69620713
227682918
2665422740
72431423
34145605
15013610
47724293
1064636307257860096
1064603540956565504
245253133
976386834
732390992825868289
996223168955256832
971890456429768706
1325214342
284416841
408793821
973890206
1376758238
1209936918
66762275
522268751
44404886
28081922
63669001
48099139
29676058
42703204
112150185
221000907
42730936
80916493
70683676
370889258
42717955
1049200016190005248
2193218298
28708146
822131894540083201
20729766
1144086606
116871537
306077463
142239808
793661894
63087520
17174155
292449386
591459541
197835683
224862258
4112880687
316311503
1102616541512822784
540210585
1359097380
304631515
2751551987
2425571623
1576808508
3364210756
17673981
221119581
29440550
20374992
14287243
39961857
963480595
28397965
945870811
470835556
69273072
210807672
613003506
189868631
14499829
15443831
831804089700872192
151650325
3058719389
903158854413946880
938710897056452609
784351656355897344
918495250452307968
20
1344951
816653
571202103
448754213
33013437
440780306
91386979
110994325
14130366
20571756
1636590253
997629601
15506669
816291044325261312
225341716
42042554
99376470
410731663
156944270
63266077
61781451
41119959
33841934
38693061
23104499
529334746
14360050
64742113
21232668
72009640
36067300
880412538625810432
331184960
42984003
190551552
462315226
330267303
1175053362
27271114
33663399
14349218
24010664
25105806
57014980
38843100
735581003188686848
60826646
374651584
981089652261171200
82643809
3341278667
370219796
3198010973
2192544713
4263007693
973913455022563328
1010189344743854080
4609200143
1065161810742005760
119786274
44132347
1098087875307028480
1119837845907177472
216321863
2804151608
487504682
14581396
516671992
19261863
377270903
598253527
270716591
14362458
61306578
81934163
735096642
838081680879529986
2342545356
39478117
20974015
28087473
2404758428
238945097
29000770
215993689
2310502713
756881286
632165452
50604877
20144046
221064860
14129019
481096876
1166829439
57696728
529472395
28997082
316563842
356398393
386391360
976018034
31084859
333527792
292904816
45573406
45315024
384786873
320829399
1705275750
875124336
40196836
196165072
722147376
732979344
14420387
821110070
404376094
899219645424484352
19721574
821800784933388291
904234993949577220
27877065
88668552
90938829
71212082
52331839
1131147302
101594304
1208102610
1159861885170327552
17482669
2205818110
204698478
442918531
715796256002547712
3004078828
2163397109
271538326
18622869
1143239749379022849
1001516954916618241
905403862462410752
18689496
27059901
1426289635
1215370205066661895
29659136
271575289
494111205
1029415540694179841
25805619
186145255
45645232
862930146
4839610204
2449455625
2766464011
1643091762
80229058
15776587
242354037
204061525
3221658250
218963487
3298873918
134421067
612631568
978782184
16017859
1553046133
2974764892
2326177498
315450755
30241775
55551293
846940940
722711599367254016
29674426
892945214444363777
34601836
420951546
313845197
18016543
70762972
41544679
34402309
34888013
25346891
17756047
18332222
31409120
28726577
82353528
20431436
396618124
156580448
18839785
18330543
14340875
331128065
171632862
17177482
19355829
4081106480
36529101
1408003598
1179092476931579909
351120282
298962119
421886192
979074487114174465
876339898176991232
269266434
3105705207
3107069429
10810102
4715715748
4468729934
4690564099
374533144
4409551881
897314346
704956795362496512
900081679460573184
23606104
2957057381
2590058264
190741481
59501456
2874398938
607286665
130120037
335312037
845157941292380161
14810076
18247062
21864336
198461821
34703909
34599188
14349636
18292862
20329566
244983461
39581053
42213583
11892102
1211036155384221696
265051620
826864296030326786
20582802
2467169979
1332360120
479341887
1042042955148800001
23830152
14206252
33832676
14234290
14277722
42854868
432557320
19489239
587241476
927498582294454272
2801443710
25998505
18690377
38421714
718349821153832960
122318779
961135976
915516061444866048
1055167944139915265
26005263
1522767666
587567285
442389917
127503320
16683666
22812734
20668369
19906615
3802782855
2437652724
17825445
17889970
125950855
42936179
78589443
19244063
46665360
14855994
771152516
26637348
2836421
360447111
96861734
64385966
19337187
22920732
112428297
34696385
142664262
49370357
1070829493
827927831648825344
810814195054903297
25977779
838111239750447104
54577364
21286504
2157576594
740130475
1144898288921055232
890588293
901539204978679808
3172673691
2285864739
1664933730
21648257
3609098973
141182414
1328906004
18863300
1062836751708737536
594744288
42630696
3026568364
33852061
1078401427347857408
860547911268139008
433600801
1030392584982736896
851788991846387712
1655512332
2548131272
329004156
34710684
89033164
117881700
423520876
18267548
152311372
826557130916380673
16032925
1037031822
237767804
872343314149855236
4490607807
1101958082593210369
27105229
40937524
125916740
297100174
449588356
52726195
19058613
290641831
2180532753
41335076
6523962
19151976
1267452992
1039425340509245441
292875318
1153691096
14300452
79168131
85786640
270868759
350753910
462787317
2165231720
2180217830
393981586
1251338108
140392065
246262013
77722927
41325780
38632472
4353260675
78682735
1211392226988711936
141521060
4051771701
1119089342
40215521
545770771
33024704
19703293
800001704511098881
1111189309191798784
224996231
14285164
814166023788118016
1135270672735903746
1204442569154928641
2340558698
30047063
895337393321984001
76707735
3130866934
855318254
4432916014
1351818199
362377581
68140712
219093490
223442298
874258695118622720
394060363
2316383115
960533857
308570833
1086378912
987472013190205440
460668229
1454586276
1008377520729870336
132601097
94551321
15196454
2166779684
1099359790449549312
1141402014343159808
1711261778
2481844412
1026821889665183744
187519079
65611058
31690214
621533
57029492
36890646
1903105045
36732143
24484939
23951122
18949452
20562637
102700680
197100857
156333623
2216722538
3330226552
235196204
21344507
8953122
20094138
15164565
2303751216
19682187
409486555
31518766
167092490
21393069
452470861
38901264
492189880
516590972
2934007485
748080191759650816
2272809881
603775254
977151931
27692596
14073022
61250638
62092544
1026168501051027458
3790184423
1006519303
5741722
30662875
2173974986
4284718455
217387365
1707445964
924369829267730432
246871490
3305456393
247303389
238308510
31976183
2296759951
14907258
293752292
69080476
123560362
970563998
217119115
413051755
116249881
3241633121
2973505204
29419835
2805000041
39147187
107398834
2350169221
239761798
2853734657
145671928
1541364193
19972884
818460035663667200
21202851
2178189833
95238065
32844394
106769293
34032735
2801608748
787968408059019264
399388284
2164458656
4018156731
1161217580
19847765
1195819899265994756
2896327913
3092829436
173531646
277496292
61220477
21612122
93876666
52112689
33954545
275525412
106094793
1390473391
80931910
2785661044
823367015830323201
252751061
4398626122
856202664
1044200742515605504
61636488
840564005257252865
60828944
1099199839
1068481578
221162525
234374703
1079776144524754944
2823960429
342632450
1040149594238341120
4066675623
111247865
4892902906
21696279
20508720
463765807
45568342
368576681
4522835056
1886301368
854416045200769025
2787907820
1330457336
16581604
39155029
136300373
22129280
259395895
13524182
50073507
34577612
26708613
18334306
29435492
291291580
24154098
1023984716
1189921452176355333
25984418
15010349
950748825194557440
21313053
23578274
2657143946
397291925
191477653
2410945122
19901715
993798886438424576
994184427172483074
2482164294
552582271
21436960
189253902
1451773004
1261784154
864406880092909572
129594482
24290265
17187058
1688077254
136004952
43963249
172858784
43383705
1041666549415698433
42042991
1049393788492423169
347752308
59386332
2823694738
14912551
38819293
14882900
1656778196
237293370
337332303
147089812
988964190139318274
1702155980
142786019
2863714984
20001209
61735082
417796510
76543481
276445663
50406326
17162499
59331128
38936142
108710418
30970039
22485748
242907470
58504135
30550346
2165797386
1854232374
294073504
419788091
3367511429
2796153404
1092087300
3907371563
2853038957
2660755152
875135017
999555878226456576
240763956
32484253
1037608799354413061
352306584
61123324
1326653898
391243055
706126872724316162
728227443723636737
496952496
123663235
30679029
1085862396172873728
18475198
2925842572
19389900
17078632
1176780199
801860694
239320809
2728902307
803694179079458816
942156122
133028836
171968009
291864495
303061671
12612432
32827431
374403514
158710489
372372537
11616202
240107748
31382725
839443270178598912
227023883
1346439824
29660732
69687111
23480387
3889159401
2964174789
13218102
382791093
1096059529
51473040
48815812
348397001
988264968
31801713
64679301
33841825
47284621
19584064
27068569
2491073516
18087674
26200144
20675372
30934541
36020304
279447853
858512550
801961117
202206694
76649729
247334603
17494010
73303753
19726613
16056306
1320656142
403346563
22703645
1094881364887986177
19644592
61183568
12609292
1147926084115210240
61781260
103065157
61660254
47293791
88236209
2863996955
32871086
4091551984
2573480784
3223426134
16097702
349872308
67661938
14624435
488493877
831280387
385822718
107360105
1078771401497161728
882958562296819714
295685416
2963445730
4814721328
3001092609
2160798019
34456552
1320925746
326766879
3169080518
19510854
817469244631842820
265938709
59667352
885165506810048513
2231531053
37631582
23651070
19734035
90354449
88669457
25365007
28232768
2711501774
2284226135
2477906185
2284280579
2352128351
1088089771631669248
796071165894725636
3065077012
1350441445
245441097
20859418
369039690
14479104
776408450142265344
123045730
1169672414575415298
2960148982
2917537671
624913111
34713362
61734492
14377605
15675138
16017475
2375434360
816282016140431360
2194378065
2821269646
14291504
119412644
158414847
1947301
19697415
15458694
436682476
2182073546
1897175358
20761720
121206443
776015592629338112
3568911196
86727999
2931004829
19287059
18695134
1548391070
14291684
2653613168
15207668
17060573
82593401
23022687
34611720
2790126458
4849215231
3315670816
15416505
11134252
49204865
27973524
217546534
179181381
14350556
1912799826
240393970
28423263
423631401
14700117
1170246329924235264
395412159
198848582
133234354
1016620383733190656
821847392
404004517
278941952
317215191
74820061
49787072
55253731
76882406
322218884
26798240
30287258
30955482
35890178
254715838
531531833
141744721
471084733
75797367
321589427
98015030
430250670
19771733
3421915379
2281339101
1180316755
1519675345
1260619458
981100505077309440
14677919
217530764
319228928
16718406
37921321
18447095
33623709
607016620
40209152
16664681
15754281
1686051110
1927007911
859957050
920554562364301312
16824661
327484443
1369611265
229079918
302999231
171439381
3240123725
933636722629529600
999981533179105281
2286339315
1085066228186664960
1027196477414825984
37665086
1136546612459769856
2181866944
118999126
229466877
71885961
465965880
141747181
419520517
188256896
211567886
457984599
34655603
111556423
33152235
183724361
3317006173
92043674
57653188
31821927
14214281
27704856
22363451
19331958
324844301
252274010
18079528
145337107
19319985
14360897
2731281726
262749489
491894895
1240247868
14705513
292929271
787373558
459450030
18022037
748168820825665536
58243368
859363899291742210
16303106
873304134
307456888
6107422
14138785
252181836
2445296312
1049634970526978050
14335880
14844867
474833009
44851079
150078976
881172253391671301
357606935
18554686
2615899284
252521025
699970558205763585
20547642
21666641
23424533
56999787
14933304
15485441
18934005
782833974
32535843
250157673
745375508
387150258
119049214
21744895
131517399
759067032
166598394
2936015319
3280573716
845394936119750657
371460829
1146954758579580928
14224719
50325797
89820928
15224867
16129920
158426909
21619519
254117355
15988876
20853361
831044085679009792
718003722945753089
706935165168324608
3684083357
283947133
3173028682
264495488
3165755015
2580986466
19509064
621274127
200155533
1618112851
1131150391641628672
110437588
507666277
23563830
204285737
15748239
599357202
3186299889
68741204
800842737830559746
851811500
971843630
28148610
36027595
38282491
122149084
320426129
293689476
830759706390097920
1358883631
891754482
2893296315
3244791291
2097571
612473
87818409
16973333
142282484
834081571493785600
14529929
22771961
225265639
15473958
50115087
65647594
19802879
1122878095663321088
46220856
1087176427
3391699133
413804411
2533655155
186667011
28636739
582257502
816993776
23937836
990009265
271452947
74051281
35810531
2423489323
875262109
3130794051
101758086
33892809
17230800
1107372186
637424943
592423934
201690715
21643721
210463171
198809288
17183306
18724292
519707372
38260259
80668551
29792081
32657414
55821261
28361716
246816735
437373893
838475977562927105
846412137547403264
3021460584
2783231383
19501332
199674833
14998206
782138743662768128
38265914
1129112765912834049
98639150
842296875868930048
78058188
159158744
1003895325025865730
1115874631
25098482
5120691
27860681
304909941
58458828
429696128
2194228272
416135072
2765706774
143397784
15012486
14293310
5392522
14511951
88170821
1142185061439197186
15220768
46335511
309883487
24909190
375686122
453303839
127268367
436969661
938311009311305728
2223025391
2328488625
88001109
2353605901
17685258
487118986
62123765
26985345
14085096
498986721
20598137
16133363
22146373
19902709
412978698
14072988
185306056
1003948262
59569015
143386976
34940114
2230539338
65357102
131926473
1680638270
2997691243
14281853
4764882552
135820177
27062533
90848755
54917900
188021130
1337424146
1968918331
47739450
40116885
18005085
384910109
130684893
19417492
71627462
12889162
93069110
3307039066
33552794
820431635145510912
18686907
218975278
28162211
459872442
860555190
19084896
2800581040
2255182597
1074782372594413569
1097358804512137216
1074480192
15450996
10168082
1123929085623832579
2829608963
1135160811847061504
19251838
18153494
813417452
355702635
27207896
407634764
58579942
117777690
748453510048518145
166751745
818948638890217473
1080894931311431682
91882544
18166778
25202268
1108472017144201216
556151596
362028861
2228878592
1104114671982911490
994475295855054848
612972910
519496330
910492003359760384
244655353
1112525372837498880
3671138595
242861232
893112510152396800
21391879
26588415
455709392
369395471
26837025
62574827
39974570
29928571
23320712
214049275
34285054
29273536
25144335
67668487
217217458
20425675
45845636
81844094
20679622
1076088475
231108733
20555875
22677425
702592225499291648
10774652
27311044
112047805
17454769
18646108
18791763
269865586
791267568296333312
3374431174
19762987
121756702
141192888
31068930
2900384584
208155240
44401911
869618928
418609418
2898047183
3082870926
1444029422
1063187821769498624
793036886
73467867
180112438
13850422
9300262
15644592
14224622
2415567626
207240901
1075005146
111050748
2731548408
1443189571
3026270908
2397538660
219267576
28092347
147716821
43104079
317101757
46688502
64366720
66985635
247185936
32352209
99734015
3033264665
879835249814982657
19793473
196168350
292634416
33217838
4384251
2789399330
2203804504
14304692
827135328574173184
26229790
312325925
2434191967
14417779
64697682
27021630
127871320
19725644
319589787
2371605150
16884084
475884318
20052899
38281180
532241033
19017675
2797521996
885838630928994304
3131144855
54412900
216881337
37677256
1641482785
1086886740013580288
46098040
17513304
89001820
1082334352711790593
834281252
23047567
63607029
2471739785
66235118
202777395
66476989
80335962
850157859065151488
2987098397
2777336179
1496447430
405428469
898152432630464512
2910548418
3123649973
1106598750
363041374
993868537
171697811
226222147
35195523
746943120
3662430672
361919460
939622147
377766775
824317598414340102
890690940288909312
953565563833417728
1167061771
275145270
177306892
36345076
216776631
337299890
341725644
287805833
1109026390278578176
171656520
1109717066024652800
2810327434
265486447
2308094750
32352556
16343974
2423498602
780206406024691712
12044602
69960202
1979286907
420633636
49388141
4856541173
20676292
289253819
2825899037
1091565582
1512749570
143105619
250081816
1094508829
1963312058
833022867822481408
268392524
1435461
14647570
1725888390
1702830144
37685197
260132760
218063694
57947720
120183536
971312596237381632
37710752
15234407
15143478
116994659
107225267
878247600096509952
3005733012
800159743977267200
719047732476948480
888118103095115780
469585545
342863309
29501253
72198806
21059255
476256944
15808765
594726412
1707321486
1002351
970207298
29442313
13657922
95368728
33537967
783792992
919354350
90299585
2814868657
2891955766
2444581330
411355296
1551459979
930552552302792705
439437576
19529605
195848365
749444851
25803631
375146901
579308102
196994616
36048614
117029568
1063252864213110784
14968005
19226961
1179383574
138203134
110373654
3398512991
939091
30354991
15764644
35357694
45790042
3322353762
421125838
115441879
112398730
1364930179
120048506
509084624
110998155
832595225247903745
3387267375
18544084
4771777955
432434145
923598114488975360
30352096
4023985407
897749621610614784
434323933
239836801
765426958159282176
304961449
15848266
18161370
72268080
138548864
2559002312
1082674824114290688
342706498
50055701
142613436
15895694
25262480
148732231
1198189740
1075694626248581120
17006157
1391853722
2969845907
28877969
108352527
3801740296
428176615
519661452
2863905945
386467121
634367581
925645722
183756884
253684267
37433988
438626233
2269004974
528342072
1240805844
279704078
30941476
22194908
1222828057
16904159
415866479
279250117
170661467
3365896990
34575407
1462976336
555031989
403627091
66700763
90763996
2185062985
2185946690
67275737
64247948
52104623
23576790
74539103
18293645
1045657500551434241
512293621
912746546
34656014
15084430
2228333039
14407392
2821605716
968587494
24913773
818053116
20611702
542126969
10451602
17987852
274899271
578734691
632412138
3037604063
89841144
510593678
111008620
1970966298
3179621871
255471924
733364349805432833
66320386
59234618
3247642671
42741077
18213346
218788640
441307591
364377121
3608877580
100037680
2800867986
66369181
9624742
151106990
54311364
272019676
17469492
38630618
36339766
57288354
263083479
2438169080
55487998
744792649245200385
3391710796
204525639
3033273855
18163042
1662687974
105897061
37174426
2264840661
39052549
45565440
46869791
37666984
492488021
348378205
3457564396
102603307
1849010060
14549178
21853001
976382118736654336
36423190
6012852
40935476
48302295
34229862
40049680
19234278
17756100
30923509
157907219
30927768
138855525
47606328
60891099
16813552
37904694
9695912
19188289
47423946
373890791
207450602
181491457
2191259255
1971631555
3429865683
1382743280
514596967
20432556
470233975
14332159
14237373
14118604
14487318
14125317
108417952
3770197515
64391993
3791332162
6592852
47974057
44317501
18669139
101727020
376641317
118756393
22012466
1254926328
50393960
356063063
2307893040
1448660983
33609198
37416154
1031447001672478722
17995040
95092020
19878055
195826487
994705938
768556495176892416
36039059
464168212
291040290
153282019
262702115
303862998
141084952
818910970567344128
41634520
988573326376427520
380648579
932934332733382656
2164299882
23413873
269747680
1976143068
430180591
838426953287872512
2206125042
15789854
471672239
988318398475128832
3897682997
775345397762035713
840198864665772032
183762983
214388524
21746816
798557710321074176
3747320115
53321372
845137104
34050300
45810524
19256979
17813010
24426957
15691219
2362521398
826694238368886785
243206115
2584158192
14114267
34972320
1477964898
45342108
112813136
48713549
49634119
66485074
107182526
28303450
18714976
31499866
66664753
49073990
19901366
18897831
39966546
33467543
27845999
29908667
907907450199830529
560669277
3186629674
1676490450
138134771
3433931391
256885486
144442545
87041058
441961272
902169719385587712
442711232
806594768
402029700
1688844044
1329274597
1490675083
718470095979327490
74093436
18860780
37665779
81578629
3307278897
932603165781962753
923781052786671616
352534464
31386412
42844817
80660928
34743251
11348282
44196397
89277811
1917731
1307891894
118845216
26792275
21114659
49279876
792605850
20210193
60896067
18988667
17113249
34672923
19764533
20868447
39599815
22203756
3466352955
25996040
501744819
193554972
261852783
460163041
15745368
390856590
61724625
267403905
14617551
15513604
531627880
2812762495
249635137
2991879411
330544213
747807250819981312
861489735054839808
37193436
26214264
569832889
14402173
250435513
43525582
193186935
193116688
273468342
14353202
136029854
1367531
45919516
813286
1249982359
432895323
51241574
2467791
742143
5402612
1652541
5988062
3108351
807095
428333
759251
822215679726100480
951333086
17650380
14997025
38769939
21905404
25313658
62266883
23849809
44983912
58477132
17066475
86154361
17685876
189051125
76292859
26719548
55496543
18716146
16557956
16542861
20301193
27317182
30873513
20008618
138376196
1135357525
66433571
24950478
309559389
1855109353
33483219
147512019
20223894
74217252
966113328
41554173
2715434333
23176276
2714041116
811229675758505984
1339835893
304608466
169201702
31700411
46207429
14340921
63262403
21022281
22415635
21695947
34941106
36028993
59548897
41337693
45594856
279131939
63129578
34898791
1615463502
262189078
39493748
81094902
469509327
28110788
14687587
27848098
473914976
39764029
18681875
48702842
22014140
743060426
45565446
17425802
36307732
598826043
74143933
322531105
33236436
221822662
39219035
18549724
19084128
20796069
46081160
21846143
308233424
82325555
16432083
18916432
18609590
15007149
19394188
