1249982359
2818756895
755886754180243456
939091
14420387
2826065163
554466061
612972910
1855109353
564822076
319072924
1901320784
18293645
818159135527227393
382593384
26719515
3246671657
21746816
839082941036789760
961184969812008962
473914976
37665779
44317501
1080658752
23320712
19529605
202358449
19179649
480253925
55516088
703182858786045953
524326247
440175885
929412942
865365792
1239625908
855487898
1107372186
270364084
532981570
15007149
29442313
15764644
19394188
20479813
762792021492895749
1051396218
3402615569
2537682190
1492065098
2715434333
707622970315898880
478482345
2720666903
2423727578
36015085
34656014
72840952
2919524619
424264424
98326349
2271764906
3115315486
3088315030
464568399
140057149
1513410282
1141940689
2865335897
2356258714
562745251
232799403
18447095
99694673
415866479
2833807601
82299404
1416056570
2230541959
911135826
462056552
2332506214
35538459
20210193
1323173095
72245600
39231897
34889570
618004081
611532731
42370044
816993776
456469245
350786174
1860389064
2359926157
381502681
45129381
2438405739
310120071
42844817
179050190
864391304
19764533
50303955
1119507482
202974380
86194391
20936956
14584834
1662146946
39974570
1745594346
252468595
134425466
24886897
27097619
31498215
1542879128
956388212
42100413
764124031
34899803
36624824
556841285
728111707
28142174
95169910
493423591
1364055900
32866277
14286387
92043674
1278469316
291630537
84538257
428352489
519651071
92253146
85614260
111702288
36960333
479341887
82176038
518492992
26507167
48980951
45531571
465912646
453338587
952592922
403636945
30873513
1190182783
14464119
1181561850
330544213
608046286
1153700448
522116399
248706024
1068011426
1134550458
1073164934
247251231
55179999
17650380
41337693
14340921
20425675
390856590
857685373
41992067
358098874
899800400
20707143
24441893
76292859
6254512
472851432
756881286
256902793
103280252
22014140
385055917
19113803
140967340
206798919
41798522
318271193
60084776
381446233
44591735
19784844
344569105
437045359
21933006
24531620
27501700
473767973
372265981
267403905
114695393
72632454
112428297
586346119
42952731
571841978
1089238542
399333011
21021122
19712127
626277494
25657836
47756003
895029930
507541495
1103749050
294556162
1103808170
924875222
17987852
119786274
78539685
975902922
14295031
15895694
27828996
242283802
886572175
45786795
954450458
14581396
580773675
507850222
146856971
612664952
29554446
70354006
339055436
30494954
31196854
390069913
57003570
252274010
79163086
456921481
262664471
18975916
26818369
34580764
20301193
16557956
46081160
19067283
253018508
23937836
442605315
478808828
172694845
404124016
490191091
498741149
373890791
19236875
224624339
16220833
24143353
255628022
28073254
39219035
19967799
25480395
332344488
55278772
14687587
14998206
482819251
27834369
372651075
338456775
35184787
224623904
212272943
63442375
81605238
460257666
236863444
20441820
27837029
49808014
18760790
21695947
279250117
340393077
36028993
47423946
285458354
36313172
18716146
19556426
466268040
42586529
402952461
206414062
340333654
35162704
32535843
34599188
338209422
34703909
403272223
353664792
340857185
31087291
28308000
14474563
28626588
17813010
210433892
28091267
269867168
18714976
241959982
57592947
18685873
765270
23185890
14276602
18609590
25313658
195848365
14314495
17230800
24149604
14214281
34575407
101758086
29908667
78330513
18519026
15747275
191209925
27845999
36328838
34867203
56524489
47974057
19256979
125930580
221726495
30622750
18901336
19583956
19414413
813286
19901366
14340875
20659166
126407170
33892809
216357534
63262403
44387165
109465884
19902938
25984993
35706133
92740110
28101138
22415635
34242874
112417593
36307732
23438083
20555875
65924567
57653188
70919209
14277722
48702842
34050300
34696385
20582802
67561158
17066475
18610189
7677252
34027223
16813552
20431436
82353528
31409120
84709356
18213346
36041901
30878189
34037442
38643436
19188289
140423271
28148610
40049680
145650504
26101019
28103763
28317108
37757000
14803701
20686582
16542861
60652493
35834118
48382476
62266883
43187396
29928571
18599832
28726577
63129578
45404028
19182501
38260259
16432083
61735082
23849809
48713549
44577324
33008891
55496543
48827549
55541718
66985635
52718337
58511405
46641481
49073990
45594856
42375137
31386412
59285702
45845636
39091525
18628277
20796069
68446493
3796501
18981070
19827241
14997025
42382230
23414377
14432054
31395063
45614100
17438516
72838778
13486222
83336872
31413536
14763346
19092033
20083729
17929243
21183973
31396328
17220934
19959974
