966251334960902144
34300228
26719515
14340875
49068924
226544064
169201702
1138355514
333903537
140423271
32657414
281515223
216796248
1414494862204936196
244234006
2996731568
122039883
1382383315777433607
262664471
1350150750966603777
1351716580720316417
1349149096909668363
818927250284433412
1037015286
2560124168
432823455
451815451
32344564
55487998
59580884
21890520
555743404
59569015
62060746
2849896677
51200901
291277159
135820177
60896067
900837232537460737
702592225499291648
26611789
18519026
42844683
553615446
724976869385342978
36307732
19583545
57653188
101758086
14659667
467507215
3129875193
258970724
21645552
839082941036789760
563235947
68740712
17958927
33307967
19119226
4754295663
189376144
868067207380709376
875439319342862336
2531310279
543649882
99708447
14420387
2383460564
48702842
860129059
2986456258
39738562
723968820797444096
2885391159
715796256002547712
2177906808
373239963
2399141631
63155239
20880169
1339835893
47305738
619282123
16813552
17174309
45810524
64366720
34726771
20667905
815289800
2447583466
1346784234
4023469463
1065673784
40340459
35248084
34285054
238308510
117777690
19644592
33250655
459594726
1005913274
704877892
69059420
341991161
250722978
22014140
1107372186
813275160
18949644
15262969
248287592
420464033
397943775
17813010
103253859
1628738808
54917900
1178437964
65351643
31749659
284761553
486909817
1693209926
1534655556
707927607
29013507
522839684
38265914
386788431
388515140
282234921
394060363
47453114
2342579670
20768326
31725412
85545437
16557956
341117556
72018334
2205006351
74677398
398606542
67565293
21906057
29908667
23413873
188279806
85403705
1896738200
44344421
96861734
36468498
85666077
532666723
400758956
389361041
180315164
2861286578
614484921
216883346
33645588
352306584
132162464
19529605
39599815
376753962
1229826619
450282507
462337913
1332207487
2249159427
1133598816
361434073
361126944
1125445206
871577377
2185851795
549232373
1146141373
566647430
268939503
31510438
19965881
42604302
21864336
135173461
359573726
377427650
61481011
34941106
38260259
18970504
324844301
34949906
18714976
28165217
138174242
222595222
1625951840
223442298
584611962
38167384
14118604
421125838
1208941832
33033900
256625759
78539685
18988667
219768304
81844094
45675789
1694334824
444756416
18905409
221812405
112428297
14584834
23236043
103555738
33954545
20301193
494429348
46666422
349872308
374473407
231902153
462332236
2228363243
2362711241
173785451
214049275
230457924
50604877
32397331
2264840661
304013812
193667567
1650880436
17230800
221674336
373890791
74143933
66664753
1070829493
196749708
31499866
45919516
255514017
17410350
30513101
47702049
425152354
416465028
358104822
58769618
176164976
30671172
56202063
1662687974
26979187
62522258
31821927
122195535
19297030
283103352
65804220
98943586
891950312
520670946
1139453720
224156880
6012852
123611918
1412455375
56220775
791617375
68741204
20165293
86154361
14234290
443054550
371739887
390115172
56044169
37431466
1145558912
24737507
353803829
32991016
14723606
341062077
318512434
19901366
95238065
34889570
23608172
464621111
151172456
894991004
266068156
605807186
19067312
14206252
17066475
122072320
48713549
80782055
36048418
20611702
39922594
114438648
22363451
536681381
14417779
291291580
495004140
31737709
20170408
407634764
146934885
498161931
247185936
529320577
473914976
42460799
37174426
389392764
48302295
24687109
37904694
60891099
74217252
247488242
36067300
33497800
44850238
14332159
273857959
358393896
362477091
74131074
345594793
63442375
49073990
14237373
18461311
42741077
25966747
18897831
146422421
25313658
47423946
46366799
35551730
21022281
352534464
42844817
140015687
436515416
420382799
373818993
19067283
19188289
28110788
41554173
155550336
94147874
308565504
353664792
61724625
813286
64993293
41337693
23849809
65447476
42920657
22415635
62266883
18760790
246816735
81605238
6592852
20425675
18627984
14291684
21607678
14287018
23568768
23430760
25144335
30311534
15848266
30284835
34342871
250669140
18777708
45845636
36028993
17673981
381502681
26229790
454232244
319216129
22475991
22988843
44851079
39966546
14114267
63129578
377965251
310440934
29343098
355702635
14340921
132183701
196409507
294478106
27207896
34672923
25051303
16542861
15895694
21391879
37677256
20796069
26850290
110244016
196802368
29716556
279131939
31386412
21746816
211129938
24136198
23084212
29792081
217404729
4970411
5402612
