1230965302353154051
1468273067784818695
1312268613043261442
1445771783911608325
3233842611
3228156152
172008557
1501488708016500737
857917855576272897
1483388011371016195
1354363916
723234222945767424
1116335261988925440
2819987813
1156530649
21575717
382637995
614161467
204256266
481173796
889765105566699520
1477581480104710144
1232734150714634242
2885493519
3044584264
1349395827362590730
829647236
9576002
1233515835634913281
2229848017
84083187
25977779
375742729
200559274
596598103
4484115214
3972812140
819293950292934656
2177543188
888183349864476672
3307883193
2567654774
3653226254
476683327
613003506
1370616208928747520
33161972
863649079200493568
1454687180
2391227860
591872107
630995607
67934675
357090058
785237870
824325992827252736
635845782
725437940176961538
1499693129439526914
15084430
978606266040938496
2415072836
408011272
1314241954058833926
3301321379
1359532099
68806576
2886686421
2467139606
1304046761636499457
1219232377605644289
3987701367
1498176452084256772
138174242
897609691
1497998195640700932
193659324
1498882455864057856
1238583088998830081
927216752
2897784161
1343644345195520000
1274721342621839360
849530644686413824
1242358474568347648
36074231
1497637338830327814
4891148733
91965887
4449439241
987236107669655552
1498295433629687809
1682925277
1329516589021089799
22375464
1030795435588370432
184531102
1496021389987483653
1495480590572961792
2932460195
133887945
1091409575343992832
1493629398
1005846500583321601
277587469
1378947769184976896
471516779
1188329290162675713
1096055512955793408
314587185
846601864569348096
1497657929973043205
2823569627
1211871590
18869484
1262436790503432193
17101180
71048726
943906396180905984
71298686
454099919
30645552
68498034
17175213
4107939250
349816997
1262845575147458560
1891490382
3004163369
18867463
146958450
1496162438558978048
1427356608565293057
22799257
58945187
108352527
1168793622248067072
1077181999
21976616
163018653
981250706
19059044
45536687
1120633726478823425
16133530
144611647
307562004
262219168
1462548977367359490
14106476
877332960361422852
1492117480755576833
1495894834200158225
37287436
74785203
1192753327504838658
1478844910400942096
1210430021036314627
19233560
1488436518800609288
150078976
609901199
3397804167
1493340302417043459
1178969455575146503
82049633
339028960
1303031801267605506
2863523277
3315470428
1491535562842558465
1488948656535478272
919634224826798080
1174666056385908736
269937851
952510846961422341
3974294662
1876679257
307456888
14287208
1488553054626586625
1489609402990665731
1417005292534091776
911184906
6512422
703842023808184320
494404599
337121671
232889119
3937042877
2298151468
512447810
308956079
80558472
466602198
1418167871818117123
67431884
53367893
1489199431337582603
226501663
74143933
108413449
1484914326599258113
1471747089529024516
1231279201
948556376116260864
1689413918
353832731
4186057696
1486733001731960848
1130927021842927617
84815718
594724485
288414511
1362379786312646661
355794986
901887479929856000
425376778
704735193928699904
1167061771
2559862762
1484103986231844866
1482257446114635780
1010273746467348482
1294248670993547264
470972977
851211388383100928
24673346
1093489979219677184
2385089210
1136717299090698241
1484484649179045894
615476387
1483412668413267970
492443151
1399467882459901953
2235175809
88508809
87677875
2302238417
35834084
15931185
3366058551
3012371014
59580884
296361085
221064860
228791637
1479870262975807502
183756884
66700763
14122188
1430844507717787650
1477357533044129795
426638366
207888226
1311009370243825664
497137809
270347262
54507248
385608376
740807653
4876338963
983400180
70801139
343209718
107735779
99302934
544915456
484215312
245958269
20971380
547710335
33250655
360733593
1216054041345740800
1594702040
632412138
1897817706
38628986
804294660
199059928
128383412
621086809
91208328
359394023
19122024
1470863472191750144
1475850121074016262
44984595
83324982
33109812
794708000
96725246
364377121
3272294341
2586939154
913108153079910401
3434448807
477050455
3019686669
3336880684
268280629
1403237109482332161
29396042
1436312593728262144
67013948
1422891375335444494
381666539
24514743
512347772
1001447028075974656
1370413813439287301
17997231
1423405348006899712
1454488397058293764
425118660
33180076
1324452698
205111571
60900925
1472889094489481224
1471020328121823232
298058470
332914784
1471023897847889921
876779682171170816
37090321
1427669566973485060
3094086417
192328753
2303845072
782114034514558976
1420634267126730755
2559002312
237015619
3130718106
616100261
2189600919
2589898190
1092181721854943235
34572505
16316226
234834302
1693858250
38395013
230435506
107360105
1465031213350019078
1336628416402104320
377941311
1355069198695862273
815260859542945793
929387688863715328
155550336
475128833
800343649
2418567487
25110102
1463912216177131524
2610485348
71576858
141709341
1325111393218080770
997042068324208640
1342316087787061249
851734532
90055330
229270836
2721314405
54832098
1328282646405926913
325007822
373868745
1295699934952513536
959158733900218368
2819940124
1223881404720787459
70627064
1175053362
1455154756968669185
190551552
26719548
400864184
341159659
1360417049311346690
549244700
1352086882943979522
71894191
181579023
1462100924466450435
1422119230711996418
1428456454374273034
359381275
2248081674
1464506737504002051
58073826
91833088
416743676
1191129093045137419
20547995
340862893
579944982
1365183726
28361716
197203971
1460403614774665221
1459991748801933313
17756047
794271485649096704
1422953575966285824
1422244372230328325
1407943933
1145652450122174464
356328343
289568966
24518661
34639127
221362398
74095328
962741839
28583873
1949497680
353754940
280617118
3426997887
2568909995
208228686
1191863227275239431
1052885287
1595753562
1023671172557352962
223921928
1157195043364642817
1350078277143187456
457340151
244983461
1462972651119415297
1271375767906197504
1462759082214010885
4915796309
609837757
632127554
42495946
35736185
1461470813484429314
1154056303301615616
13261352
222607681
45179583
820906803630313472
10810102
20039505
53032573
3899360001
207643011
26278467
735764197380759552
1273169171950505986
1456787442279800833
1251277829234462723
18529878
27704856
1331177346389434371
109293948
1138134312161820677
1196299210598961152
1294356580696240133
1057475636
907517876973834241
817269829
503524312
136218318
133798612
274698441
20989035
34996638
1394745598742519808
397411698
1450014429660205056
148545957
703331362846203904
30891457
82072534
1429763759178977288
4896400911
1449388197947981831
33662887
60176652
223270161
46101484
56094095
344078494
4545992848
916215618612973568
3439197322
80242724
73125035
1432984332457676800
6523962
2165231966
1441332165925474309
273521535
92811571
355063017
25803867
17231091
185209728
1239993610092908545
7474972
722128608
51987179
44983912
3376220613
19103
1104643089866637312
74983700
307462679
58263050
546400593
146422421
788309660730294272
410938867
80124668
936944212234391552
1387438680646819844
340230319
332534538
74539103
1073606435580325889
32412809
808483681
1443520866457956355
1320859583146053633
30644104
249262359
1099289667965517825
14206252
2204466550
4658686943
1361658576985595905
2751471255
1444012141669978129
505132358
54031969
1443900473489113088
1045938992
1204838809
174139819
1272788605770117125
14191622
579295585
26715769
2976146075
1442810000070647814
27828896
1385150367755866112
1429113792923852809
1439904210938732547
1397173130670510080
18864959
391296440
1439999650426146818
631861885
317643480
114043368
469585545
383757570
179233737
46782315
4707367597
815129387972628480
172708530
1386955438139355145
846940940
954093453209718785
1331074479188008960
1438529735177428998
2672767731
992688838987436032
59546358
1434234278972477442
1437413924400340995
102023925
65357102
30725739
1437848047455719427
1437379421032288258
3128609127
1125828828
1864808131
306996072
392744274
2608336555
1255810665618518016
1150117431848964096
116872803
390694850
1285491224
30643633
271866986
602919997
2217605737
1908183746
711230197
235309323
859576393
72086100
1111405484
542697658
517680459
18934005
400256888
328622718
27068569
3536107937
1048784922
61756804
1140233256
1412783274498330626
341094660
1174963883896795137
1233535581793247232
876181612790153216
806963350643101696
961333703896174593
396567622
875498788005310464
510931408
1432810637370003457
2881687349
1352247094145380353
713055550037221376
2401056535
46376581
2715953463
40196836
134551793
277496292
2850181869
1420485680778579972
119158200
31380527
519669314
997801452
237534319
1395373849626226688
810640513
30195176
2376198311
1366388613966147585
1491560875
3314594303
4899208306
1426868963028439042
60655988
1026107246739111941
950556500
286907186
1427618463149854722
136192486
783816727
1413459259921092611
704897419
99708447
1867929541
46599318
1324050884100313091
360100065
422611664
132949080
1335613547477397504
23438083
797465439098064896
1298439391
1301599540542418954
15711290
1181108894409601024
807692136
164794614
246176012
1356350908200857611
63666657
26307045
20515269
318901745
1422936732425674752
825388694580424704
34601836
1367349592614965249
1124251221919961088
333290214
31015153
55891957
46362131
153540072
2872574733
1235610347500974081
551730401
14285368
132652886
449749121
1417903332782481410
59686920
1410284189925117964
579140101
588621200
1118167514549248001
381446233
71824168
29311056
2966397556
810452255031853056
1416003398332207106
3408344206
44089129
1368185719131365380
1005484838072266753
14282345
268422844
1417607834322231307
1086394057809629190
70184088
1411503245428543489
2888211243
454736295
1342770242322391040
3366504370
33003951
91394261
453039870
811962823
504494741
966668930071789568
1384163554119483399
924029364517433344
1359283915740106752
874856436588838913
791205482530832384
261409790
897831632241127424
1389802294967996418
346698560
4289487128
360596247
1104697878080090112
1315608195776352263
1269956479387344896
3802782855
1104284201245908992
1411298722227666948
838081680879529986
23084212
28065973
21864137
1404389654279901188
55538615
3514085962
96993423
593370489
1179132092455759877
555020993
28131786
937264272
1407751646487138309
4704624439
18025321
237696843
865597761676345346
782519418916069376
510968482
35437706
36747640
93637779
338557070
1339847350173351936
377368952
1404151335386292226
259924515
1401832293350641665
25967453
508848488
56676419
414899044
1324019953926897665
489398149
20625292
1099246862220046337
1741593752
87666695
1082221412436324354
1229860293431504902
123669991
14291120
82640914
219653856
1239173568543539202
201667307
1147445747719331840
1351459251626119168
422866479
1338522338
105897061
79163086
22760020
49103097
963473900402282496
248385045
864724196
31513972
208240682
2996731568
455140487
1385151733475815433
1039233279596085248
1397176783355658240
206552340
1396176601663016972
29965778
60149691
56044169
401613697
18446435
740103488252874752
1330180897493147651
2977151434
1090705418010136576
41329705
57602886
293224201
915324433648283650
498964808
608400053
585978863
484888944
1324782911976071174
14266070
538868903
365340895
56199360
40909365
238195732
2733130534
27625431
19939667
1315532028
471928605
1394460055869739008
927997538430603265
1348222223258161154
357045064
433666050
135462851
1082167187006242817
1390685099839180804
3243772013
978638049587421184
271065600
43301118
1292749658457022464
307800081
1354471097023004673
125753084
1542228578
1145042425
386727343
1060636928264024065
1365466599990386690
472745516
1354708004562759683
982793893
825334635559268352
3964432875
85438709
2481373972
1034360586442887168
1385183589361463296
139461217
1109952151885963264
14544530
925233823
1052927700816539648
1262409055341105154
108937539
419747134
704986472080928768
616432337
138353232
36061642
394036337
443186550
1399951123
1383321701178515459
56182763
57001307
1531704739
1323026126294470657
1049666535588093953
224756013
37578531
1867389560
29176293
202526269
1179666778676498432
775084458743562240
216836697
797066324233060352
416438093
2182946567
11536152
975023682576879616
119595878
18725283
1197164229356400641
567187078
1346932027652792321
2255450313
1047526671841185792
1276242853094621185
1036652855753678849
341120582
71768570
893601379
1363463649336172548
819786253180641280
30705683
187472023
17082383
103616452
2385428056
3044288870
54972400
83250378
95482576
369006335
9792302
1386973009
129788686
1686028026
898324609
135294661
193273408
1312777270776430595
263258069
101891267
2292117201
1232317844819341323
985926334374383616
462998778
4149471980
2773186835
2400824184
26100948
1190380789730594820
3093394421
203296225
1181962463824117760
1305762535791042560
47403876
1020010727908823040
299515134
44540884
598299668
4114674712
289253819
1325928346656628736
48794268
67052180
192273401
2216781705
2540514823
40062854
20856837
374714689
443708026
96191122
48075273
34624176
258269139
1373151957012070402
1373724230873927689
1373597254678945793
103097873
1517555383
1033783251599601664
29953356
710910422
1370126240393408513
1430775114
1293622383660740613
1325196680304549888
14283872
3790184423
62011791
1243621045266980866
55654014
1346916098713772033
18610189
1368590501050454019
148686363
1351284403801108481
1367137262434156544
1367741385248563204
1111388947727478784
528914721
18004222
28099901
1209777222321614848
27722642
80386460
816719802328715264
3078159273
1286382383416127488
356748329
33659846
559709759
3872209341
304041005
1322855265037934592
402211975
1101565874
14395282
220833354
52033549
1157551921974132736
365982713
1121861208
57607319
53914222
979758151938568193
1858063040
80071993
16986847
234078530
1242743959119704066
2176246047
1356215750768340993
130453512
122039883
1268168084667412480
743474666602401792
2399269965
1351599969615147009
2436657234
82593401
4874650295
1201786712227233792
2177587998
875801516459909122
1354808153490120706
1065024317434544129
2741585422
1333673407985147910
841891836
2465173109
106130754
1078749802765139968
1003107003693137921
108617810
1349856571988258826
259395895
22049293
2765399987
1122510418545659904
2168137392
1149632889752936448
958734087400968192
853996495942627329
1359107805257555969
17104115
39155029
486694111
180107694
31136565
1247966591205195784
929648182350483456
1119317237352030214
126722715
806906355214852096
610804764
55948054
2881057294
377590012
233291161
27485335
1352966404358758400
1112288359903309824
296494341
1828468578
7613072
1261763658415300610
326171604
163206001
1342974457
3296365601
347279065
25533466
289395726
1094339526078746624
872843838431399936
714461196
529360281
206635667
2420645922
2243831763
31510438
1156210796105539584
1160176474978209792
63160235
498916217
2168470987
1347495950760161280
114696187
1308115690335932422
193421558
1566706363
1309373723481444357
33920878
1229014885599719424
810977368454164480
1495258927
1162694725519970305
1162442659
44581965
1297193484965810176
1318645292309401604
567684174
395209972
2412324578
1021129657482194950
748708142209531904
1145998045827534848
898875981703905280
3403299357
969896755348328448
71456208
995335970
1705275750
82299300
1457862662
729704781204344832
175187994
1356983895309373440
2305137562
394266397
115441632
2761265205
1233565816186114048
1464466166
90818945
234387750
1126304974848253953
1082396092174614528
1355645514532986882
2860246239
1316650426213847040
1236091402720669699
989463378
987334723
1298654343978156032
365635604
2808799599
1064231754750484483
357534980
1183299316531810304
496949680
1071398514389909504
1015190662860427265
4498756216
719194254
1354898820400877571
1324033007024558090
1239921716589182978
38693061
301460726
1096398541830930432
947115811080163328
701663928
94074335
880605982933606400
254512254
2346937571
1349610829709250562
851714244026544129
1350150750966603777
36031332
1259396783647719430
996848036922970113
1858067130
1124200669425086465
902279702479560708
1323004896
1347571423989084169
163165582
33645588
129098065
366728489
1006525260
39283583
144112800
1646881034
974218694
2969419671
756555822533058560
2966241532
69950027
18816166
389541917
308754481
305455284
264824548
966735121926819840
462277472
54946296
275710710
1097442953964990464
749584399105130497
1153222187777712128
2377330954
16945575
17096233
243791786
313957965
116404430
28992097
723189841182244864
1306837067675119616
1341881278346493954
68448556
879250144625127424
2935830531
843514380386033664
469216381
2930748934
1243863842
2402439436
252595859
492528264
38635483
2410522577
951204320078426112
868067207380709376
1048243078014947330
1090069308456292352
3099309022
66340772
845565068343492609
2996337411
313889321
1296197653546631168
586862153
405775140
2780958179
303147031
1854971202
348039692
1348016941047414787
497262990
420346619
617441969
1260914026743320578
84928688
1334164871420796928
3304849108
402200109
1219305184431693825
541129265
2233458041
4041061937
249539943
4184964869
1294320156534018049
1617853242
17816086
275551231
19385216
263430666
219429281
1405166790
28754230
35851080
977234499682623489
37761004
44135812
2758392217
2332472992
759832264939335680
3178613553
1226169489521287169
7879802
21889335
29463057
1312717211480600576
197448675
1043114631584272384
145024942
225132713
403007451
269953381
297394964
886305118769041409
264191126
2596016185
951515721795883008
62024803
1347295592523984898
225265639
307522979
2876802929
2159745587
53517044
28065216
2801818265
282777998
1534951621
1710465048
941402809370599430
1345003139431354368
2580785555
1346947679947956224
15955527
1222787068432146433
1325224203101097986
237622407
2250607685
394836017
779040090131685377
206301881
29182651
1144341867900940293
304850593
945752877938741253
398992614
1316289968164286464
419905416
1106248180868567040
849368671
463742618
1088058279324991488
14287243
1341331989769666561
3129968261
5117631
1151954555053203461
30704796
490396213
28963057
1282015877001601024
1069336507
1150167314060500992
1299376130
283824226
136980577
1553793912
29206330
128191956
855435744
2906129277
1101962086203179014
326893795
965949336998875137
1294662682075893762
1251788184616386562
1285952984334192640
331862974
42011088
1335937171925200932
3169658506
362896568
848167708948615168
1161216785393360903
1329740797659504641
16040065
14282937
870566128346697728
1181575746134986752
1338490164927213569
1053108241
1004325827792834560
475172955
42741077
1060229102
941388744183242753
2812776498
486011763
877708076
23576790
331089474
76989641
1331771401892732929
1326826122345127936
18670386
493456530
253712142
993921117223047168
768075144
1290651308442214408
1324502145350197254
776803260
1330892617903726593
21643721
40089769
1328757056397045766
998896452
420592327
116159118
518896817
39472159
1294327353334738944
635616639
3069573059
1050077644459528192
251081768
718349821153832960
2914188461
819471074459009024
3650798355
896147424821084160
3075948994
1329024471546654722
827090282
1236242025093238784
1665973376
900762530695565314
147318104
229640435
456827234
1290445750065860609
358022908
792105012
820334233
1237828378847326208
19018191
1210582358065340417
3254245409
350220504
2984766547
28361527
1382715066
18333975
66460291
193674090
55079239
896286257453686784
3898502008
1213946101323059200
1016326604987957248
2294266685
66651109
35182104
4396547134
68757451
41812141
2447734654
31690214
1853963959
74820061
1326441198404456449
136524400
122334031
1229236850
436778436
31372087
472927931
365379334
248884036
386545524
1072055971025948672
482310080
4200616895
1093912132729692160
2480091853
1323730225067339784
2939356893
62075604
221514301
1256337670034337793
794677331206041600
34050300
430250670
539247412
2673187289
923521592
627377103
139615112
2804795111
2431982720
1321047181554524160
115154786
1315364895056171009
214376701
17681911
81381193
325732523
1039464996575608833
1323940332896161792
426775075
918169628
463765807
816917165068652544
1319919082431537152
1315998574161924096
1322540874581102599
239541918
2921185275
1737141056
954233843854249984
1300390303300546561
350203614
1037437909824139264
332884288
177917586
405113967
471677441
27429524
1308908961538535424
4185877812
48680565
501063027
1319934914561794048
944602050
831217388133744640
854653332216000512
1128381103172202496
1265720684862492673
34434539
1233126509533126659
775380025
1290338496796917760
37163781
2667152853
1063172008597487622
473993305
282008712
258798860
22919792
360445043
2670519938
21749969
42220353
1220690308654125056
2931979738
1106935901597376514
47317899
1185489858
1306957674794430469
796822792037629952
1279148220183195648
1461771632
635724138
570022849
195111711
1050060505
1966837872
462931460
67912384
29087360
972038797
2315733352
30477129
2482000224
429016557
29178136
36501920
1114262832
132592233
722368390514491393
397403735
153694624
1044130392318636032
392142194
151932372
18364179
30843845
65619261
133201357
4829109711
2855833792
384825486
125926075
1107021910175633409
331612214
1141987988
2826409417
22771961
1208042953404497921
1290025295538528257
1290238063143194624
944200460
592652225
3375660701
355407054
1268113275868381185
1045918990063861760
863559330
2745848353
95092020
1273007297967599618
1715109985
2546282090
765573258
1073802444
1283133733470691333
635716830
29174640
45541204
962528530834903040
330267303
1243971752155365379
1230777583970783233
12473132
214809052
45144731
3408641159
67070886
1243122802355560450
404376094
362626905
133683225
172040187
273638217
29185555
3909199301
65306306
790274762400563202
882662733933629441
595703086
28152546
1218305440049778688
1540456093
426096678
1127565409887109122
226226681
1253242480344076294
1053112771
160891836
2771163567
47603160
849303039496392704
878185987213602818
424554313
803353444136292352
775316007867060224
33032425
584384166
25502783
1235983566921703430
763141465614802948
1276620451188531204
45829379
1033612932284915712
123528160
2346587152
540250184
996714809000415233
1153235840069439490
47709554
31096116
2600974059
748561212804300800
2853761805
2856117755
241686118
111702288
118448743
1214861
975523934
443010416
876363402
2256218511
164792336
109664014
4493731875
1030340234
2564335095
194635150
781569027357470720
702997780755775489
4569304528
934680690
1025087327746568192
821978730
330200380
4016044157
572836950
35209835
904309024761499648
2945676177
223626825
746001607364591616
1273766098316464131
1023053633645109253
3228358437
82711662
24687109
38016612
350786174
1363893673
181649648
36912144
41349459
35178863
1268956203159339011
21213494
889758548
70996053
367259775
62981377
22492349
1265012920443908096
791131621
113299542
636034358
1251947995639304199
2310502713
410003547
618268673
171211471
462162172
233647230
38232486
306761290
352306584
1240331634873962497
1071915895
1326716731
157063098
1894844958
23319109
3333037751
102426118
26198418
1269884918865297409
1190303886562729985
1389838586
431948456
238545001
1285552890
820271773
1351818199
401620456
1229865799978016776
35852829
43528884
198890729
22891868
330372043
58477132
22324844
459316218
2590058264
3125033591
1094508829
254710359
160589463
3121802099
17216268
1205131820951625729
2777762122
528515036
78693615
2235053879
2233171623
444148387
361969556
1932273151
69348515
1355510527
55699510
2971256453
750627115440242688
1345032630
1239377658
776105533933776896
797848262
479341009
513091074
453913992
1321902139
498318691
3434844441
866846276
4860608111
490445381
923679078
26989391
1104284192681148416
1200972715
20993044
1245027099171323904
127368221
302286168
47073928
1219343303130468352
857019480
46359538
33986268
1389658878
117834105
571656776
995364620817895424
359257472
237104419
31113176
2980929738
267325014
240758858
24339039
31472374
137645763
22533759
789463176576430081
30940142
1131221679995346946
1013248862
957831662
1028178732
15348883
2757147833
373330234
121786970
14685538
199604190
1246022481825193985
1255492365487427593
24575979
28419934
20854389
387309747
1089101509
382593384
4490607807
569741684
501923483
407814426
2723308582
33822601
1255234986887860224
49935296
38740519
710445036203335680
1245144850128875523
246764963
860761097338589189
550927750
868221946244325377
3219052685
34873510
487594421
2546144879
14285050
976077496587255810
15473483
40025776
740272297
27605155
298017368
160640526
14912049
1362331039
71250210
900316681
235705605
1117175989132517376
1131827822
816401911465254913
30827412
1212153924473380864
4219460308
716933211029377024
58134601
962358579310231557
610210006
484578549
481297143
2641331723
266604616
2177967534
43726157
732348631
1570908751
1189839428312805376
790606810583560197
1246160822348513282
484282827
710091820143919105
3357042058
15007149
1173340108306755589
802572180328501248
605490628
816439710478438400
565418442
1241731346181087232
842185273
1236936045058457600
579715745
1240060446167781376
1239595165242753026
62060746
173587074
151768781
1235865516666806272
42184788
845061764
153375577
35806355
20427104
1219990202690785280
612972910
722147376
180295902
222766992
296385566
38667363
3165982823
1226260725120851969
30891583
34896383
446574029
1136756458438242305
1037826394477219841
65611875
1228681063997878272
39217768
637295455
1357278818
211525422
2746896348
58164809
2207761090
1228239241588756481
833022867822481408
145565395
553607418
395622170
284705836
975351930166960128
966792774
376121825
14420376
1167700312448262144
1227511571640963073
1227933228893458432
385881449
2416050691
484184029
2149347688
59073509
39505623
4114844583
16581604
401888782
2565637630
2958970431
3783106162
248260003
42938159
62537209
2883782007
910856132
128019357
4746136097
166074011
2320494586
967320265821650944
968259269878517763
36077820
63932009
17880890
813897623967035392
516797123
486049642
1261784154
40726154
14283757
1451988264
4963861
417962383
2265613677
19392160
3655029975
896542432933924865
3245294649
344543363
586291040
27844732
617335636
38751278
18839704
1103185636331347969
1259150329
754223650744696832
42186188
19777480
1076534673478729728
2789399330
871278036859195393
20672747
371918261
519786521
340784837
26213387
1135160811847061504
1218222672783585280
1056639852748460032
19795290
14296301
480328319
221030139
351918692
29686161
1143974095
1127890457135124481
340417401
51103171
926533159977652224
227430483
150015019
936536189691158529
712887339098509312
51396153
569788630
304572003
317100875
27918792
829289059533086720
4155492063
3381640138
2764238603
67403849
26229790
36031018
2829608963
136939611
76099002
1277542093
188021130
1178928221158547457
288755234
778042802
1404590618
820431635145510912
2315512764
1125686619745472515
2991879411
36345076
275145270
393387610
65459758
2322176579
245454199
2326177498
152591353
41566304
38908382
19583545
226222147
21804132
3060905108
2157180153
126289677
36329111
293671474
1173622041112719362
839794498410532865
35179474
478132841
114854511
3099409123
325385270
17494010
475534646
18686907
109025212
838753427207380992
3907371563
56393929
2389241164
287240039
53032342
51997943
308502637
2168214089
26727655
26231053
1192119033295966210
1141402014343159808
596346380
14214281
1008976816986607616
14296145
1052460221707313154
227114257
2741907000
30881344
23582636
68293948
226310387
14048665
2805627770
15179388
263145923
32871086
363154143
1196888451527905287
4871860577
1196696671868112897
1173733071809646593
1028275856937021441
486427773
29677294
479853089
57832321
93814996
2181712808
21857414
25906171
546122606
54007671
515894787
1034504223445139456
872343314149855236
1189252328563576833
14277722
1189838582804099072
974242332911505408
340852718
14529929
29942355
33562987
27609853
840502412842541056
19233252
1139836531676524544
293752292
811308440
17442320
18701897
1127878893128572928
2719123743
59130586
288354135
522268751
2709664746
14085096
393637870
1175016805968097281
57420624
43878033
16129920
30699754
1320656142
152656121
3223426134
773467871888441344
44371573
386688462
1181109953295196161
292200400
45673798
571566922
39239833
908635753
520379022
1083397696856182792
1305778674
177674619
340619172
329999041
479442225
894251897300946944
14565360
438549718
237811800
18240207
36423190
1177511242828849152
387800504
910492003359760384
1161916237636603904
259402505
765456692
776171614618681344
215914646
4505513189
68801651
427734625
782120323
2382436965
50055701
932785156284350465
91068242
793593704
227241501
1847062260
3359672908
18458260
120895262
1110902121556267009
384388286
17867455
2230539338
753725731423813632
2315698776
1061701147
755280097
369442305
510563886
707765749
498986721
450583343
1171140034814205952
454799703
3515220803
281589495
500094581
99347701
1566683664
3648353960
192348075
19319985
193554972
278021411
1058818719755984898
232814173
3628947437
711161627383570432
34611720
36124905
404004517
494995037
37685197
456938149
70022802
130120037
856290036
436258543
701913275227881472
384387271
172423013
858741171883044864
464503334
354863972
2322659258
426750416
1699728913
14286035
1060961629687476224
256680279
14360752
4771777955
127503320
390044694
17425802
319216129
37237441
887576492485599232
249253255
141747181
29692369
1168530947140136960
2641221999
227476275
337299890
3423031833
737255272373202945
2577285961
876853728653062145
577301266
2592835119
34887292
475024685
4789896694
296184039
489479693
1619767424
5201311
49732426
730462334649573376
518581730
94210419
3037604063
223477144
257985605
161636396
117436715
17761062
1698124296
62006534
385822718
309369205
19654361
440209308
357996504
14282840
3296626786
1159382600949129216
905792773
1858352905
875439319342862336
310626575
3587337442
245341054
259959037
32389648
2949875338
825897440
1408785014
3116109856
802843822271168512
359293368
421242809
3017745940
195073490
523471082
945640941817356290
844501405574549504
912869983
404381832
41479189
3727072402
1095870115
58790928
2218242171
3873668207
1149436057433378818
373272300
155619652
1158703002259251200
892089068594626560
352548417
42693240
44880177
1685098202
481881652
1147109641190563840
116449407
102811163
40935476
19766460
24694916
26885200
34456552
38842425
67676949
138035990
189051125
329144374
384882362
492189880
901979438
281877818
1541364193
703738537
25352133
58445078
577921890
1885926385
76716110
1077597337508331531
780794758167801856
1617493670
3131144855
747807250819981312
968587494
939818513472114688
250722978
850361341823119365
848487418726580225
3217013621
1151543200303255555
1151888723988176902
2653613168
37468929
36711022
1337785291
16721061
938419883745869824
1359454981
14619052
29700872
1143845428624011265
180325357
2377656415
1134006493248991233
46207429
465965880
27714681
88001109
93486562
27836738
53032383
118814811
24206297
58458828
366093509
337915183
1358988200
19644592
2289104723
119048111
33300246
131926473
1601886788
367180269
823513809293901824
2831956616
1114191794479276034
1093045154
528407930
1121007089193836544
1132915052992958464
65924567
1028563724783812608
162689371
4023822982
302517516
55253731
704194771821195264
12648002
395972607
155829739
163145068
340976159
160524002
25996040
21084719
1122890417639493633
20362684
728039018
48302295
29216764
218063694
19394188
29442313
30354991
939091
71944788
64916983
154050557
1469359106
31383680
224568664
22812734
22146373
19923066
40049680
38769939
238125536
339055436
46098040
235229140
20598137
45321236
426116125
41394240
709863948686909441
128505500
59157393
59471660
27695248
4104562179
27915105
162473641
14157134
1974723090
829733244342063105
2400294041
329937840
130773534
343997768
19397942
60737753
19078925
19389900
842441376952377344
441307591
801011654
2188918438
738051932447723520
35558776
34013960
796071165894725636
3305623517
33013018
2407763749
1034855748
1070979968551784448
2324340486
34580764
19016697
52136185
2386608656
1032339160756101121
117748615
940910790508470272
229241362
510593678
2363670413
1029415540694179841
2727444065
108561918
83858081
527526077
2329033481
174762419
3196118699
216299334
118756393
2952084729
25477368
460042429
363659901
428854213
981668744920535040
2410945122
38635103
498167278
103917253
36970470
55058217
71625725
751328581402365952
20918717
25488427
1037797709577695233
873966894595940352
974263532245135360
3258437428
489509978
33951343
1072836822995296257
21188337
106730403
590340771
792605850
25669359
4894248365
17839988
113025802
2738545575
396618124
2575833812
116994659
220743373
1340359753
1880743321
435979835
1168615579
56976488
2491112161
19178884
953745484153327616
3082292922
1058116764033339392
827646206
308570833
211935442
347320239
34898791
207608019
4686113490
70373458
2870559848
55337743
1009818306835042306
426903030
48471150
884862384615149569
871040146120085505
32357319
1015288708789161984
1043563964318277632
1037705578313932800
2481844412
20667991
67063825
14105795
986599884341080066
24664027
3402488433
3331291665
30841751
130496027
1855109353
159158744
106204123
142611282
62923722
4814721328
143017191
145969015
20934811
241490028
1025753384723329025
67577128
23499901
341391080
70003741
807732456887488513
18868070
101533139
157907219
998966159545335809
15351215
112204442
21760031
21023618
14360050
47601462
410928083
92729803
17061263
433234918
72147039
23426159
1239366985
832242307508350976
899653969760407553
31547624
987394890622558208
1362544471
59083291
236405077
17208383
299916796
277997984
49370357
24680416
40444978
124967564
555282125
830472951942303744
373305316
1260619458
16017996
28303450
513584555
976305131405893632
23344553
735757615
34443564
779709360582889472
133738109
18387289
2279424897
542059826
18330543
3001367301
3972584608
2825747327
1001338838
87646862
480794842
250748162
26857134
2872106428
2610496040
951850851878006785
553785047
704048316036870145
489648507
930875050441560064
33560195
120183536
3308599215
3155698379
38282491
2399731020
1721653632
2790094654
14998206
433659257
37509434
1663172653
2858769347
32952163
362702785
208053246
966976291
49073990
510667520
322803264
703859286
935649719342239744
870843186
269939268
4878621767
399984840
845360172293914624
500624705
4005528171
4156591462
926384783407697920
80668551
78589443
732346982
730745780
1230740473
885838630928994304
264440061
18867533
78058188
3105613888
28726577
28092056
135153110
19705628
68741204
35019895
21698000
890829023198269441
18601762
477964537
20795318
227100587
169662017
264170191
170023589
906294173199937536
1138355514
151787936
364480656
34564269
848978637533708288
1918294183
117803823
311669709
790809752
55049725
291277159
894136981650800640
33894090
322531105
14651507
3042958539
2540482822
1407727147
120873575
520631494
3380985701
892090896635883520
19140661
20974015
2399141631
3029842806
882556526594019328
1180331610
873975276128096256
2729147326
895003815400919042
36059230
804678572870930432
21890520
28626588
1583865109
24509011
174426959
860751058540384256
407634764
865399908676718593
43591430
432831264
24525152
825043982006759428
20008618
2256102213
21129171
1087176427
758388160699269120
246058290
21393770
2391609793
2935423809
18332222
59548897
28078770
807095
731520737220153344
4342181201
381977950
38392595
15396365
48818226
263036648
1382215398
2784760795
2439950851
17648646
708585074757902336
568383566
105265572
301355849
19501332
53949942
829343966
2271609436
3410122983
27412656
785744650904666112
833800521601445890
23442208
328406897
340795811
4887555507
3150891177
23413873
822183720161595393
3345330291
29800686
626314358
30352096
3404082075
15015340
35195523
612664952
252499243
402878940
813723994381811712
806472261553242112
831387980
302705078
3315227825
20733972
802259723970023424
471672239
137346158
1330457336
2185062985
969880531
3160620127
19708641
248613788
2616990173
189888665
277171266
45565440
81844094
16542861
23185890
199670339
68522205
1014922465
275505184
4878062187
4047322641
239484275
64261666
24564251
359379800
33152235
2228363243
2404437771
415701368
337743147
55343309
779433869355413508
291630537
758654460805742592
3082489716
340420742
58733138
225038441
1384082689
18628277
771829594861236225
2734261632
4895629912
175332910
294073504
184737587
752521216167149568
347849896
17142259
570705753
1051396218
14312379
758702356397711364
548739265
196982811
725925007
1215174870
97044179
102355493
29678878
870091459
2696441863
5628242
14777166
295880911
1626294277
3396871601
2467791
47916779
16589206
14773232
2839430431
1025122170
61781451
354631083
286251850
715661826
752631891619094528
4002762717
350379608
522530914
2365238251
35720019
28545350
1972165123
32086032
217758017
2834944594
38033026
475672181
26607070
28139449
309824548
375728842
525338490
36974428
18611983
28964111
4795918335
1114174489
805345212
3208308148
1530339367
143386190
3645415702
2974973199
28757140
365321019
32051342
587475417
141875219
3341872458
2876420003
352230918
292885014
1394313524
3336480731
66204249
27677736
312882833
2625720797
26307856
1316676050
430180591
1070857573
1442188742
231301130
58569513
3190107085
3036199067
281948176
17189741
2801247624
3001004138
703895878013161473
41145460
1629860089
40936532
4927773759
703215929371578368
49070184
2380602246
4869574978
568412406
42703204
38229056
4891935562
188453212
43355487
4876178049
31085474
1247173957
895354873
194101689
47305738
19987376
238109168
3244791291
26207988
249633429
284693066
26097966
1101681000
2386350236
1630896181
2263220017
39510422
23523321
3177940667
38031287
47592129
14543022
2434054144
39063731
479840045
17473621
168691512
3305430418
1339835893
23022687
15745368
125960653
477923742
21872414
29509160
398244288
19233357
18975916
1364604146
518784680
408454349
4274931916
18670265
84634624
408598612
3058719389
4203258370
2308295399
17107895
28090915
203621645
30110233
4133228962
568507363
4144839803
516773751
2396088949
90375766
3208346663
26737064
136390255
33585774
32844394
257147949
237767804
2178120365
240367948
342063899
28079832
4025876740
339324653
845497916
45197718
2799887007
3935298496
2148623089
3861146861
3888929553
2916305152
461105934
3749005755
65460298
21423985
319072924
30679029
40505648
409350939
63129578
23830152
3549112821
36344167
965014422
21358560
3414509159
333527792
391243055
196935165
356852568
112428297
3417771364
28160325
3415052757
236114408
3405736828
3285895885
34972320
3197051553
238671906
186172126
2959154715
14226613
1670994350
219465351
1513811304
374465934
3356023912
28315847
38889145
3344349220
309559389
16344620
3341148665
1970966298
29437847
3334377035
22247697
36074497
45907664
2561056790
89233219
550473393
14282541
211862856
1527850279
232867304
1141852772
203496736
770132330
130241363
3233964449
3045826022
3240095865
31267211
711042579
22282690
26208557
19099958
43285951
1536791610
822215679726100480
246492252
497959904
39063674
304914479
3243105497
817554637
326766879
22524522
31740660
475024774
28535253
3079733085
210572603
1351808234
252249518
7723532
22481865
426702055
327064489
19061893
3175807619
942304814
832999183
2424327958
63425851
16698195
573535964
3163536699
390782359
478640244
3063290968
403647749
96010420
29028389
178302209
2874129025
2219254012
3052702307
2731643529
38260259
204832963
320385432
394830712
30241775
19977718
3107578354
30321622
55123528
20938464
15912890
1493144496
70665468
479491980
268733546
1510235358
20889472
44196397
3093079390
901696081
271423129
228694077
21532898
77041321
245887065
377563873
109017660
103280252
18079528
70204927
492547225
925544952
551819324
470253315
102780687
407767968
3074691215
127637736
601367747
38824745
25707195
30711056
471425301
11193982
756895303
532666723
1617557226
378689610
353040882
18714976
155654120
462751333
1107372186
122195535
2964099647
219667972
150763346
268553359
359979092
1160180023
421125838
102616697
2575120207
113439411
31109467
1062512604
3034602533
72832208
33993399
601775338
307045519
467424406
1490203351
33847354
1054885075
812141839
237362654
41579993
2800697951
915441164
2966696183
314075083
121148176
69668086
2872701496
88753421
337332303
265581656
53886762
80109709
33538992
22751030
1330040112
26837025
282790992
67256912
26093995
21391301
2834949994
209022228
180704610
2173284015
44837562
42143633
24890121
1470607100
410038024
26777438
28806730
15353365
464621111
23320712
31076081
17987852
2512551217
2984327687
25171315
420959281
110998155
2958810930
25966747
55516088
500753985
14549178
65416867
375622371
28063563
1652541
742143
759251
51241574
35456283
29746915
1272109884
17066475
43784864
1204201784
31371709
1382743280
18725815
19103481
38045117
28525763
113701840
139035713
29172172
2924816561
490650354
72814742
381070421
26325434
62574827
2228333039
24913773
28082879
53680033
2319108198
2909886951
82341559
2755430545
2263105532
63084435
93847093
120574386
63746892
305242092
2180532753
39599815
66217612
18554686
151856844
81801121
19962340
118351047
28998776
524665153
517844607
422642805
34565275
469328343
34693983
40233148
15178951
2453527320
61735082
163052155
396479812
349186423
130267435
39745276
1342082934
39219035
27737368
2901089830
304543204
42376599
628810304
67218195
111268451
761541476
1324336657
34355018
19867810
2192058508
68780681
490514482
64773558
84673250
2165288930
32961333
52104623
326209057
147920224
901677504
577308650
26267775
37676072
36096155
52397710
47438401
80807542
56787463
39738562
26591786
34578070
39722552
2827957418
422628082
956857736
819168234
40633689
24506246
2585546454
597245700
33208145
416324793
19975445
52765131
28825205
2835842872
116715920
22434517
148653311
2256760459
244571847
25159286
110698436
18025377
40873211
478026444
446505294
38741412
611664146
160676165
464645247
2791694236
1089653366
2814961595
87933858
114436489
1660586610
19017582
14196264
35739895
588155833
196165072
365998570
351650159
2795773568
34247106
140423271
47974057
66693790
273648929
138734556
46624954
2523320130
906598578
2369854828
399670596
27113674
43900340
22608196
393448735
1653771666
18560876
2217999593
456952283
1395044412
1625128381
45519320
919160532
920783642
14419378
2701183771
1323104856
2772343192
78926518
54936850
28315929
20190719
1299671238
54175087
60896067
212679945
292615553
122072320
568305378
1462976336
1369193767
46391393
819241297
19127726
35248084
28128082
27848098
18948340
64385966
1707778039
29941242
436802858
203598586
56326379
2352264009
174646175
216127792
369395471
2494081446
20150850
126325202
277442829
305596173
538250385
2591327856
65587410
377605863
1253587333
2617656234
531201617
234551450
243209633
218289925
267848594
764884
198625434
34869424
87078151
288703550
2488800914
514591995
1901046649
224740201
14288037
58881747
14282894
47588545
2650464768
2672784822
179870766
45315024
2633018244
793879086
17079400
414334941
140785140
241954978
41597644
2489786870
34859489
2656493802
37620087
2645220702
2264840661
225273059
873200750
2398329703
20301193
17404231
20883211
369736501
31716155
127074628
217530764
39974570
22770032
81197942
2413973712
64247948
14118604
595614225
1495165321
262690115
24523390
306335934
357735630
20901079
83199512
2637258154
2584158192
244851816
108114771
34400885
28316519
457893038
2493524095
24250540
18563178
27207896
138134771
56184740
38885139
14304692
2580682589
25344165
2543362969
456706362
27876711
269988436
1482525636
2496914383
192192553
42279760
589158587
1251514742
250785945
132475328
2512205474
2558562478
29967293
352408058
1058445638
132101779
2509567693
49987201
570785861
14487288
216467546
46069999
2398597992
2489138732
88008789
2436653006
24441301
40209152
30249703
14286342
20152971
6626182
1243861916
581273253
306777752
110373312
21746816
30739418
2345094797
2394777511
41646831
21393069
108728225
2250673858
2400225506
320679176
2473681896
469501863
2523379467
18520064
22604909
886282171
25380560
24055535
20223894
1108291645
42920657
14284443
2425456266
507541495
28304157
1279871724
212226645
90026224
404981052
120016603
1479288002
89172908
346483428
847234362
2426814174
543302473
155177727
64366720
602603558
22363451
346035066
31362764
151592610
1409688163
69538062
1238448962
488834363
89484734
51243315
47872138
2308879053
1859727049
1351717224
255004362
216885852
410731663
30651039
2413425671
224352840
626507208
65345246
14659667
2417153316
2264322676
65874337
85893450
352534464
28068543
2328651867
361871950
449680649
25482639
550085442
34941106
20868447
40879848
22062371
802428924
365964778
314506741
115441879
429031418
23115403
19297030
42615788
2351312461
42508097
286750097
32991016
107821135
496817626
287302106
95238065
47134635
1369031936
190194315
26611789
539397380
19067012
374067244
73696535
14172175
217351039
108856784
27105229
93871070
2357414224
247251231
22012466
28804247
399951749
2319032405
428333
148391437
122994639
5402612
98576755
612846640
2288308578
16671869
35067421
185563793
2351017312
123057382
529334746
386143400
344327156
2180608131
30705215
33175300
290115487
165485532
826926157
2341253739
41457314
21003895
26601441
39727872
509040127
2337771695
36725716
1448931236
77031447
454097455
30284835
39014421
156201907
169490514
22051005
857663072
304608466
41368771
37678196
908582750
830650993
249394887
95898654
364157227
2271186381
27716729
2180849438
252800692
2296352710
808423141
212191011
54917900
2287007891
32535843
630335453
54667301
25346891
241959982
1662674941
61239779
287363707
1384157329
69392154
266698643
23700852
19769863
69291667
36775945
2225434181
71330663
2265591029
108417952
63668066
1904973606
75264120
28584427
2220084701
44869490
14340921
17833235
953417047
744702211
2176309548
2240680102
512293621
14797187
568061332
588234393
481991629
524119904
34033847
204478853
291791225
1966343502
1456563074
46746424
49755218
89382105
1319891192
192220082
255558058
27845999
62156156
113147061
808461440
36050996
940056397
242031924
397219507
35217477
48966732
1964521274
1490541247
1568450005
28964834
1668818786
43673022
402377699
899800400
453303839
28780206
1731333426
90534982
23462534
1080803773
30287258
21891255
59569015
235139874
607016620
156981013
72880522
88264684
54856778
743060426
193597488
377618572
9326842
529278592
292484280
28075254
89789859
131186123
144514524
859407446
132183701
41093559
41785808
16017859
31689568
33497800
319025993
239291643
18096145
1178437964
428282689
883771351
25492392
33307967
24955372
221476163
14419039
33872705
905984431
238308510
536614028
37531659
20987891
318422208
40215521
21853001
27877065
29715510
1176843834
73862642
1535937890
77795018
17691347
579866638
26296624
70423313
453158254
42715161
42100093
35192377
19263240
799696837
24539363
84709356
22415635
510747531
32416211
545394515
1157965518
446998634
181506556
813393571
30855150
270861170
47895003
38199075
1903996194
78874906
22975747
1055921989
20229175
608220476
38402978
24661842
1488667016
22988843
29792081
29928571
67557660
193199064
28103763
35520589
1679127936
256625759
37722071
77808402
22014140
343906721
135917823
19256979
402644147
329004156
94397645
96861734
33623709
869606803
798432768
223442298
19659689
34034031
55541718
1009813400
326436533
135820177
19125743
31386412
24010664
514619153
40825785
7027112
28148610
66664753
18435641
344331835
23582217
25129391
14340875
23436442
107354968
850749608
87237306
31499866
85403705
156455133
18897831
419197802
20183521
215993689
14906581
26818369
200097586
235941182
214845100
965762185
45594856
88896130
187974361
594632899
196569190
18797981
423343032
541522566
1860429764
221110729
349872308
176758165
72839317
227363686
31206435
462782473
33281373
242086029
29284952
399106062
37390830
67668487
34231784
19901366
38496097
1144815817
381064674
954462930
52785255
19081813
78385212
1320098425
27885665
18955891
1043373894
355702635
32873744
25144335
156944270
34285054
1488840763
193186935
79618933
34334830
87904514
45791579
372735335
615283724
393501510
109665660
287567451
473031101
85529693
56086416
36918193
306095145
360963923
98772794
37625849
402270411
575311649
14402173
818777893
807629196
29821030
797752596
155947599
1049031192
349132087
193017662
36023933
14419874
31189481
14351105
1208941832
1027047486
1709956561
119672633
58180860
27462848
214049275
154673517
19762987
484594974
1317357973
172626493
512370122
129454302
1428241045
537368968
353652117
501744819
14362078
23067843
19206319
18797269
63073258
201653163
36510958
1673125279
350954507
799882339
477145943
127268367
335862361
208623146
1241289594
923564724
371502562
320766476
496952496
589313867
478039169
230864549
25137672
340549419
88459833
509237663
111322128
55061116
31687026
188286404
40869450
318977179
42625724
1568603120
68948640
59595316
252118230
306916140
784452517
280019924
577393516
25660561
247731450
56239802
238436945
196089294
12061802
38643660
145616094
1120110816
36100468
1477123380
66681098
292308910
27659848
291927521
542198037
299269647
210526095
192889718
14894302
21695321
85594944
921156504
223085732
426486458
31700411
31110822
479115980
1551459979
608348160
452896048
25860612
340561551
44174373
171471949
230535238
1195765214
18897215
912566684
470160047
34234696
62058259
85158691
78682735
30981678
22194908
17120510
983411893
372403093
51812415
519352025
43909336
1083987980
66433571
33830895
24422735
26798240
26470858
469780703
35793326
306331122
52369249
1007404717
480627074
531531833
1070829493
47298919
49627168
1087204423
14114267
61724625
392176734
20432556
221000907
33179791
126446628
455724495
25861301
17484539
18475198
7724452
844237640
60668345
78587299
492091238
17187505
1312068492
262178051
572871250
377578254
307005361
36006119
991956258
50082777
34246864
18002106
1735311
294277969
14351028
606448747
222049698
172842460
38449766
34357825
512332598
27126479
531498039
34987277
62339137
70987513
715834782
29273536
112871323
161687151
15101278
43091419
620482271
261840015
41878492
221674336
600339457
45919516
117148918
1318639441
24156016
41151010
31976183
56048102
864348236
91347516
222501593
1039725918
388719277
1397661872
69396214
340473383
397943559
41183221
185343614
14350556
249115175
964266828
82683712
50389557
411667034
372765977
30323439
469638160
1076489826
20700289
44881245
1073140170
1209802634
408776492
260692284
15872682
131670765
68635663
26306450
19775860
28828199
574427027
539379222
99515710
17776634
803184186
471084733
14859175
107762215
28065624
18671230
45877859
24608911
1338742111
520329893
53213766
185321011
36107577
33667980
835202574
361397797
32153805
29684064
389973334
33885551
48713549
139047756
32352556
24441893
1037351
13486222
259719962
883921728
39966546
345842262
1067702420
385978534
30868710
231118152
1100427314
17230800
528367828
1500371
26066874
32350318
204277480
268208830
340559307
26710373
14997025
55496543
17650380
268285133
1227221124
1183552254
95448977
1108637306
31963968
112409312
1281077874
61215679
14559554
14723606
291568131
1005990247
464061917
31806564
28338371
139711581
20936956
390115172
146184348
984369042
1196581969
38822086
28122204
14274835
100609024
33993612
40322305
33852061
488741643
464572941
485172846
1254305484
851710866
509100506
32550110
67707084
63516514
286581126
311936077
22049212
21695947
19001492
24426957
32542763
4384251
17482669
63262403
251769222
148435050
21590690
38696507
197465571
513079988
39117748
411847231
278664682
258405457
580968215
402392623
24508944
42042554
20191034
60889124
84460774
245320825
19017103
1180305138
615571421
584576354
23176823
270779278
47417745
25290690
1198189740
611018042
134193338
43525582
541041079
46985052
457640845
31367759
66796168
71069347
1166829439
1169671267
417158005
1165709210
1007279654
22361149
55047054
33173770
138427093
90855234
31397933
317101757
37387091
1143768420
900392084
310120071
59285702
1032862448
1106186316
46487786
284971979
717610795
37876601
132255549
45573406
241636550
309262809
15100833
20914689
92043674
16668912
148456623
107410000
177911444
214908555
108378133
30030865
234517620
529261960
31822122
1019443562
142613436
43407944
385870354
21574473
331760209
34656014
737075138
45614100
369419732
26564673
14353621
558922625
35890178
23104499
59424363
44959207
47318453
276565825
58737118
23574285
193311364
33348473
283103352
731371362
19744711
28319119
63938155
952662672
363282607
18675926
932403283
21687320
345285366
239833417
359273326
18530203
18576537
478553827
45086329
20145056
101727020
380447911
17867748
45536239
935434682
63816428
14296784
64148350
33565889
41379165
221377690
18377085
15895694
235152664
42843759
818053116
30656470
29417866
33426383
19157451
27062533
71885961
97220037
14744794
494384645
19962261
44203664
18970504
292289486
618533300
29435492
16250929
236829256
16017475
36099106
269896276
13850422
54628231
225341716
558062353
361774924
31662242
816993776
294206740
138376196
45565446
381502681
222867271
19388802
522531461
518705342
233511339
459378962
843962900
85458166
475999502
18639301
839346397
63132666
51155104
32816797
44943684
324844301
136392057
18043746
125284155
29673427
33013437
18293645
237524449
41540963
303426507
15027785
65147672
30759351
333903537
26470805
23641557
210039481
204342128
84538257
284025416
358969925
97406478
130544240
5988062
24509661
573643334
38265914
418827505
276493304
29659136
481932428
746943120
15894774
42065233
9990932
403320517
244225925
776529696
30873513
29716556
84842041
499776536
35183264
22907043
249319149
107023340
764124031
49774380
770989208
80895456
28178236
66998183
545231723
64697682
9695912
16362310
141917008
502918718
234525840
623149189
353951333
403646524
503245246
158351997
48536494
81578629
210046869
51200901
461388002
28776654
33236436
32467248
30505656
171438889
142199485
199665432
114526801
45786456
14277840
25262480
66738177
268327245
577264585
575172871
14330330
406921372
27317182
143019846
165785868
18264009
14407392
613526259
505904075
15017575
32152923
368803663
76450358
236108456
36075245
145928789
419093441
20662498
349027726
556746934
267122384
31090806
106769293
289004106
56076492
582663428
525328690
21843450
39484150
14287446
17873227
184837615
25103877
22834808
97512432
37231899
20796069
170336547
131280612
232936540
518313991
199751812
202971486
19145380
563732826
6012852
23785168
547145561
419788091
21904772
380951897
242861232
546328229
267410607
485686519
31093617
473842084
527719505
407952439
85640142
236839814
415679830
474330968
384843853
15022445
496989250
33598805
267263130
64004084
559396889
330544213
89660415
249837295
39478117
320829399
45342108
111704194
48989928
24943512
20044495
47607262
529472395
114042360
390856590
21746360
44207761
385283285
14285455
191165723
41090452
42826539
219093490
216448026
26344613
46081160
282976656
26018502
141709158
39506065
76292859
90448119
141744721
50270386
16432083
22920732
39488289
29697649
217593876
61885765
28330830
24950478
525514579
238945097
196749708
36039059
47487191
151593788
146566649
67654414
267403905
25416669
359513242
338049872
409367244
30941476
21588799
412194422
541126774
504805071
355643629
30911668
157295717
24119198
356398393
292808173
204525639
29000770
509374404
165940771
42045125
21293680
275532410
20853361
382598137
126089832
38638278
44317501
276172272
391069498
274431757
18669139
37193436
529665052
65914130
304646204
37665779
17813010
384786873
32397331
23937836
14291795
502859895
315450755
260132760
292904816
370277273
33609198
55599692
454191471
34910028
38646590
21022281
82325555
21846143
51807708
17687363
65907870
14321205
19766036
464559351
74401155
316563842
304084189
481096876
487429328
30714133
234132789
107516611
25803631
813286
26214264
136029854
36307732
155976053
37921321
142282484
18549724
14687587
221822662
18609590
16718406
28064296
14617551
16904159
22172506
14287712
20210193
17187058
20854544
378752380
23480387
234881454
33173363
295876501
55189997
194724592
275528788
289437437
220641617
35612924
40104646
288684815
20285266
57696728
21689226
181890193
19764533
354516475
30311534
19147731
63115140
28822089
163411702
40727926
20270952
22128801
134819913
28997082
354997364
202695830
381159574
33279564
37416154
35880536
33988509
159845559
191066432
250435513
