437997027
2198378117
2526340671
2711232799
29928571
39974570
3146625050
18628277
3434596883
54849600
2707457680
18046947
351918692
248772914
3379350184
29908667
208186695
1055241553
459181574
703140685
2164344102
3014681169
3017099266
60972193
104643290
8671202
42827637
43326562
588499061
482403457
72121824
221822662
18609590
16432083
59548897
256665194
388867188
18318675
89129211
898144477
914642977
215974074
80280879
452257629
69084442
2487311608
41867714
3296814345
2987658226
46440910
2499211280
28071794
906510229
14665509
22121419
18306542
50779883
392268363
21695947
241044193
66931170
28594152
236350910
35018229
29048227
55496543
