1501198423881625602
1450024190732644354
1145241983432175616
476683327
85073707
44869490
40529709
1488497635690430468
1489137345832046592
825635219504037888
317355764
28527928
1497897188353056770
37706685
955699356388265986
332914784
2990501547
18629239
53095936
3290942481
702426388024971265
207998589
1040840683
4404268816
197100857
1016132976
422026588
20625292
1370413813439287301
510135719
415852109
4836031750
1219990202690785280
2382613156
431873673
19190875
1201821740
238320807
2238273569
52033549
1186425182
266698643
1410173753590534144
357112241
99708447
22356192
260132760
1878721232
1427356608565293057
1495894834200158225
23418101
80936241
969962942
2180849438
19667095
2772355264
1639999034
1415842396982714371
1209777222321614848
907517876973834241
340359004
1484304843992797185
1405153002558791680
2601566029
1562793223
37905264
864302522
1470454975
88649549
499112070
1373063426507935748
1103185636331347969
15015340
341991404
1480098278331060225
200129821
1479437867491463168
418827505
222541548
1897817706
1477286964223266822
197383762
743028454417895424
369711825
1468607312927641609
464804818
3388715182
398284042
253217411
1474916381263122436
394690639
1328282646405926913
864500300
37387091
1345147503608475654
25051303
1468576868370718728
3438890211
138688151
74683589
848496867440820224
1359283915740106752
58748079
1456260130622754817
1970966298
761148190901039104
111796324
60655988
739044180
1423405348006899712
786618270
571656776
39974570
1455818338303684610
361852315
1392524242340691968
1336620407584157698
36025548
1148047728
1448024404928221186
1331469427
1004856996
480794842
321298972
50604877
30644104
2451933158
2343100761
1443949964313481222
29174640
876181612790153216
765770892
2491449146
596305995
864406880092909572
51103171
26798240
215040350
220774885
1086652628
429313316
1331931990552170499
987334723
27068569
1719501925
2391227860
169743686
1436075158696038406
254545609
889765105566699520
4875002410
1431308086204157952
14291120
233576076
19078925
2227376980
29172178
1315154678427066368
1422936732425674752
336143482
59686920
437652671
3420351418
1594702040
1315998574161924096
53900982
49935296
810627417488297985
90375766
769169702757273601
39266020
21643721
99132033
2917003214
1000694918967328768
1349149096909668363
97917190
368672643
1142891265312395265
782519418916069376
1004120364
36747640
708761049
1294139700438085632
1404151335386292226
1190679407733739520
1401832293350641665
1403796160226148355
1403413371005833217
56676419
33856625
27876768
241621347
1375044577
894846875710500864
555013087
1401984912375308288
1159768542327320576
30823412
1395373849626226688
1082634132591652867
4341080655
20969107
742486304
1396528426354450436
482351590
185977570
958734087400968192
29965778
518300075
1893284400
14282565
1262523884
75225631
2980929738
712645860
2994791165
46366799
313317331
1114581420423438337
1389312757019906051
82331734
2324245503
1626858728
4468429337
1392608088184741891
1160176474978209792
415541065
3032200776
1193898000533331968
31007362
2935407683
1715850816
41566304
72264491
1328382943715323904
478349706
1385194310153510915
34917220
2367681445
292875318
34053348
803694179079458816
343328555
542789432
93814996
17931154
54848187
2182286423
14619233
470556597
39713692
210807672
87551769
838753427207380992
1020010727908823040
1380415467823718401
73961195
29944820
299515134
4186118775
707853209159729152
582858683
45556288
1311754904399155203
90269599
25805313
1081195805531426816
864811111467683842
814899452867739648
1662631015
39023756
1117306682361643008
1255468596
37761004
33659846
1197220044624797696
2339745723
1347492103
555086939
3613512017
1045173938
449748783
339321219
3107195583
345785711
1294327353334738944
309858651
333066092
113454353
1368590501050454019
148686363
2646716219
99322285
214064340
251694872
1294248670993547264
33894090
875801516459909122
1156555316
1363497548900667392
1362539082585407491
522413221
295105605
28099901
1362866567265079305
1519675345
380855698
1354885958471213056
43529098
2738545575
365379334
1316289968164286464
1149632889752936448
955474624917188608
1359107805257555969
1119317237352030214
1294188746552889345
1330892617903726593
39727872
40438891
32671410
455238654
852891301
20587635
949247433900478464
498741635
2596278278
1324144374
493492947
1037705578313932800
475024774
19770476
18878809
542808064
1583773928
82962042
22609263
365635604
1071053863430447104
1352988916526305281
1144962788554682368
27204427
27109808
822215673812119553
220070310
4221104657
537925688
1345194625
1071540572916277248
2547527065
55175377
3258437428
348685910
2263212295
846663964406824960
1349030481912881155
1235865516666806272
1346506400252518400
1326860924486103042
1384448286
1417733786
1312028370088144896
1328639220970303501
1917172627
890758396831334400
1346930297925894144
1623469921
167092490
398187587
1343993245714554882
1136717299090698241
3047851542
1007744523949236231
352230918
799404150664601602
332331232
1285573855
91202698
66480609
1347295592523984898
200641495
1186021811609374722
1268113275868381185
1539666378
1335592171592937472
519786521
1350439382
90720596
130453512
1339334772
828902081440444416
1264209457808015360
1352068530
823326804
40192418
276208711
113025802
17816086
53637680
941388744183242753
1331771401892732929
368309250
1286294355020521473
582681576
31113708
28090915
494995037
1333653392007237632
61290892
392207801
1228718588967694336
185374907
1053108241
19392770
111546762
1331177346389434371
956045948
1330846735686660096
1327696939241136129
789004010
1239238620613087233
2992918971
1006935486412320769
858674768
790821715710349312
2957497480
366090568
1156269686255996928
3347509803
1565549455
2412708031
1327595187724541954
1134088884
41908037
829401307
852253623757230080
307565064
1155835016859062272
29185555
2891150805
1326240210041106440
1325878475207610368
276547276
155014550
39746082
72650927
94538562
71031828
92015358
102811163
1110638263352598529
939091
30354991
1039464996575608833
471891616
186373810
151787936
486988430
325644488
3154124133
40444978
13341752
1296044944038277123
998896452
372395518
394582217
14314791
739052340
1045575034050367488
546122606
93963992
50303955
3055256084
21110655
1176359875040989185
451507739
1664654215
61028945
381129720
1313886710573477888
1311626628632633344
1312717211480600576
866628834
29007302
41911906
132644365
1315571110881251332
65696989
752579786
396188595
92627682
137635322
790836905625747456
2215734040
1061276106395922434
1181840582169288704
1166361296834629632
359268879
382823580
382571795
1312703834981101568
1676471610
479853089
20672618
1312048205195087875
21749969
467540156
133625809
1306601159680053249
29447307
727110394414817280
347906117
258095058
3306641061
76682992
919300699376242688
1215174870
1260977209390567424
92965196
44846191
1307224377939947520
469744732
145565395
1187000001588858880
377478688
2966241532
1028631307528626178
27718077
3661701021
2559255147
443125419
487479321
3822458890
135261532
67676949
828967532702863360
851710646
536174286
20292715
366058034
806398674
1298326896426573828
977436671179481088
18594702
358502681
327881602
145065609
161035285
2316777825
89475417
1295377317552893952
331612214
381971862
3417412637
2810488437
863308099
54873729
3369739641
1208042953404497921
1267452992
410224608
2513297579
1287101200505200645
1118059759947714560
2796148662
1265656227264159744
305455284
1290238063143194624
486647593
1125686619745472515
483649656
75005550
1419072374
713055550037221376
1285491224
4689515772
314028540
1175847920949760002
32613716
1284917657523965961
2304057521
4570963697
22606723
25048527
1195789950802911232
292200400
2280909989
1227190846858108929
294015472
749850007
1273007297967599618
1001348232
39480304
32113690
964435831724355584
499829922
57945285
3044863666
1463007084
3311904993
74402051
1074776647
1216287369013448705
2610496040
366320707
411440471
1265167464
21859509
77990661
31379089
255628022
529320577
1271136550114471936
1109452214
18031814
282665540
297825779
28822089
496461333
20843718
3342826865
31206435
1243863842
229763503
1261763658415300610
328705508
159757338
33980385
2910596133
105062273
515431540
211808263
55545682
3069573059
30815928
31093851
28540374
33216828
108097143
270602423
1256193247627685894
34580764
68819165
936697177350508545
955341760103841792
1260292272408666113
311976344
303930927
341449279
1008377520729870336
2339634867
107115758
759540661
1124722333208457216
765894212
2805627770
596429837
139047756
1259145738023571458
559472461
794959888791244800
4889205064
386467121
34869424
1255938589969518594
181130452
458748802
33208145
532981570
281515223
1133650453458235394
393387610
730782625389006850
500029577
601862735
488415784
22975747
33003951
33885891
819487748
3044288870
2151395850
17335237
806963350643101696
472087439
1237438180640555008
219093490
956118696
216407903
75236851
371271735
1551459979
48966732
1277607108
365321019
837442461500903426
3526284802
716750286883266561
18530679
871701848444555264
14286342
767253742399938560
287240039
741590076065501184
227114257
5201311
53357708
34718571
340178584
27487343
186385111
1223585483713851393
414852148
27212142
132958659
12679232
64630577
764926778645307393
14282345
896542432933924865
28206390
565418442
72792429
58004408
510850441
151768781
563748876
822964671305121792
379096639
33172183
47725207
1657014960
1903471526
163074746
1113821524866281472
340650354
1120036321286864897
796071165894725636
302206887
242500968
399252107
18319125
54215948
1042507220167090177
457483882
39505623
959074220289425408
45136652
28141471
782120323
1073262134140772352
541607661
52675259
931285363565490177
1217001770070822912
332862838
266553628
987669749546082304
288699652
470605326
199059928
3760128203
17374906
223763019
1220747479811002373
564058058
408009479
776171614618681344
1085984536247369730
1196385412610179074
1064565804006604800
913018310
526651741
76099002
372462734
1192479630701289472
6706182
124967564
3291924044
629228339
220046437
168691512
119382814
4275123076
843530648
365565184
433608736
333290214
1206945301203951618
25704039
2379274865
245958269
569788630
230649466
19017906
1205216088016982021
352978665
2818756895
2812776498
1127890457135124481
21906990
1196696671868112897
1204442569154928641
722711599367254016
488379631
41816215
469585545
1201786712227233792
1071915895
1105544924274016257
5036541
1186967404473147392
755712024
974242332911505408
115055527
404691727
1603270376
502736860
97543442
14606990
21923882
34896383
191562178
24153920
288156142
1196850279850938370
1196527020680896512
1196510148497465344
207608019
380867102
29700872
3996431853
796072774754246656
91955956
66700763
620952439
873802741889609728
1189145258564698112
1326696127
34888013
390694850
426773410
602203032
2560135755
732397975
1426289635
3490485555
4114844583
1683077593
615388122
53511596
20050087
606343101
558789035
46359538
1435262418
714510752208580608
1165522481978970114
74401155
1183043488994209792
582592165
1110902121556267009
26207148
1111299641222545408
14291645
190327803
413876032
74981881
147318104
1181109953295196161
1327410378
1065897328014491649
1177511242828849152
587432713
1393293595
586422990
1175762893305982976
3048852564
2611422678
2154035213
1109893954101747712
330639933
29967293
120895262
313029139
369122782
4894248365
21071930
843146674386190336
827984916524781568
165431237
737255272373202945
289253819
2985994372
82311233
1040629526
401628578
1706813942
26974962
759828464727887872
939818513472114688
362360080
1103098227568664578
65459758
363832273
782582539336740864
125928871
1959103621
2269308555
3432728453
26307856
43299981
498632855
3979022657
508488268
169207455
40505648
46207429
458689439
481401647
14872160
95169910
399282751
4567653261
1571181806
1163704011301838848
366728489
1267434871
844941982321573888
385822718
326165164
4559928033
42938159
495471613
351918692
365602444
1159494597757800451
984839516
1128587028080275456
2228363243
30919482
87237306
254956683
1972948940
282790992
233291161
225520725
32129282
390115409
553038997
76716110
25352133
912271406389395456
1563509646
171232141
489648507
1092459508616622081
1148190522315616256
3040532337
2485294956
167040021
107175962
2928014001
389610972
23040265
519907457
215742207
68344771
161210053
47892260
1121007089193836544
1139091327881289728
498130171
37888596
2282453770
487604877
24523390
41999563
85893450
535807660
2867022792
557101543
141747181
19976171
41479189
125284155
27298935
492189880
349176100
2897592915
72675026
140353712
269777232
40938591
30739418
1149338690
2470745502
35462338
423602688
89425108
804447103904714753
237700101
2359542988
1040471108040966144
328693293
2290681618
404110448
155146357
422960476
594694186
30841520
770986255
38428738
112666537
292393135
981500950581039111
274981402
66073037
265486447
176389593
547694915
1127528170436091904
61340005
17104115
807732456887488513
38497489
29746915
41569367
764338268
58554071
2804121360
860761097338589189
114854511
109664778
66300925
193873773
982936930097745920
571324391
1238726810
888471139105865729
1264282884
473734864
497451680
31404274
486386146
22989525
29304837
495841489
380580452
3186629674
14284852
262071350
133887945
1269692077
1683393913
110971491
151593788
234291108
299269647
309262809
356398393
459980638
921696938
243206115
2792784947
2785883318
3082489716
3247468271
3421915379
3466352955
761113697720729600
932603165781962753
31419003
329937840
39764029
1119207700385214469
245093960
14712588
588253118
2168630662
1282726045
1118177106519891968
1086960842
60643306
2887322795
588126535
122195535
2784847507
359599520
1068847302482292736
1117173519614455810
1117035977481031680
1116805080240525312
55928080
407770586
836863053643853825
403438313
39442600
1114971943097262080
2517124535
95867641
250815813
306996072
207983525
60737753
1112312956417699840
1461721669
990325572432736257
623956741
827120875535290368
180229242
574379858
3825423867
95082374
54946296
34013960
280535542
1108273884640526336
3305623517
37620087
4412953883
744792649245200385
572819776
25129391
220964295
55857123
457860979
2735317605
58458828
27714681
30841751
120183536
38741412
253309871
30266174
953756312
845926848391450624
472833602
1366830344
28167343
988318398475128832
958433817072734210
851667908
1055889710390935552
30489219
433635563
68645169
185209728
937987172
172314716
308502637
85635457
4053326722
403007451
54868753
571045875
33638176
346035066
33520466
542801995
339532308
764884
781055332655198208
3002938715
908615090
89841144
105191874
444077121
171444980
814957047376740352
329999041
3238778247
485569240
14291311
20620737
67323889
486899089
1090672974968049665
4771777955
2565788418
308570833
2727444065
786239747647766528
33626636
38496097
47979303
36970470
1093290582515044353
22774558
1091264491042598912
198110684
369371554
2728902307
99734015
76859422
4396547134
30833224
28776654
581313337
17651112
2988392621
4023469463
11196542
16986847
344772999
2952084729
1050055068077166592
1536427321
1125828828
30729531
428854213
3174034781
1672849902
2548072274
218447152
381446233
40196836
77744986
209619890
195881997
2329033481
2991881739
631923595
226167775
2885198767
849368671
45819575
64383802
14283799
3198010973
1119818472
319216129
326959699
461109421
563582975
2480091853
941568326
602919997
64389976
246176012
63666657
73381388
395200027
845360172293914624
14291185
30241775
34578070
517679865
149806757
389413083
408053051
849963048
124166975
41634334
38160429
19529605
21746816
23320712
214049275
217217458
455709392
992794964017995776
498251000
763176248
139623315
65928388
212418366
826316616778522625
392275528
244190467
14265266
2608978071
46101484
565619882
120048506
30432947
2714581524
742639676
550995727
116171465
95238065
12648002
2424327958
193631695
204927489
359379800
267848594
21412084
59432703
19178945
438131928
309309843
38397088
482442849
178028982
785087320869498880
573332540
399772031
507288184
2204279255
2731281726
602646615
634367581
405428469
624913111
410038024
90726271
2825747327
2822567616
779057278909554688
1332583549
40234404
423806813
168508977
796197739029790721
73862642
2962339377
360075937
59083291
347331448
17658036
1416102336
1058116764033339392
776621622
1354020931
21024881
83875973
68352264
395552734
260257014
1050473500778090497
2722077315
1702590284
49385850
151932372
50134916
35852829
532189629
486408981
1375278470
21423985
30842436
56334116
290144168
341608134
4142967381
1050375296694804481
106213895
15396365
14286391
2874173163
434848353
464645247
143205619
438211624
109338102
919095216
358394494
2482203793
4825888528
931684368
24664027
2580785555
925538612
538210269
360636023
723206708433174528
799975056591978496
2988033940
412159795
866964661
90973870
801133681255600128
35188077
1251464551
971470473950265349
1868074651
2324340486
45155843
57916104
36124905
1032283572592361472
2733084339
475172955
1095701646
1043563964318277632
417717802
2277304029
65306306
1009030352587907072
14996701
123243006
76612732
2335903151
59830355
859407446
845258952
1044617685034815488
219653856
1043775656453165059
1327370630
26972129
20667991
538491906
455780734
227660031
992759557
958336398171533312
40966965
4155492063
997551928782606336
771698001261756416
2258900003
4478622923
3128650517
452091519
320936553
159222768
164031507
74128420
3190525126
80031880
3173722822
770916374524858369
459456030
2161571299
523564714
1036209773157523457
577420517
19020253
491646903
198463514
1008286831
14583583
2769951174
18353755
556343088
1034504223445139456
1026175398
40212585
57472338
1254926328
14820456
1558138130
28861781
164812055
37379693
32389648
2514879769
178838119
230143213
340152940
990508154919227392
64240610
315817167
2409850943
2560577668
2895175703
494252569
526411729
141280361
2303113670
954093453209718785
1574737225
4272419962
275006105
297337092
358823248
17615795
2906108529
567564386
136923834
2812762495
178705123
409185521
2243587407
321870606
218434328
419081474
70526736
1005724121198747648
300523854
34605396
20176212
34996638
392634608
2332276066
40835017
547447519
44900805
815171053110652928
3405427461
3972584608
242344501
2852150867
372737596
2271932435
4685631397
12788122
1019148681977712640
19766460
851720174
16351191
146969023
2210307123
425365329
3117983271
263363591
14314495
23748315
78589443
125950855
732346982
865399908676718593
2790094654
868111110691532802
510896627
212487301
212162287
18763581
340421463
70003741
44193524
838081680879529986
383757570
1227341533
30647855
999669950678814720
56194380
528004634
446274296
154779820
968587494
31688850
989248711023890432
503350409
240796075
515684979
453303839
384520705
991956258
992021388608368642
192022455
2242910589
55337743
34247309
4855118374
818484567547985921
30703605
62821173
193712204
14763142
461040065
810640513
1328538222
24891866
3019572831
117393456
779221488067022848
38908382
19017103
40625668
842185273
73979041
2529198014
399423077
2593237848
54830477
386723720
626637857
3653937259
917409648
55677585
420163934
908676240
1001329321
1010975247422709763
701938141
113021465
2612248771
31399492
926089047784779776
1138355514
393565805
246559875
2853761805
2754777701
976576665861214209
217032276
108856784
72076693
49029569
31362764
2180532753
730462334649573376
325645358
494234525
1121573828
40528960
491456813
2957631137
55223004
134484105
36025825
366189627
371176915
39553035
2895079533
192924866
1331241182
575384031
1322865636
1261924140
2878767528
572045609
452896048
1009923719861501960
628652656
35796801
30911018
96131483
96327394
45549622
29679293
374473354
221064860
210396555
339906884
2382519944
902471529715433474
784364675077144576
841768222324076545
917798580613734405
316040294
227707431
872695783
90570778
541870070
637018561
579760213
461493636
52422878
242491033
779341733347885056
746444656943169538
709294430193381376
461325125
2748530725
764547597520568321
374403514
19081386
1320925746
51900256
50004938
350237094
422951197
3093958578
743155992997691392
392371862
972529388
2168214089
355118739
718635643
476597586
153803274
875430361496473601
944269470125711366
278532638
4238023719
2291873389
784652661069144064
338615598
72796643
557712024
916923066
365594844
81415181
592963180
528667417
72116210
161290607
39103295
2174831200
32816797
28322333
430931610
556289061
215276365
285586404
327304194
366208850
293672102
68199756
2328818741
1097960017
310696080
31511564
402194737
272945882
14367968
387118980
72147039
955951785436381184
1000066488936599553
524282058
1159597940
214809052
372828441
109374678
90269251
92740110
68978345
32344564
310122867
989847162564628482
45519320
2390602346
263188861
473993305
1195765214
82048891
1715109985
1261784154
793629150582104064
38213979
2337528735
306761290
22493850
969218711273000966
300668286
886212628372217856
704194771821195264
3086692949
1557584240
346380267
294090631
27415662
751499575442235392
896426565386604545
311642406
395620061
390392699
329831906
1443768943
1340405688
1020230904
365642512
520379022
496021993
34979739
35070516
2998372296
60983
329610893
21865625
970468814
325057327
58791534
940541924540284928
354821938
998947173575417861
31907546
985169652442652672
472399025
997555778126012417
1616032278
885914355665166337
3008785456
372731657
53039671
198859135
433746320
522268751
27613008
189492004
737876050487709696
38451208
21857414
1347109550
873810133591236608
402377699
1710465048
20191034
556819302
298601546
972800740862382082
56920519
2891927913
19817595
327615813
288147252
398616191
31132372
3301527323
44362830
1336291590
31696834
411791439
1305336720
34749520
3155698379
1495165321
920697262224834560
235705605
2808799599
4798440203
1520268428
2908351276
443708026
408011272
223908195
1233763124
63107218
319022178
434422563
3127193667
2414075550
444148387
20366512
111406423
20672548
1286919403
2558076298
440033873
559709759
47685503
170661467
148384414
743402995
217159886
63145400
97476513
67565293
176346149
763262844943142913
60104533
33099288
40070270
605849913
36378763
824586751008210944
54656851
2256218511
60881944
318977179
21863942
22375073
1546679395
478781289
583924633
95158395
55390614
560669277
920221701211873280
2741907000
328494016
110211929
42962170
968902117
2795386644
901805706487234560
68661525
464950368
3299683731
226094882
2380602246
1369031936
385920208
529334746
30439759
1663253984
2795687989
2611654956
973846258598236161
29515339
900740838057271296
967169378629378049
839346397
459714637
543500550
90921204
828711744
399984840
826502486609510400
72720525
2592835119
1450680715
3445004655
4888996167
385881449
839082941036789760
337332303
2710883740
969087877
901545540
2729209032
2227694938
402655240
376878149
305663970
32612852
950556500
48342868
636535064
325704431
281589495
399396483
234099091
756895303
21890520
88268210
4889906106
198625434
35454981
829881308
554603246
248287592
1705785800
3017393374
92986214
1675636452
434970501
2586011154
2233171623
128579174
1443160158
41833480
350252359
743649864
839930272305065984
471802731
4783816266
2477290471
963001141960347648
425271390
166928443
715982333329977344
4712986407
1861487492
34895713
503524312
296522552
34405504
260629823
39076985
517620079
563246317
837997572
554723391
472694608
4830085960
135820177
33645588
967895348
756919964
2872673643
3393427643
56199360
26837025
14419378
84796534
524477060
33623709
64979211
64714060
703840127
390981216
3026568364
1929957962
3001367301
1175227112
1051586227
252983090
105185748
196965341
550306908
63429334
2959164681
267996354
56342547
617430060
30345111
95640962
1036088576
373272300
908635753
101891267
59869076
701483687456722944
2751627937
266505086
1020719352
952947335444815872
42630696
43659251
1080885559
2360958369
103696302
587216713
11873092
370126466
263744812
19085332
21936101
706147490769330177
376747336
45810524
950855404963147777
39819767
133683225
75762710
560965705
4064281937
358804707
376161226
868341397
28094487
17233716
62744996
21863377
105131651
18557271
17508823
1860337543
28168009
904309024761499648
717337262007140352
4757256442
492934419
20133778
441307591
18364179
36179458
532940729
244516737
28314596
121420979
803525853422505984
60931843
79980821
67299508
803353444136292352
891703584
227100587
947441501960855552
399552743
951275917
33993399
2832670331
30840226
124174002
4179613355
453967146
30890237
2784760795
743047268085944320
2899685434
1398990798
33180076
147381171
3217013621
90855234
2934007485
1855109353
32991016
2180608131
14283818
155272717
166347579
23664028
55538615
466728417
30830959
635277199
132652886
53505635
1322351731
72330076
23759065
826497728414875648
839127998313947140
112871323
293651576
834368273617674240
56328067
15857285
126065948
31547881
846373163135062016
722184686
1317357973
25336045
477001149
393890670
177518868
72355243
1513811304
21282997
3415795581
84815718
1721653632
359959769
935814304217096192
135557313
805153340
169499733
27839297
498346983
767081307709009921
1496305862
434377207
776212818
413787129
39811362
156201907
76032666
715956452326838275
73361321
2883782007
1336903502
461957100
2872701496
3229298986
396150582
283094942
2458072772
471709113
86263895
196935165
148129934
359570383
277775139
366413613
326162442
337225644
207458663
340486628
928912945911918593
44852484
30287258
1143360360
516751071
2224936449
92242004
193645962
720374195037827072
36180004
250355680
356852568
422746606
2877131372
917052317781909505
353533234
1033849844
466633444
1323050995
20667539
760011613
300472886
390299034
851490258470539264
267103358
245981469
165462609
549497297
3395539006
55715649
241950756
89962226
248260003
3677331557
1023885056
550159524
418873366
337919526
477874427
527741015
2885391159
201850679
39460973
92227622
250688048
86154361
20611702
34231784
324844301
20667905
138855525
1706528556
112813136
22834808
1277542093
28202458
49072458
1144815817
616100261
18330543
70940864
332391057
384015542
62923722
747839466656645121
1150398522
437373893
193643849
463261755
491282598
3092991244
398991825
69124324
625002211
577536319
545030955
1638563534
422108404
4053217216
102934565
793346242415828992
309559389
413808538
57323552
26601441
889447082637099009
921148277298552835
38648982
766596224
17838426
19343254
18948265
837060598835855360
2271302891
30686053
924251534
46623193
60133503
21883718
195774751
399912856
543352994
4902651136
80566097
1181515682
21698000
607016620
860129059
236510580
1896738200
580788304
918366370940768257
2259534597
17719019
38439143
19389900
2925842572
57592947
16831793
2178826328
450583343
14279103
467399242
198184204
2395875637
121695367
239823132
218805884
218428060
537232536
65613605
380269014
1279871724
154517234
842051863
329646120
417885011
47699912
563147083
28104574
1490541247
125673953
137289317
79992803
17509243
55204617
68942913
54869011
20776064
93715989
867685740
580893470
3748040116
580740355
1711917686
18387289
135064105
4084979488
2785325614
39456398
15644592
26719515
33497800
54577364
22488324
359228028
904857297377255424
903158854413946880
155694288
223768654
141277576
130804139
1120110816
29800686
2192544713
160589463
578241849
618965660
47056430
2316648406
775052291988713472
264455373
326011275
482271145
3317713198
912869983
934591746
915348015191339008
174762419
310626575
913481217684725761
212361837
416235432
1535937890
45321236
463710793
62266883
24913773
33307967
2410945122
2881057294
3707177055
50516203
533552084
86717067
784247085109383169
18425625
3126814587
811858162928259072
34972320
40873211
829733244342063105
877636300265881600
377421079
1389336728
62524886
636833537
955795326
804678572870930432
512332598
3622501937
828654120299016192
35434494
1318969658
902767901886820352
64404994
898555013525643264
2623855959
166169377
767390906
15198612
395972607
1972165123
900734466682998785
789140671605211140
1342246146
24219219
402318872
405098237
36050996
417016356
567173868
337191613
314101387
38261300
488981020
365009437
877283371
82797420
237006799
507192379
227241501
22159078
76614498
517844607
26207988
294073504
1335069493
1918294183
985630957
485074351
2360886280
2664588350
14360050
722368390514491393
2474232447
242094195
1680065940
370919014
35056248
407186117
53660265
896529476242296834
6512422
193017662
1702622119
34294019
21391301
45786795
33609198
850419497114718212
707927607
32478390
812431372174454786
519651071
271575289
373330234
20427104
836667624
165793057
347898710
1007663412
79836807
112714402
138551045
373000572
20976857
89233219
75264120
394285376
90602856
44978492
265938709
2596016185
109293948
320634529
97028246
824678989
28780206
2443452229
77134255
524522331
357996504
3092828015
1722306757
193294420
622855647
399361585
14420135
844501405574549504
60569306
38055994
3069821519
53923140
28312988
2571117406
545333663
1365496092
840198864665772032
467482777
159158744
516773751
169994609
170603930
542059826
16040065
910856132
879733803325018116
31976183
151005657
740807653
3727072402
307006621
615283724
309052343
28072620
969176935
2632164441
705740670435250176
277406196
23499901
899483166
106077757
36040713
876884763440754689
617387557
420392199
55178094
945778548
436894773
2665595424
2765058466
566117834
623513579
4715850688
755689818
452063825
984307298
535777996
3315227825
485552509
340400074
32329408
96150554
42385451
539950451
1334975634
244493243
206798605
2401898365
285126176
37897444
484888944
417450256
32352393
548477294
102557198
252979343
2829036293
808377650481954816
1225142899
237472694
482007848
1119256628
303690864
360912819
341686957
362548917
1122167473
2467642186
777232784729444352
486785511
584105122
1057475636
361447593
107090350
1158050702
912884383
379148749
188499599
2501394955
610405401
424092797
196114452
340471159
78058188
580968215
2267523598
187555217
319072924
3097140670
138134771
36594701
873645794888384516
168617759
2296217728
303365105
600154967
88008789
54175647
461860163
1971182287
142445186
295088707
69806167
872396719589400576
872705392857501697
37416154
495322484
364377121
3684629956
1704943172
868837876540243969
941739217
2303686894
2981904532
1001254195
1966903339
865669941231587331
841247130803138560
20001209
282459655
706133409614139393
1677856064
96739804
1356424658
275013845
2772619142
514591995
1269440557
825783715095801857
193008781
2279386694
44344421
2511165134
42527958
1706937212
269990882
311974150
865923378225565696
41636619
26782987
864393834226176000
20679622
250435513
856081327963222016
842999318130909185
733606371086721024
862955428958937088
40619063
2318073994
826440090121551872
803218172899889152
1285845276
1324851403
487490783
52078900
15884905
603093301
29677294
46362131
858779454394564608
1594409988
147892060
244884856
404004517
857582673493200896
364877637
849561541301153792
823817532347916288
33855118
835192560
853996495942627329
3187044651
363874033
451815451
600293219
1329887666
843060508030832641
785117274051051520
548309672
852208122173300736
852818435608158208
759888533289103360
296250506
24512703
734478434
799774725178150912
85666077
14355534
61735082
270256082
148687499
145393051
395131281
486837586
63388693
183756884
18601762
282445214
709889869544341504
24007557
99348139
110644849
36148979
42844683
631861885
137253291
830134440697458688
1447040960
2985854230
292885014
2540482822
84093268
837045603620294656
861498962
448263205
402035845
838426953287872512
231118152
59592868
1428281953
275505184
840730747128414208
427688288
14048665
277113392
2729147326
17776788
828547083393179648
838772137980805120
1238568794
469613574
3525197963
146787027
57902696
44591704
3101371930
478513150
3973601080
707911386
30076976
784026149374554112
19501332
17648646
4850139910
2266852713
819924701199953921
1488519210
523532092
1381906795
33479607
2168251759
1422739356
4887555507
1135238742
613398121
24518661
1219891364
968955060
14420387
1775312905
434578862
32344782
334241684
822215679726100480
29442313
1536791610
216776631
954506071
164660376
1860429764
4274393363
3410122983
13349112
808483681
829741839569866752
417643215
202820581
245306197
84530473
125304595
14284996
18628277
39274589
2586939154
822499221605646337
831252409208995840
1066436648
1234906554
785744650904666112
875135017
2486971685
22902133
519669314
822378301414965248
239484275
2355358625
2724543123
735007174804525056
1852184736
53017516
2181930010
34573200
29251764
90116669
3645415702
63119470
516576138
826883249867722752
113975799
3013059749
2288850755
3878613015
25058517
3422306351
49596551
24702971
826133536151318528
297472158
3390681347
469278160
553767590
103809980
31106611
22755685
3105613888
2776858295
733323908967993344
49060343
1643154878
1317222319
248920172
418658020
1896734448
469994183
466879545
761499357153746944
704056943195906052
463292755
71480522
3135899863
108558103
5987012
83464610
2352358348
30719317
31380527
88899115
452759415
741169965160620032
2572637891
506527461
580854381
784050775425183744
576538750
196927059
619282123
1033212776
337275809
2777762122
29676207
2743330251
425708396
113593247
391243055
199809967
3356748921
48818226
2914250309
17487476
19107588
3107069429
2420646557
74266298
216008028
432567482
19352552
1904660954
27412656
752521216167149568
475024685
1880776908
36077820
359312521
788840847748005890
243087788
884539826
125960653
821156848715890688
153517098
819795753715388416
765456692
57640484
49937264
738273377085984768
819429817892425729
2219254012
610804764
413804411
1354038852
422818435
2874398938
63746892
394178095
2506893350
726362617854459904
3401872102
363282607
2240680102
814621873485004800
43509768
3687322943
528775907
755739804109770752
345608986
26213840
21045768
4557285741
23418810
193186935
14294951
3288789466
339055436
34564269
26204450
1343955192
66987835
2185062985
2889249537
38428861
806472261553242112
63175736
190741481
792605850
109510190
577921890
23190166
467225373
110634185
811592755281620996
388815555
417212147
474486207
223194178
29928571
34285054
114317626
1464466166
29463057
20586070
140699869
798213112621109249
807499614131720192
76891850
21258476
387365672
397387856
2198351896
2408825407
103097873
417919343
104501205
304063438
831387980
105265572
519707372
951333086
40936532
252602823
939235765
4382868867
940876952
2978062816
2577916955
138732934
2149457102
220598427
39963807
342931484
1571270996
806367427
517312883
771695548072075268
799333590320418817
3039530680
755460007538352128
2297788541
3938454975
1630097102
798499731068583937
73412713
31363486
476283996
18988667
471913331
3334377035
31084859
386391360
201182471
793367420945723394
79618933
706142147054051328
189888665
2665230003
851421218
2165288930
119883416
2756759529
1693639538
2897784161
1255245583
1321271622
755277643684077568
840268856
1097723460
2987943713
771034562306707456
786230263122722817
758413058209353729
784426332432306177
2163863289
48316960
610883570
567684174
70898910
2432677045
405113967
2909377961
18717184
126392378
70336958
128206635
3611197816
2745382714
273698154
226110539
185368479
384518775
341026777
20140230
417669628
2389662540
39239833
393448735
19140661
20580713
2974973199
58733138
1316712230
4885600185
3023996044
381064674
27113674
188078681
2208867304
14455023
1360619593
194062241
223812019
4016069451
338209422
28328873
295321475
1566505646
21286904
85853194
19509064
758654460805742592
1289529698
47869273
4163255236
190544369
428080755
148062520
594724485
2574383012
1682946991
464152115
1055602146
25053397
2423244765
72871879
45518845
2530604006
1106598750
701547649019809792
237260418
19226074
18932405
82670042
1443173690
430685385
178681314
2744754948
993417457
2590058264
425152354
700612595452026880
2187196147
3187381696
341472830
40503719
293989834
759796703079825408
491112050
1669948656
297028127
217801435
754220217895620608
752824789669187584
2470916486
28067160
2298151468
401881369
53876028
204728465
2583422995
2841096688
2175742660
1443377269
238109168
62574827
1285983960
978324373
862226965
34899803
1453620913
18725283
78307926
1073164934
49388141
725350242166685697
2798835449
740152942997692416
3189056868
305242092
1221913134
2912459194
241490028
282734584
2851279402
77421606
713303320488714240
3427621714
87810246
14297327
263148226
104914152
623964152
72840952
2969598957
827523758
4001989702
828773456
328445838
68948640
4171432157
195663027
268257499
31443715
26248712
281948176
41151010
85594944
732912102713765889
370840121
472851432
262664471
1632248070
406892131
404354070
2924816561
4048152814
54173721
460257666
556797514
23115496
3576877937
132516923
44442613
2831427568
612664952
726697664339955713
57696728
269951402
3235184614
17142259
404666368
268280629
489216178
56380373
15848071
19282777
191562218
715587594864738308
2329930499
4725147107
3387267375
385628321
570744394
31370967
702750663
2611993515
4758048507
27082826
2815778001
146145613
2319745267
4877919190
475069106
27126479
718039685638066176
331290171
23067843
4860240143
59447358
718125255403905024
38161821
1032094602
377578254
221689319
382593384
381502681
1094860723
3164014775
40639367
488794090
33468680
403647749
45955805
2910999183
67661938
1056141410
35889577
4658829262
349872308
54003579
462799987
612972910
97210423
297003898
706753130579542016
706549641484115968
348991566
2824176979
402211975
21317489
88988426
4719361455
1070242490
491219631
355348269
23359323
4912492246
21853669
57607319
4871773635
1143974095
2483231006
1969176980
4141040326
2203806796
2539645071
4869039179
908572230
188453212
256442795
3845135542
1323465037
357454448
780934986
3305430418
4435382655
22363451
4205180009
323761311
838033909
44855475
35325872
28765398
292240384
60900925
274643645
1682925277
2816938676
468797801
211862856
338557070
2800697951
270779278
23934018
1100208901
2278586117
845956285
304850593
2434054144
378719778
254710359
117346168
39195441
577036118
1469757426
334537188
1662687974
237767804
39927227
4824833980
358333926
298957712
3888929553
2495948514
622004959
4734742215
3295572742
709351958
4746400829
3101766245
284693066
2589958073
343555306
57039876
3342591807
18850035
197959372
354863972
3029842806
396105836
904566048
478026444
4690011132
67153318
17680247
374714689
14775122
2637258154
869606803
2420558392
125512914
14422911
286422646
87780719
311885289
4283437995
541522566
224970921
113439411
19233560
89197227
4023822982
98940882
33172836
9398682
84634624
234373272
2250756975
29161456
341455960
4277629349
408598612
329773925
2199465929
20700289
3295048931
394836017
4228977520
3907729492
140967340
89246340
428163500
1264486106
3165982823
1502220312
28336221
271045372
21864137
461105934
479446203
901979438
149955780
56913978
227822089
225065924
419553326
4069521958
2308295399
129997516
2882425264
41483337
96861734
1923047580
87666695
281641512
2399786142
127871320
3971530414
350855528
267361758
1962188612
22492349
487619084
3564550637
3003360297
3948753442
80916493
281172757
3899210854
1527945780
3386316381
33459600
287805833
219465351
2916703732
44208321
3803663063
2446040346
582673525
42440281
601814007
490677589
536570553
2680016222
3406117366
3352735989
3145019607
963303554
123542735
3652529541
3634956821
3628947437
3395364364
2368989254
148112377
2565241680
3588665955
288105363
729127914
1231279201
458451553
3415116190
271094740
3414509159
2870911366
3349557538
14894302
1425250626
60553241
25768221
3427595241
2391609793
11507042
807448050
3433106332
390613278
2589366409
3419775502
481991629
421072118
142658695
3420689429
3355714516
392356189
69835350
134425466
1398287000
3406944178
149038930
3407101090
3023090697
1442380380
185825045
3367608383
2222301885
2481509958
1101787321
1357278818
52676786
337949317
498737885
105901091
3396330741
2891998966
1864857475
2420882694
3336480731
108778588
16365636
489509978
2418251381
69273072
599541873
19975445
14304692
1855732260
2690324718
3170454855
2874066235
2999506798
2728869588
348733384
89421668
316125313
1185044816
286070821
606426053
1536052176
1683175976
3165790233
235315418
3211235080
464143954
265887867
1705451886
74124890
135097529
346064726
32375193
474999675
480242559
193254967
13261352
509120043
1207665110
301997052
3345288646
2885640406
181667058
3345379072
202741167
1037031822
50964126
1952465828
1417914529
1532954144
3303988671
36074497
51423852
2172016219
2823960429
252719634
24667354
42826539
140180643
479115980
20425675
14118302
454097455
20262138
3080060857
3302535899
26725154
531531833
21850674
28582701
113617447
470315798
407634764
1513333748
139461217
2560618001
1175053362
3045826022
14770175
1593188424
3256710610
2766059840
1906998888
3162696545
216989939
3243621118
1460470729
14417227
29479380
537573224
629435978
373385662
431978533
345285366
3061927799
3092162633
14434845
306331122
989362657
2286150154
3079733085
54486784
144140816
18761873
308345846
314075083
3173636314
263036648
1328174474
46689383
932894971
2785327907
199604190
3152673363
228800163
2830473239
3149320858
1154731855
9695912
3091321407
1362004963
3118240815
57812673
32529204
1219865652
3116109856
3026295671
853095660
2929362045
406959840
2845072718
3092335275
3107666883
298642682
3092380787
461500208
31382966
344813078
45526406
2657037103
285317384
407767968
883844420
2378683720
183225266
36330373
2427304238
196171644
370583315
54453858
851778192
2953299622
85883333
3088835751
3089864855
1154846822
3074219745
31109467
1331914752
863519293
414693833
460565286
1382215398
92631857
329993717
3059015248
3063975149
2890758838
3071929954
103555738
129228987
46604315
30827960
112204442
456966162
47318453
19021419
188286404
127268367
57578406
10686002
1060994580
36378384
19977718
1089927732
247262532
1322229337
2879542366
508739166
1596987200
3058719389
34925517
3049208259
1238448962
2197989887
764124031
2949663083
1732098818
2369076595
14422265
244513778
484649097
316768218
1361664696
1134596959
458203852
2874129025
2228333039
41626719
293980045
268887241
355527550
380270821
479457379
241044193
478861586
2387825464
3030630665
2553131774
35186651
380273789
53032573
3012799312
28315929
44854612
102439972
148117137
311385152
1731314083
497641923
2966696183
38635103
104830341
20046706
470253315
49048476
27828996
21301081
920840732
3004296467
464503334
31784091
345380001
2440746904
36969004
2599249364
134193338
911135826
388185710
106480756
243164936
21856263
527243619
492188799
2893676032
26194077
19177652
140488453
2900546859
2973573653
2973730521
33902887
34987277
399333011
19265627
500838178
1272109884
40721153
48357270
28063563
33505825
55371235
26501903
275145398
21891255
624752580
378631304
31388270
835499540
90592494
615476387
2912555865
56511759
67256912
1107372186
2580682589
38826864
245761094
196165072
2895727803
43510949
2809313517
522109886
55842681
17632830
186840534
30352096
386755094
406644091
35248313
2523570906
398801868
917430428
87398107
2828745901
224240042
464680050
42843759
574447897
256444076
66998183
28997082
105897061
40104646
1704380041
22194908
577998260
51403851
18045536
423439013
25992014
365653822
1193925240
33502071
117455117
624011689
35483071
38136652
5119381
252468595
614484921
46065982
2287729996
89466599
289216767
177177776
490545410
2169109159
14419874
873200750
2822397334
408511415
33214994
2433423134
2313007499
425158840
55373193
925271965
57780054
49808014
61781451
81844094
353664792
410731663
515142654
873304134
1204838809
14292524
14291292
1440727904
459293298
1660586610
1669736581
1365363679
66693790
2801247624
404981052
274509836
329225421
1492065098
121537858
356936591
216321863
399670596
42198971
93687642
1653771666
723898382
18288411
28139246
2433526820
177707921
1096143589
2793875005
1323104856
334230490
2805201961
148831635
615126835
2507632820
26889827
38636688
189223390
54360338
2761797386
1894896961
1329038221
490171205
747973982
2769354876
25295208
33483219
22028192
20934285
66767055
730745780
27844742
224947053
34247106
180295902
1603183651
96152988
57586616
2736148384
2760072968
42042554
333903537
397170284
112669295
469780703
141521060
304651235
2219491
499776536
1019443562
1731333426
1870767463
19061893
19182955
19650826
22915842
28303450
28726577
29440550
33872705
36347776
39599815
53949942
62508465
88896130
166242269
191088146
206640289
237524449
267373808
382701373
392266891
798432768
818053116
1167061771
2404437771
28079832
28952277
38769939
44983912
62523083
195848365
403627091
291927521
320829399
345842262
430998262
454241780
459316218
509040127
520329893
525514579
806594768
819168234
883921728
887106534
901696081
961256174
1135357525
1382743280
1482525636
1640414335
2250673858
2265591029
2672784822
2176309548
2188448497
2645220702
2420677705
61190889
2560511549
377563873
51243315
297394964
266849843
64385966
214845100
67861527
19965480
852524497
165163838
1901046649
570298617
155344712
516331185
2284494773
196695938
72228773
2539637411
34859489
27207896
168123039
322531105
607586872
24156130
2504754928
743060426
241550513
29273536
32351939
44997376
398660979
26229790
1248411960
868404072
361774924
940056397
258471477
464202341
239063731
516671992
482971150
85676584
2289456094
201653163
26611789
2305846137
192220082
224394651
350786174
372788773
55516088
74217252
36028993
14340921
2581864671
2556694454
1071579374
1445678809
878477161
1281367243
301909979
44863614
374067244
2512445478
127074628
2510800130
125750601
2489138732
2496766502
43164020
389973334
2491892760
44569453
2543226111
1243351549
241691037
1189889046
227700499
108277424
1301552624
2242321883
2485270292
2313460926
520597050
35174764
87904514
1157993916
18162596
2311947904
118199336
390128746
200892586
2398597992
37678196
2467427370
43676935
1566612524
111260381
72245600
215434553
33046875
14413950
1895005044
513596545
2440006459
552051006
2192058508
2437585777
1513410282
780421208
1510452512
1549161630
320679176
2433412088
1111165296
100309255
714256334
2426814174
121201471
612631568
1011190292
2420179891
2447233702
2444930577
21662383
211108719
599496968
1977752624
2408646144
1330040112
864348236
2428650736
255004362
281492251
496952496
470346198
717255066
2271764906
1299671238
2383751275
2381015006
947652200
897627078
842436547
2396211160
1915105548
2394063393
374402229
19184781
462332236
106682777
82683712
33281373
1249701835
250332886
1577634368
2357358988
126256491
490650354
456952283
2341650909
2341253739
7475062
34258228
6626182
53017384
2334155788
406463728
15872682
501174339
1524949830
522350876
33464295
553338226
1542862735
340561551
252800692
114526801
2301372705
224946141
413299183
1964521274
80109709
467720558
477122511
2264322676
89090967
20301193
28142174
31085474
319228928
1236214274
232246530
2265045562
2256969177
30505656
47403876
461979961
221476163
146934885
2270960207
2249085461
71330663
501080386
2265134645
237293370
2220084701
562714668
18797981
63668066
188855653
425316161
1445956976
855137917
893466110
2181866944
24572160
1617528667
1725418404
184488188
21253940
491192911
287340563
1920214520
818777893
193554972
45315024
220747613
540646377
205632770
23743186
1009813400
236403619
354917016
2233727015
76883946
195073490
198809288
551819324
62271664
50996116
756700020
1962514562
490122561
66985635
196072121
535174706
342625257
1272433376
2217103024
424264424
1405700502
2210262016
268497470
86594664
1198773457
1460627353
1966343502
482277658
2230541959
124427238
363249706
423668406
63266077
903066145
46746424
84308565
2154945996
832999183
318300957
1356807554
62559134
394216440
38147896
2189481023
1488840763
349193060
29178136
380932103
111124472
113307238
74816832
28967984
1200697603
250255836
193597488
384241739
140350532
371472657
901596456
773879119
322803264
26109505
1089201474
1076088475
14679772
161616513
270519757
135462216
1632451148
60832791
2147849144
112981132
192517432
524665153
64805743
808423141
197167810
1903996194
1964817799
241636550
1267930682
29431394
56329453
38125251
417834285
56239802
575252095
479350603
48099139
1962409910
153164011
32361218
385978534
64522546
156194729
54541837
46093096
464203567
750006188
725925007
1691130469
1927997407
149253205
405439313
594632899
402301752
118789914
35571679
14587402
406873993
219824450
911345070
55699126
153810519
437500980
78385212
79744182
27919401
309721326
391320739
47915904
1531615836
32961333
307769592
986502582
88200293
366899672
1296216487
155177727
208529499
489471387
180935878
415701368
30837735
221528096
1312068492
57283507
154673517
517303484
1148709864
596869069
520626913
142613436
912566684
126307605
18220809
536341990
252175696
611018042
230864549
342402210
958038590
31837410
1654018680
219768304
390698632
500764344
1049031192
953522551
406954403
197465571
902402563
136392057
335862361
161264651
31267211
1545391718
1328687432
1316676050
426486458
1238449087
881584290
883941420
1591611770
1432735376
276905731
255406660
1565897178
155947599
99347701
20761720
1462945333
27833757
34886981
473914976
573401840
1550102761
261840015
1103808170
1076489826
89484734
351559847
27271114
23244050
65611875
37685197
198648935
17833235
19081813
28525763
39236154
119757065
40196272
1384082689
520670946
70423313
429419672
248571921
25726310
36334731
224968087
223442298
355651942
84293209
401613697
29082795
112289234
57093175
62522258
626355750
453158254
19090188
80549037
1173275084
472830379
55376858
285458354
967991324
351865964
528294394
474477730
1516084320
193311364
156944270
289890368
1182328200
270861170
390636656
946389942
1346237976
146856971
47976282
340419797
34234696
25660561
1479612235
65447476
712262498
377368952
126894813
1502686501
44311436
470160047
338330122
88924063
153375577
14284093
14581396
1370193062
455724495
10129252
365998570
1100427314
58737118
270893167
30951034
383424154
133028255
449390279
127794184
90754037
1362814926
1448718302
20914689
599284677
487573225
519352025
316006432
351432408
19970064
26710373
26278467
128851650
749444851
274452288
190754087
404158363
267871211
1408711003
34246864
103269565
17027485
191540463
36006119
206662493
98576755
74143933
934338110
311899610
18769714
31779286
397943559
1157965518
164685236
620162885
29692369
1339168716
26074731
66320386
391550846
775777237
1083987980
108693690
45426127
207428838
45786456
1371555565
33830895
573643334
369099219
1032862448
208575946
33879148
124586759
899768370
363200798
48154045
19261863
1190182783
1099325221
1198189740
467281169
42845459
1359969757
452580434
761146014
601367747
256625759
20762417
149635338
35192377
72087059
304049189
34742953
156390474
21910259
59548897
490191091
55374902
403416046
47895003
361483018
18520064
766385814
421125838
902149578
311006957
1224171498
1248306882
1250956718
746003702
20969268
465770552
250196340
1226002254
496100055
1326123536
436515416
466268040
31498215
325136526
200674457
507133985
27877065
391864557
434422743
1007279654
70622590
1132357566
16104345
28189579
30858021
238308510
442986689
25977779
46652913
1196497765
123866150
919092211
262164620
63516514
85085159
56787463
67218195
406196076
447321101
983400180
500885877
39488289
919178935
467545341
85560450
372427751
1160180023
1108637306
30175886
270364084
20425127
347594071
501744819
33456537
246436108
1187593033
19386796
332847359
134712480
177147415
14443826
4996341
305596173
831174253
20667152
276921375
389464317
471084733
353803829
14287018
66204249
34342963
160676165
25171315
400864184
270347262
44317501
15101278
158663084
349307546
531498039
934310659
26189309
248205281
20523971
77159004
14310315
364365438
184722739
470965642
53373138
398606542
499211936
919160532
456921481
53066986
20432556
193254081
95711105
953417047
119392186
108077269
472620321
773170507
35612924
175876346
261852783
28828199
477136192
41785808
26850290
68026155
605228189
196569190
17066475
361253898
54203492
1073140170
1122368197
22302067
17650380
14402173
317101757
34703909
32149336
956388212
17804381
75770053
28122204
400858111
21030513
1091884764
382598137
238546584
886436532
42241270
31362430
1070857573
82584761
30927768
34308899
62806811
390856590
33868170
38170986
241051306
278664682
833687856
394247646
62810045
867615488
757469286
340549419
811719024
58277546
314506741
171438889
282976656
858618398
478886851
296750001
369435811
83839087
233511339
22857787
49627168
890831756
851114641
789357302
863188267
18671230
801323118
283219453
622824848
717610795
385406348
30207101
761135604
20889472
351650159
128845478
587523533
610376976
623149189
346500227
544917613
338369157
26507844
419450128
258435847
271011190
40226422
303453059
140993447
371502562
32542079
563017511
419197802
60946469
535358160
49248570
24694916
529472395
545394515
570781063
197085820
283970586
296993710
419788091
586346119
18397535
33152235
340587515
26243189
25271738
38643660
522053089
447096439
483817578
521622053
35067421
382105947
139444305
395414931
478553827
31070011
465369432
19556426
460632603
31740660
423307809
429844913
432008443
423784667
437045359
406577608
17973604
398244288
115441879
29086657
28826820
40215521
354516475
373890791
56326379
99583383
78099370
106769293
389001244
385682421
67618586
190340244
285838961
35943458
312853329
384786873
65460298
381639473
374385096
246177161
209118352
44881245
14242721
36039059
333058890
153454031
307418900
31109465
277470797
27298297
19018191
336068640
370532678
204276552
28202958
374387515
332240367
27437465
68407528
14445422
25501622
121403793
316563842
343912575
296494341
157616270
45350073
202607099
193608213
15820505
80246329
18283403
263774249
64245984
32370336
47694546
14225413
22543157
122618712
358022086
93434712
212524072
165785868
353576703
161072088
361855290
14610776
35728867
23419312
17712364
224038069
18716031
49100964
355643629
118068841
21199914
15967758
151427553
6437312
363274457
27870316
195412248
33190359
58334582
19622120
18360037
84639315
14906947
40869450
28103763
18761632
31461297
347378361
351772115
18550977
25901725
37485036
31750530
28094255
308373366
277446833
127872604
40727926
110103183
14651507
30872351
193322440
47326041
208938578
54667301
225341716
211507800
33853827
249837295
23580389
141744721
53180552
292898756
24680416
268327245
276172272
289004106
24525152
31801792
14281853
31409120
24886897
57602886
61250638
20152971
33199765
201692469
40209152
269976159
313845197
322568691
29187512
36821505
28402298
14260198
18611983
19063658
21942750
259924515
46106058
14636644
11625272
251014649
30261037
33833677
299024743
353743680
75224818
352534464
40187767
19354318
14285785
33874710
53213766
29676058
27704856
351065205
332196861
174477955
69007602
31690214
232936540
338049872
15048424
33600134
347141226
24951032
40536836
14312379
195658623
31802775
24250540
28075839
14351028
47073928
30257547
35542768
18490636
339389409
338991004
38171057
18394995
17742015
18127511
193817535
57107167
296704975
340372996
14275788
21759024
55537558
31675312
68662438
53335272
51557814
14282937
203860074
40665151
65924567
20126204
88909825
85403705
34941106
44726408
44943684
149691116
24119198
108617387
71885961
21760031
28094274
19978806
23984181
35449997
26761938
26719548
52328301
74703373
105473719
19962261
205742346
6062682
14286658
14243171
26974318
31394950
37788958
56813725
16744794
7448502
19062821
22604909
212226645
31343887
218884515
165940771
172697137
20596766
245882861
136218318
53311530
216357534
28664211
88636702
34585876
244561582
158351997
35039604
33854088
18679280
20510680
67268011
56320775
236320204
198475453
236860765
269882924
191556730
38392595
63836368
25679879
236839814
238315982
14284529
41774044
297640821
71625725
180097938
34038925
70665468
127856676
28316519
14275184
116872803
11193982
313242570
14330757
63495252
247251231
311626781
116715920
57888963
20127801
18330155
291305246
333527792
145196059
19442053
31097949
14430843
53367893
64441266
41604453
44867213
20920040
20238626
266111353
60405536
141915752
35038670
171539497
20715534
131517603
196537116
53508628
31383680
40062854
19253554
88508809
14797716
136184787
41181933
14290848
47933480
277162590
71231659
28413464
14350556
48972045
27945375
14407392
92033007
39506065
14718737
10283962
17678392
9990932
48316845
14113093
22788883
19145951
28065154
41777935
28128082
36625807
22282690
110333
45632676
20278170
14859175
65939229
28087996
149084317
19119226
116044288
10544862
48075273
140037272
19180789
304896770
64004084
306965211
176803230
317240118
24511665
17113249
25817863
56184740
206414062
45614100
117456179
14385713
114042360
21846236
26005952
49574722
233511917
228823899
67561158
215914646
35714927
35694406
219973094
220802067
43071761
36188296
45360653
202971486
109258047
38631732
47602230
37163781
31499866
33524191
27838791
20053610
39014421
185563793
319774555
44714439
52785255
14940714
108417952
135142989
19226961
313470195
21288039
21919347
16601090
16804282
15438647
293438817
116904468
36027595
313973008
28757140
18292862
18948063
24955372
163411702
21092382
29660732
305524620
39957761
311381124
306117235
310730673
297295848
19414413
34575407
277151886
36041901
276493304
193273408
237266179
160920285
14997025
103539282
212924025
61429870
37886173
18955836
41337693
28101138
222750384
98873754
236829256
28115335
98225720
28986219
252118230
33505076
40975010
292808173
85640142
292561635
293430103
44203664
284025416
17424766
83652619
179542435
219590870
228820203
19331958
14125317
17230800
122072320
63442375
38282491
304556077
212191011
50307555
208507477
96607645
130794267
34765060
216448026
31405707
43584730
16701093
204478853
256636985
72037381
229640435
52386128
68208836
46099447
33874207
134551793
28148610
41090452
286175588
45396246
31392015
198633369
42494407
31741916
19259873
41813695
22809353
14906581
33472361
103792291
22901292
24361408
246492252
30941476
212898959
214908555
20519403
292904816
112403405
203496736
20583062
28978378
25683251
19332655
50052219
34222774
35698094
48458302
45396043
27963836
128383412
21590690
246816735
18936599
17873227
249639403
243123007
22779314
14406719
15230966
13486222
25477368
191165723
18002106
14287446
229023717
25881133
39484150
93879508
23777035
221726495
20986052
17499801
40322305
46150040
90929317
18667174
279131939
221480346
29170587
42936794
284189038
112810673
30469536
224624339
159432732
91173739
256665194
15027785
33538992
202597933
112832173
17705285
80256689
14351105
33008891
19705628
64809448
221514301
114695393
268873849
26492237
14291795
87507839
10112552
141709158
25854373
28626588
30203462
88915300
25416669
111702288
32017455
14116137
19246061
17674235
133842767
221119581
20356317
15924519
25664884
31098895
33461832
23419566
18878967
14294610
28864077
33472622
65343938
25680365
37398525
25504185
17039630
19928658
24890121
19260683
273091632
203828403
203675015
72292202
201690715
267403905
39738562
161381301
25118559
33986268
29703959
14584834
31397933
232367733
39581053
66762275
216796248
84289595
172694845
135153110
14284780
28892317
59569015
18045072
53512119
271423129
38199075
18314753
28612787
102005713
18489116
234517620
237781500
44086042
17710058
272629863
144101019
22625405
214092807
19297030
15022445
17893932
14277275
20582802
29465388
251523398
26880289
47783655
25680396
14274693
265374659
145337107
151044755
223595237
92965412
63556295
33885551
44863256
19157451
26564673
46626720
124864577
24661842
260821774
21853001
31090806
31362865
45573406
78539685
153427612
182368278
87080308
33841934
36360278
80668551
21864336
14285283
14723606
48656680
74539103
11372152
148861685
144622386
28658570
46154430
23582217
93247303
135173461
31526298
19186642
34597821
45144731
14343251
249262359
71530314
13526772
21863587
39063674
14450979
42079950
14576431
31728646
47606328
34357825
206597096
28085805
82564959
34243437
22019758
53058964
19145380
220739751
19775860
25509741
14291842
19059674
14487318
210526095
30342038
33006109
121148176
25962645
92742473
25553290
260983412
14277840
42640689
86461778
17089700
39574837
110235065
19762987
19189208
23436442
128167392
68801651
34708369
203047673
24044383
204525639
20883211
19488743
143061537
39492276
22677425
213787697
28305009
193259220
243169008
142199485
29226551
19254732
74225493
26243948
27692462
69361035
15351215
14349782
14291132
222209875
65586084
97406478
211794894
74705315
17780015
63425851
24046713
138426121
62060746
88753421
29676819
109249394
41793828
114680005
13768302
30336576
31405598
21851999
26527817
66796168
45371456
28324711
5959492
33014687
22073110
251397356
33667980
12061802
107516611
14346495
26885200
14354733
18028030
20796069
192328753
91875491
20588534
42045125
64247948
38842425
68107468
26495204
33892809
28087473
41780439
34696385
75060420
188021130
31182307
19711897
103280252
32115103
107762215
51997943
34672923
60344010
27905486
95448977
31381810
47301143
31689568
26229801
172856017
198822542
67707084
89267288
49045199
17096233
44710412
31215429
113129471
77573428
40741844
20927352
136390255
29942355
47591044
57422698
248613788
199767329
68741204
20001754
21255585
43062590
78587299
38154652
38646590
27840993
47582349
31821927
26606802
195802870
87039642
19395636
39811941
62656796
15736172
234306570
222546573
28865987
28913073
185302516
130064773
241959982
20859418
90355628
228142608
174432816
28548860
32550110
112428297
7027112
85545437
43091419
91894424
23211282
53015487
38628986
28594152
244132211
20382790
106428909
211805123
38265914
69086639
25289729
18020127
227613352
85822252
77270870
17957492
27062533
23694893
49370357
209120689
28825205
46869791
41793455
24854538
195082698
23830152
29294824
64366720
19183305
28806730
227835153
18228374
243994094
39478117
92962860
67557660
18671443
90818945
148412979
47938526
79163086
32467248
25344165
70987513
29437847
231725978
18549724
228694077
20936956
241425428
195516360
38693061
74147047
237330688
22261860
22907043
230535238
58224806
30840835
134092224
33477915
20447560
31096592
108945668
54917900
82067621
31367759
32352556
26215195
14288037
25272654
49674652
28093496
41500247
151856844
18554686
14284273
31093241
14349636
14494701
23925022
236108456
123204436
25543279
29406060
19232803
69572930
217530764
118022922
26777387
34034031
180511678
28063775
19115088
84868803
38163216
163625848
20264905
19659689
19319985
148391437
28692401
204244400
20441820
19263240
19234771
28304157
18455138
21752569
17877056
9474522
44207761
231400572
199665432
38885139
65493023
813286
20223894
217906148
57615829
151628084
20970380
23582636
57615054
44872685
19061712
43531203
14206252
21862201
222492561
80847655
221822662
18381317
36625637
35687911
137101867
34928067
76319586
35808591
39965455
66696236
55541718
28533825
42703204
54024269
123944920
35195523
221000907
208550443
218482249
183297292
65874337
18627984
193199064
182081797
32352209
219267576
55004897
206667963
20374992
62156156
218910852
19909515
31150189
19704156
18332222
14687162
19450673
132255549
14287326
76882148
157907219
16904159
38260259
37488920
19546211
15100833
19058275
90848755
31687026
215358441
25290690
84371370
217593876
90264586
39311450
63451448
14243708
14353621
74418848
46688502
129085358
193674090
15178951
35162704
23844199
138535158
28524344
20555875
60896067
201686963
135568131
29406632
84709356
82353528
71824168
70380300
112976272
20431436
34228196
6526412
25996040
21689226
17425802
25063945
140423271
45919516
92043674
33467543
19769863
17756100
62442994
8184422
197168699
24950478
28065624
35246361
24010664
42698033
142282484
65313321
204441330
150566334
16191323
183195957
31544675
18016543
18760790
176623327
40635374
14276602
187445198
30923509
23937836
14234290
14277722
49849379
77041321
30845274
14395000
69608952
24509661
18670845
14224622
47423946
34910028
116697719
196949504
26214264
100955767
23777183
65638856
25346891
118351047
191054023
20853361
16813552
39966546
191538030
18714976
169201702
4384251
25966747
21022281
101758086
33542102
36307732
17987852
14763346
40049680
18897831
34656014
136029854
40935476
41554173
78330513
160628394
65368576
14351124
19064744
24575979
80514185
40551651
18475198
136939611
24458702
180407593
185343614
71840293
20415660
27845999
14214281
34229862
37904694
28110788
31386412
24426957
19901366
14340875
46081160
18213346
18029265
81578629
34050300
42709793
63262403
38745028
149247314
22988843
66433571
23244604
65311207
34877971
31471161
45514644
75033041
75115296
27429524
25552741
38870922
136250468
149588659
14114267
138543853
10451602
22670768
14118604
14464590
139402314
20279163
42841096
43525582
19295394
38229056
50292289
19067312
19256979
41544679
40482226
39052549
49073990
66664753
48302295
37190586
70762972
34402309
39569606
44175564
20195297
148301172
18975916
32542763
51373527
54527954
39743376
141862259
69396214
19764533
18897215
102616697
20989035
31410553
33852061
91527367
44646979
20145056
26198739
28321713
21290360
14452323
138376196
134450015
19233252
14857213
18194164
32341477
122011829
27228540
125924658
112150185
125065949
16913083
6145432
23104499
14659667
83921709
27728939
115355200
119673885
47134635
94125752
26228369
106774695
99750653
26468478
114226283
54530632
75742264
28870473
76450358
30873513
59169106
22120893
80886954
78596503
17761660
18459365
34639127
47965074
42940431
16945575
47459713
16777566
90659457
29659136
104856564
104117760
31822122
58477132
103132063
102321893
26076279
71283764
101813857
101727020
2057421
81806272
70370760
42928317
94190573
90448119
92379366
21822987
87495926
37677256
41646831
94549251
19784844
82359917
93852440
14154562
81868992
80542515
28411908
70788066
25077276
14814837
26108157
87431033
86767476
30832170
80532257
71040650
42370044
19583956
20984741
35276169
83917825
18680691
38653195
74524570
19827241
14615934
53878380
21681788
72646054
81912890
34679635
82429016
82325555
39219035
73716200
76297792
82331901
63132666
80833156
80948848
62960046
79448511
18899473
789580
20308924
17217817
76292859
77795018
36029584
14093978
20039505
76048394
71220362
35739895
55627827
63452516
72827565
19125743
39957549
19766036
14669645
29037709
29908667
38863451
25803631
31372873
24739813
14420376
31110822
52104623
14365312
14312660
33506248
55981002
32926619
65346150
64526979
17189741
14830189
23503272
70748705
67900711
20055298
28611776
18888171
18377085
36510958
66793968
45565440
68972694
63084248
67617143
42625724
58469518
49953634
45531201
24686706
19962340
18406149
34554456
15003632
36423190
42847427
37903343
21288315
28631172
34601836
45360053
22920732
19646280
18426185
34898791
23849809
19734035
45594856
17187058
21695947
40520712
33443916
30705683
14619052
28630284
18627589
14258356
20336369
10390382
10058212
46940056
19017582
37189736
35382270
54163361
22361149
45890871
17590338
44478488
46870495
18606871
14169174
26141383
27837463
65019935
19067283
36314453
43474127
34002998
32845123
22014140
28178236
25650703
41597644
45342108
17298409
30306330
45877859
25304698
43784864
65607792
14330330
65588447
45547580
25152546
40090446
33624934
17676372
20585062
14978302
64697682
20580664
63129578
39489937
58468962
59827474
20679951
33828724
5399492
37231899
27835924
32482854
32397331
61724625
47982188
34704691
22481584
27834369
14289813
18435641
15894774
32153268
33173363
17293631
17960297
30323439
37921321
15016838
19099958
34714498
28788471
14266448
14286427
19708641
39695456
14435045
22169052
31392983
17493157
21393770
34012407
50587267
23458354
19922838
28584427
60084776
34221056
34879350
59752172
59119112
44219858
24169740
26069778
21868185
28189211
14332159
14274835
14998206
25262480
29425679
28364125
37902781
31736692
30992374
50270386
33279564
17187505
23480387
31700411
21904772
18639301
20662498
35890178
20210193
22172506
44865727
21588799
46888173
56980786
14912551
21284296
37876601
36668138
19013895
56330699
54945344
56530275
44987423
14284305
32873744
14272527
38493594
28311154
16276033
7823022
17038109
20586215
55532228
37877201
14561627
31368001
34673321
20133345
38828305
53999105
27501524
48713549
34672797
32416211
40463751
37630783
36110222
18934005
18864959
41797012
20868447
45565446
14157785
14291713
29447324
35894125
14237373
20537465
47305738
5991322
36048581
49959486
18264009
47974057
25395996
30183766
48274625
4985141
35067530
47448389
47298919
46644261
30915284
45843482
20974015
28067774
44726549
28160325
14419039
15296375
19708539
20133350
31371308
6012852
18293202
41992067
33480259
40863781
28092347
39803941
39726707
37665779
27501700
28092056
25619794
19188289
19113803
24531620
38638278
20311299
14894580
17813010
14687587
28917815
23661457
14772965
37193436
29028155
28323152
32351643
19236875
18948340
22665308
36310443
21846143
33913146
17892926
20659166
27848098
22415635
24149604
33236436
14617551
16718406
18669139
14291922
32350318
33270082
28848504
16432083
18293645
18609590
21645552
27317182
25861301
27105229
18970504
20008618
30759351
17482669
14287712
22049212
