1891490382
167890361
1238583088998830081
262219168
1190901277955411968
871711593154981889
29695330
252983090
4263789436
2885493519
123581921
218063694
802295798
47438401
14258257
140070953
182398325
1331528215899344896
23572083
37896651
2330223926
1120633726478823425
1168793622248067072
1488576563704647686
621317404
2326857668
2307898220
434203999
872837084926627843
2425571623
18208354
249262359
816401911465254913
151593788
120048506
1316289968164286464
291272927
31898483
507627209
963479001233809408
912566684
48976132
495322344
1472000073798148097
310626575
26249582
1343500261982089216
891251992575844352
1086378912
3232062559
238089804
518581730
460042429
32149336
4555959737
26637348
707511117417947136
228791637
408360989
1448974347536932864
3345617697
1056639852748460032
39505623
907517876973834241
82310725
1062034296
19282128
14286389
807692136
183552184
290641831
362588525
91366255
274899271
1447040960
811229675758505984
571159227
932785156284350465
274029722
35834118
261852783
823138258154561536
18733347
989631663742349312
838111239750447104
2559002312
110644849
14350556
2431943989
945356473
1443520866457956355
47426778
1361658576985595905
1293264305454972928
1071784494326263809
284025416
102767510
1706528556
1421210066766770176
402639804
273555252
876363402
719833103032823808
4871860577
161264651
887025504208990209
849954320783208448
56676419
559832949
1319152327819841536
36705949
26307856
3130718106
1046396266962448384
479457379
29679293
36627732
1359516820961693703
2157180153
19017103
1159246762160414722
422876335
893374494915661826
36344167
1437348695662542850
2560618001
78864889
462332236
550111669
243032876
836256968
235313649
1439528852569665536
2200200890
1369333484301475845
1243621045266980866
398606542
452365232
19653874
19762987
422628082
14360897
1192479630701289472
1232317844819341323
2641221999
3296861441
1326716731
875498788005310464
1108866536
27688574
78874906
14296042
1247270903924260864
1197601054554234880
741729531858456577
227100587
1103185636331347969
1053108241
86439347
216502965
1281591451231674369
190327803
2178826328
772216080
270360433
1112477467
264195276
351812668
1423592227620728838
53912873
1224027962741268482
3414509159
193383145
49935296
151820398
4003981961
722711599367254016
820922806020042753
377630769
1092825723256098816
1373724230873927689
234132789
3317609915
365635604
481071962
19058613
49774380
3001704118
475024774
343997768
482094240
291801152
1334808845923852288
37904694
19501332
139461217
251308116
1420264670
3624574522
1205100582
1462945333
462893360
44633157
547749484
1414494862204936196
60864295
1118803723860492289
869503348759724032
1181108894409601024
1356356242063634433
36334731
45519320
62156156
64693784
326162442
96860933
18934005
519707372
55551293
973788247
276651075
386498456
41206889
979758151938568193
106130754
2723308582
2673187289
1054044006324297728
14206252
1359283915740106752
1003742156
421242809
508848488
342861306
92837704
1217834351599157249
38841244
374176832
1638563534
193256948
1173856841870299136
3233626836
2895175703
47448389
65804220
28692401
14294610
276644738
1262245315
119713405
747811723
1243700827
624650855
859518872
1294248670993547264
70898910
60970201
85442271
2926923719
237313700
1269956479387344896
1201786712227233792
244983461
881980041743171584
29944820
918735913106239488
68457257
42467503
542070097
41896037
361852315
1110902121556267009
38145897
206228865
22471399
1373597254678945793
53924546
376207031
69070591
1364939998051598336
90269599
2412597084
25977779
463261755
15443831
207608019
1567696717
264322504
14287243
462337913
38412145
28959866
307984305
411319649
1128229388
1205226529455632385
1259576801254420482
384786873
38069514
258535212
66696236
4493232562
756555822533058560
385361442
212679945
12044602
258026952
36345076
1058445638
66267332
46557945
15837659
33520466
2417351493
126722715
32344564
384572225
398088661
21252618
507256471
4429411408
295053838
3458195901
62060746
986599884341080066
271106411
35736185
65074594
21851999
1086394057809629190
901979438
79163086
233111001
196935165
34218311
571656776
66217612
186498884
1034504223445139456
458440748
149955780
1194197028387131392
785631337021571072
1073262134140772352
1329407877291925511
133201357
82643809
109374678
2388271621
1174963883896795137
30354991
327862439
2326177498
281515223
221185949
320759507
102948919
1304046761636499457
987334723
286116123
3380841065
192328753
234276524
297532865
108617810
71294756
30043495
2922928743
60339690
1976143068
86290053
224006070
269948336
7677252
489331480
21643721
392291731
831234242734653440
1208042953404497921
407109752
221812405
1193991070000046084
273437662
34370797
392744384
705329051
22771961
225265639
1269266013528432642
88909370
48190435
78596216
38265914
2279424897
575384031
2362711241
510370581
722368390514491393
192273401
341132281
955817367807852544
786264162
155619652
412222486
40208431
26250599
2428674444
4205180009
30919482
1054091266252828678
780934986
414693833
728592182
210807672
29421251
945767337378054144
823328344259330055
1159554054328115206
968955060
223406872
983631006828777472
54505948
1214844423546310657
18425625
361434073
34896383
166517967
35693275
35209835
1161745291399352322
85180005
329937840
1887862783
18334189
4894248365
1246421079851257858
559306887
735764197380759552
14642495
471837649
66685540
939091
37751927
18760790
941624737121341441
592652225
2481844412
1164065309772451840
2228621604
713993413
108568373
19667095
31206435
20768326
614295077
455781519
32129282
26231307
1001384814
79980821
250840490
1184131422623358977
1039948619435130886
88508809
263473924
1469359106
877708076
64773558
56669705
1680683574
258686567
2506171157
30739418
198633369
19230601
117859085
2292314967
627673190
31543356
135173461
806963350643101696
119753058
992759557
489471387
1722670962
58790928
1178928221158547457
1219990202690785280
1125686619745472515
1246407002361925633
395190335
37651226
1828468578
2746667072
56976488
1242377377289830401
413804411
440780306
385963044
14284273
800786606
1155522630
63938155
2270651757
3272294341
3001092609
3684083357
101815941
66435424
420633636
29716398
18440301
142611282
4216927337
937499232
409369936
2181866944
923679078
48052513
22927512
36148979
226222147
255634526
16581604
21568065
1974723090
1227345888026206209
873304134
32352209
280183942
180777812
63463538
4885393205
438269941
3172358831
1397661872
76564366
2214009929
1641482785
70373458
14279103
903158854413946880
2192914376
65611875
330262748
313029139
18091004
961930212656275456
1001780270444539904
27513352
196982811
1551459979
1193947706084990980
18314753
284523938
36342558
2543381026
1178077440863813633
108593819
153375577
472694608
245306197
42854868
138855525
47353139
1182358025165836288
26547250
2802871119
84538257
17776634
48536494
242861232
3907371563
26507495
59686920
293667695
1179661621318361088
817554637
1077840186
904444225458196481
1318969658
458483900
68622845
1125104054881923072
2786871999
326349138
20238626
315450755
536316090
609366923
432775815
6437312
436886057
918901868
588174156
52785255
320683924
395622170
21189279
2519939785
1267434871
524332777
274470887
12435822
192889718
34899285
57573101
58511405
1379124170
25405666
531531833
847066238
159845559
602603558
1184099033465458690
872191892
3891179794
304365677
319216129
514644598
636220977
30881344
1500752648
1462676612
36038441
39957337
158414847
107360105
248625888
32360844
14407392
1619803945
250846606
2830349344
2605255273
28759439
340393654
37620087
59580884
72245600
144452667
1005754036639891456
1617493670
46101484
2157651508
2826065163
3457623381
760835533169946624
1180305138
20868447
572871250
309126789
42401822
252252419
1704380041
2163522294
593828866
33033900
161636396
227013679
133639740
875439319342862336
393387610
47607135
859407446
603775254
366520644
29703959
734741454
39492276
57602886
254710370
14296784
39310086
416530149
392142194
22799416
28978378
46626720
182424552
125950855
482062417
130597727
60843289
1450906933
21936101
78882714
15848266
1096398541830930432
239135392
14573900
37677256
3308684128
740341092
2366935078
761568335138058240
581770355
347909288
200008441
44606764
1126754966188609536
33013018
1883226104
961333703896174593
382076873
459456030
1959300258
2164299882
399984840
340377361
4041061937
18797269
54669753
88001109
768526889535148032
68344771
854608752238108673
3324719297
1143540781816434688
494995037
31225583
266773523
872629026
607286665
1407943933
131274577
20977369
462208067
4855118374
806594768
1636353216
2367811108
740336334
1085200072369938432
337915183
14341247
71371298
50294404
2362437362
501637104
245460299
428503277
352230918
726173248770215938
2176781462
546944457
45791579
821110070
329999041
4895629912
20583062
44466022
718349821153832960
470073947
19939667
26534200
83706116
550283734
102399414
14286342
109017660
55541718
101594304
1094508829
34037676
1336903502
68948640
3217013621
19140661
27298935
115044695
140014053
801011654
304918077
1029415540694179841
281589495
263036648
405775140
18745106
33852061
23748315
33892809
233518866
280019924
961002152582885377
56044169
31690214
28079832
345842262
28109832
1432993051
6523962
68757451
522268751
483164646
416186526
38033026
284600971
978069088290340864
637163
150717602
1158323174
21760031
21687320
850361341823119365
1347617982
43528884
142716714
20920040
127486474
33667980
3054082858
42630696
1277542093
27438286
96792425
501744819
45673798
208240682
542059826
725925007
520658632
885369350
3421915379
245274147
165384251
192348075
172694845
21689226
162669042
45786456
713055550037221376
1093244246960885760
271848609
1005913274
2399141631
14237373
65962283
1426289635
4051771701
35019895
310832332
55258706
2952084729
1901046649
2558894609
2979761607
793077224731734016
14687162
18554686
385881449
17658036
99708447
360445043
3646295598
389386022
407634764
1903382054
15764644
384015542
166928443
78682735
92965412
1078693601356509184
1080695666760929280
286476728
915516061444866048
2973043509
4545992848
1033849844
53951960
540646377
363352400
51900256
373000572
714421232
28197092
57009636
32529204
276453605
1464466166
72103204
329198006
1065320221
72147039
289253819
1717294334
579295585
45321236
23176276
340353706
308978160
2785194610
4815811127
38154652
86378340
20969268
67668487
34903415
1138355514
1070979968551784448
463076887
701813715474243584
2738545575
266698643
404110448
42845459
77524378
460209019
340597481
518930655
1234906554
28885223
75974281
570171760
342863309
85676584
14105795
248613788
30352096
351719895
459316218
607016620
229236662
495367456
463710793
190551552
345480484
67043953
623560628
38016612
82957326
212162287
551730401
222607681
338369157
55337743
68167836
1890221984
474414037
84928688
1951333489
2980929738
193273408
821127366
841760864
37523174
45819575
728743549
135098526
553535387
4263130319
157659300
488379631
875262109
2790094654
69007602
65161873
517328759
14285785
510593678
21864336
492189880
23084212
213585647
37666984
89233219
282460550
1033374143461425152
308373366
137611381
19017906
37921321
311886739
702818143870255104
2501394955
803694179079458816
69004966
855438813870608385
411355296
66700763
73862642
764547597520568321
191088059
520329893
602087588
287240039
67700208
1024184999313137664
884956116
47305738
227363686
369379471
847234362
31821927
52551600
48410093
70003741
9990932
4723085773
780794758167801856
14872160
1006632804497723392
848487418726580225
70423313
35698094
429247237
268829174
955781654907322368
63107218
751328581402365952
138203134
2476746624
554318625
42962170
475988505
626950953
851714244026544129
830472951942303744
470246996
699970558205763585
2362086923
333290214
14402173
511402689
211187250
160926944
267848594
450438608
1696105686
396537406
477122511
22488324
37633590
144262194
860761097338589189
840842440726740992
973681329375195137
393448735
1195765214
250722978
939818513472114688
26474538
317034318
24158592
141744721
776927378
71885961
372788773
28161435
76891850
72720525
967169378629378049
240664869
1418412102
433746320
24352538
219303570
810552385
340844762
2999513327
940312306981974017
537573224
2958673925
361855290
2488139650
981668744920535040
2996731568
559667504
354990034
971018260979298310
22978868
20441820
311006957
560669277
553489085
98340495
749188618665820160
76085066
22867489
44196397
883524289470894081
3599894248
65350314
253684267
467359118
48382350
1239366985
33216828
47601462
31379089
18601762
576538750
983400180
3026568364
358394494
2391958126
4048191141
522531461
2784760795
488834363
25118559
31423389
1119089342
1611324854
34580764
62923722
299916796
2916305152
46207429
37416154
298642682
704048316036870145
295821413
798519581992226816
21863942
3336480731
29677294
260285931
430180591
3972584608
2600974059
14277840
108618409
3973601080
396134339
2714581524
26207988
2587406792
819121643696123904
27692462
556234054
456966162
363282607
4240044333
1332194846
402377699
95869752
884799462
193611372
420198988
119336026
2414075550
18074675
81824632
148642486
2397887276
2618484143
706326731
460114023
337332303
3137704410
32397331
1858063040
3843873311
594726412
272404530
160589463
275965157
102390704
6512422
166667606
1193849958
519885607
2554574722
71283764
1391910408
82067621
20676292
969176935
127268367
93708401
318977179
23573509
1259650957
307006621
596419873
46751223
391894872
567684174
287805833
883921728
2645220702
7475062
137844411
2233154425
128206635
922472368345403392
494252569
347849896
476591541
44371573
37615968
480794842
197549530
40070270
351548925
74222010
1359454981
204525639
232936540
905595618
4579554879
306227173
624011689
34013960
1180331610
18435641
1106598750
805451133200302080
626637603
4179613355
63175736
17099847
2934007485
341363220
276183830
16904159
606448747
838081680879529986
14159148
83795099
26201346
224968087
41908037
343911150
3404138255
17756047
502930299
1207665110
89484734
43525582
382593384
17063662
44174373
70996053
14330330
33188722
74131074
32347467
4023469463
4155492063
3197051553
88896130
219304959
233155314
40505648
236827326
312882833
55388335
33217838
2298151468
101773656
170023589
208623146
2230683635
524326247
23798120
56331217
81801121
14282840
230457924
19917840
1362544471
33885551
51403907
30183766
30662875
248772914
17867748
41325780
19977718
36378384
180704610
113593247
26710373
38842425
32357319
170661467
1359291686
125284155
31182307
26818369
19059674
199059928
28361527
357640139
4834657635
886561375
344031866
26451758
822964671305121792
18333975
906294173199937536
193997713
746943120
25477368
33250655
953417047
479442225
54994960
376747336
3082854989
333066092
21288039
840198864665772032
784507090551406592
113439411
29967293
40187767
51103171
36050996
14243708
308754481
234497387
14300452
882139356407922689
46869791
26604036
479025116
17780015
291277159
29082795
24250540
294073504
90354449
90358040
275485351
2389682486
61215679
66998183
57607319
132506283
4791778277
20432556
2710600032
812431372174454786
82962042
94858900
33189514
42690697
19180789
120183536
405113967
31431520
742419144210059264
105897061
319770046
765795116212744192
529334746
21393069
3395991515
578241849
31383680
60993083
14283767
993417457
59569015
29660732
3223897552
757210394511433729
40835017
380580452
846301146255933440
284289104
2991119034
743402995
2341253739
105265572
195073490
191066432
47404564
218434328
1628668224
23777035
464645247
34247120
552032678
23211282
23608172
28128082
53949942
233582443
829733244342063105
3410122983
171438889
313403883
33993399
36747640
260132760
365604680
116319448
46955476
372839416
4207961
19416833
296159942
2404437771
20150850
1412455375
819786253180641280
49937264
744091015884181504
96735328
1729374445
18611983
4296903437
136029854
2796595917
812371172805541892
1931667091
33180076
23104499
277496292
112428297
1442178314
206640289
19099958
223442298
21423985
20582802
37897444
1129236186
27126479
24913773
427801591
1535937890
34708369
28964948
2586939154
2368749483
802874467915616257
24575979
25105806
143061537
136218318
191088146
188021130
28069007
42279760
15027331
25365007
33483219
36048418
45573406
61429870
64697682
74703373
116481279
119786274
221691737
243284086
250435513
377965251
411052847
430998262
453021692
461105934
532576506
816993776
1238254548
1320925746
2306042956
2410945122
2714041116
18334306
19712127
19902938
23265032
24531620
26708613
27905486
28324711
28361716
31421204
44872685
217570201
238945097
495004140
499776536
514596967
577472022
1534655556
18948340
25996040
63118794
193554972
52670928
49370357
70762972
37231899
76319586
18332222
3013180427
760756265257689090
30941476
36039059
44455957
570781063
341564433
459594726
46099447
82449194
794245976282329092
14284559
159158744
193186935
15100833
171878068
413876032
33853827
37685197
971843630
52104623
18489116
45626361
19064744
501131775
1323104856
42844683
1575937554
788028986119057412
2590058264
44344421
85403705
251523398
19705628
23576790
735780246
799696837
39731347
37971791
845956285
2434054144
2218242171
2180532753
1227382669
14581396
388815555
412682557
324844301
29036391
38439143
14114267
19107588
732912102713765889
219496438
761541476
40850641
2563242966
29728282
2386671199
24686706
28957526
30241775
252521025
202611801
554723391
96951800
19731606
1972165123
35796801
195774751
36025825
30840835
1959103621
140118545
1204292006
103555738
216299334
243087788
307456888
351650159
3131144855
42827637
1691130469
21695321
33542102
469780703
455709392
15872682
30830959
1339835893
14417779
19389900
34696385
733029904565080064
2748530725
111702288
51200901
461922813
1107372186
136392057
66987835
381502681
34294019
2192544713
722518543347146752
28099901
221064860
147326364
2584158192
34972320
72675862
45565440
404004517
1316676050
14288037
2720666903
22354439
2966702806
2867960272
19319985
4285969876
25683251
308502637
21759024
269216440
15903076
3403879899
52341252
494384645
38693061
1464400112
138717046
156763824
39695043
1464668358
2292454922
709351958
2715434333
18724292
49746926
50079902
256444076
330267303
938232878
372743288
54917900
1330457336
1536791610
150763346
404354070
19901715
133887945
550085442
126089832
759251
899800400
38065120
17009159
47453114
67557660
237767804
2515353038
19061893
961135976
63425851
66643413
29711998
345285366
1032862448
2250882478
53508628
14304692
31101381
25346891
313845197
14940714
423784667
18455138
17756100
28525763
27062533
1167061771
2672784822
18628877
1493144496
134221985
38483841
39599815
25171315
268553359
861498962
31109467
2924816561
155829739
64366720
2818756895
68036693
253365062
253167239
136031286
37387091
141521060
11193982
89172908
42984003
379383727
115642727
18671230
23574285
80668551
1198189740
35195523
38260259
14379246
64240610
25861301
573535964
765456692
31874937
78887628
17017973
352534464
617430060
40062854
28075839
32838045
93879508
20934285
62806889
52680590
209619890
513316812
2772824557
193590801
40209152
401613697
966057043
26768614
14284697
76746844
1281349465
90602219
373612898
426515141
343627165
19262084
529320577
32535843
34599188
14118604
46098040
117266543
2722785782
14759152
920783642
23499901
22604909
2264840661
474671469
43759969
556772845
204832963
818053116
66985635
19297030
549975119
74143933
44959207
19764279
114751780
279250117
214064340
27844742
81197942
24693882
27857482
82339594
99376470
201653163
93637914
37507226
48715234
61756804
509626036
303167902
96861734
322531105
410731663
459980638
1076088475
1135357525
1178437964
1204838809
1351487371
2172517161
2176309548
2228363243
2240680102
2336438769
246798350
126256491
2348279782
356740432
517609222
24950478
112813136
500885877
95482576
199670339
1482525636
70372722
516671992
1017017384
2265591029
17650380
454191471
89479176
425708396
792605850
1309221906
27716729
373646551
19145380
446505294
2180849438
44869490
1005968785
1225199370
14257199
707927607
233551700
160676165
32467248
466696784
23418810
1500371
38496097
18628277
19241520
19758906
20679622
21179460
23185890
23320712
24687109
26588415
26719515
26837025
29273536
31087291
31371709
32416211
39091525
47895003
54577364
58733138
61735082
63266077
101727020
108417952
120036979
142613436
156944270
271606257
225341716
243206115
276172272
291291580
317101757
369395471
421125838
481539254
490191091
525514579
819168234
895029930
951333086
952592922
1139453720
1157965518
1240247868
1250038322
1269692077
1382743280
1519675345
1640414335
20374992
416365165
589840479
1719393332
586830623
160470820
38852830
749444851
189534312
419081474
1281429330
192965053
850749608
57650869
254956683
18860581
842533100
381981162
1579886040
1600935918
81094902
337299890
330544213
85175332
237524449
281417529
580051751
416615407
34402309
390115172
125960653
731277528
902149578
507890976
355643629
574834599
1073140170
169662017
470951814
22900000
365575354
399106062
1005826836
1068011426
764488482
25352133
1057485816
58228836
463005332
16362310
462315226
73081392
95238065
29440550
394247646
277455229
57029446
61674236
21413545
71231659
15745368
37190586
38171057
40099928
607504701
32657414
39231835
29178136
55516088
233511339
34888013
156580448
18988667
15895694
34556256
917695237
21023618
20229175
37193436
70643948
347471106
28093496
38889145
192864081
22261860
202718355
378292641
874335318
69396214
573643334
287726972
500722237
278664682
31700411
71029886
153519670
402952461
69091963
419969336
382380050
23481859
328445838
417445713
19340799
52765131
35183264
109293948
132298643
20176513
428306764
22379431
57916104
416615634
537290850
18503146
599541873
857685373
36347776
184485805
58187044
622815279
8311072
27708099
273840769
125928871
849900457
114604642
16823599
37876601
20425675
28757140
22172506
14284305
22194908
214049275
41500247
40215521
507489702
212272943
245109774
591344670
5991322
128260947
308565504
44466367
26798240
42407938
20015311
28153657
316563842
471287735
45496625
33990201
141709158
153164011
17705285
14196264
56168815
833927358
838545979
15027785
53367893
13067602
81226906
76450358
23925022
831475255
19147731
23480387
319228928
14353621
85458166
32017455
31405598
28800712
44714439
490545410
49068924
65907870
44317501
419788091
92043674
28167343
22895438
280925842
43074271
139186313
328484668
41777935
247185936
10283962
92742473
7027112
471084733
84709356
14266675
79990120
19744711
28524344
26470805
28822089
38638278
35880536
20210193
20145056
349872308
87320290
804597968
26720210
199767329
29000770
22475991
19042668
25294402
65924567
16388996
25498771
56467191
62574827
41545547
46641481
38163216
37168047
39974570
38451208
29691032
21426923
37174426
203496736
61781451
204039906
297461289
110667450
135097529
304615761
132928477
26066874
89284278
59405080
67707084
72292202
196802368
27704856
6257592
38882731
29792081
25051303
74418848
122195535
346483428
194505625
404981052
37390830
737210712
593850502
26850290
14350290
28075684
297028127
740085031
426327631
110244016
53015487
19734035
25817863
95640962
258471477
93247303
733751245
65345246
172439991
18560876
70767339
21868185
14449628
420436017
187855395
79292800
36189150
535743760
555854728
383319172
262652271
108389674
596144214
116711007
396851411
151584475
75547391
35022675
477643223
33344775
612458528
40665151
38421714
419437291
246559875
14078869
11602672
33166432
37631582
33481089
94538562
45919516
369815195
217217458
14712588
70977551
242710578
22613875
34569505
31518766
34228196
301240549
223194178
28726577
39052549
21525504
19529605
17425802
158881083
473914976
202999203
366529622
75011285
255211837
299882220
39233985
93409872
235298024
304926487
239063731
40196836
446460245
545377561
172930363
44068376
15171115
119136840
222209875
14287018
18293645
356398393
291568131
375848538
101452135
462966277
23397030
305563293
51870096
61450363
17685876
51910183
30890493
76653051
33279564
354327403
350263365
268873849
163892217
37280930
397278412
419861852
485686519
252602823
32873744
297295848
478553827
441063530
20667905
46688502
10451602
33307967
146580117
41119906
448764189
415679830
577628553
425752806
23651070
90848755
155976053
18016543
36041901
36015085
14617551
27710376
58601997
55496543
17673981
65313321
14998206
19769863
510886598
442057000
366074128
426015356
15474722
429056693
200255736
473143623
19764533
20974015
22363451
54918196
266111353
338356313
117834105
84796534
524477060
17187058
23616999
196955484
390856590
563653880
436515416
221476163
29965778
17687363
553350809
169201702
14274835
85822252
18387289
295880911
27838791
68741204
157907219
31749659
126574272
19546211
14698968
62508465
403272223
103792291
45818077
428854213
20859418
14584834
14283877
38646590
34928067
18561093
47606328
35056248
30927768
38632472
540684260
116171465
50393960
422901718
261663158
60896067
19509064
30842514
49808014
46054287
33008891
219602088
35248084
14285605
223608608
357686363
146422421
65447476
66737250
27493228
44851079
27845109
23986190
59180070
14365312
378540605
19183305
26076279
458213824
342662786
34703909
112871323
20976857
203864281
25262480
31397933
25289729
44865727
188256896
29028155
14487318
34272518
247786109
54994171
92748799
125921544
288703550
309549816
267760979
41634334
172054878
461516580
424521701
70965730
49608419
22920732
507607913
287161866
313242999
373890791
28304157
72054152
41310213
484888944
487349803
198625434
285332860
386189099
38144133
410768544
30024296
454232244
14349636
312149583
381108794
813286
32647633
442723631
23921403
358104822
323348616
307555868
278139716
291127182
107361688
40245062
452230922
48287596
195802870
178347130
142702489
362523468
377037875
341033396
155642429
36644059
56342547
218874134
54630175
14490887
23115403
298117197
28370132
14498305
14385015
112714402
338049872
71207909
80532257
78888818
358382685
163443340
74474647
33609198
56353796
19157451
131186123
18293202
111431697
33490695
20854544
25063945
174762419
66433571
193333987
38643660
31499866
14425205
149046826
31381810
282706513
277623015
18834399
31512845
353664792
248251399
55487753
64247948
306713113
92253146
169207455
28094487
29343098
341392631
14615934
23438083
328969940
32866277
34342871
135820177
36510958
279131939
166232365
18970504
31093617
45810524
38769939
19331958
166767883
55390614
18897215
25966747
181506556
17873227
26527817
21288315
38628986
31239408
39738562
346514008
18669139
23937836
150788340
35250069
31461297
41088499
92962860
54296291
45416867
18264009
27038885
50269720
14224622
14287326
45845636
98879361
77672306
51250177
18716146
63442375
20008618
36028993
17987852
227835747
18462205
138134771
43062590
36389224
21746816
31544675
28067981
21080164
24010664
25881133
72863760
53213766
21862201
21942750
221119581
26492237
223595237
66664753
313120760
31840286
13763992
80542515
60891099
34575407
18377085
29486083
86154361
173420199
50270386
47301143
38392595
262071350
322163880
57333511
82705598
31113708
229640435
40040516
31384122
82353528
312544868
19766036
342052637
21743078
222818835
139092348
24149604
30873513
101838522
216796248
19766460
74273625
34867203
24439568
64004084
18408669
40969477
16017859
17471820
18475198
21588799
9695912
341991404
40935476
4384251
42042554
166537727
54631326
115019187
57657868
24507421
28087473
25344165
17454769
21853001
17113249
26022773
28114870
42956403
24890121
321497817
28101138
341676599
41544679
78330513
30287258
6592852
18630876
116697719
20555875
14125317
21645552
46104584
81605238
36067300
46604765
36360278
32482854
18670845
62442994
30981678
34285054
30311534
92822542
14735420
92033007
26229790
46644261
142282484
39219035
14234290
28092056
138376196
14276602
20195297
20504947
239098915
65628806
339055436
20223894
23661457
172896557
14763346
14277722
41119959
25313658
14997025
30923509
34601836
19067283
41337693
37909181
305242092
35739895
267902591
58477132
53889382
14340921
221674336
29928571
23747876
40482226
17066475
63262403
18213346
22014140
27845999
20853361
27848098
28303450
19901366
61724625
41554173
82325555
21022281
34031904
28110788
16557956
36307732
36423190
52457173
72504988
217530764
24050414
246816735
53032573
248385045
27207920
244493243
320134516
279452961
223157754
28103763
17893932
22073110
40322305
20611702
68959691
46343990
334951540
32126407
47607262
309013022
39966546
20431436
140423271
233269676
76966145
14224719
32352556
20642087
26719548
25144335
14687587
34229862
19013895
19188289
34672923
42844817
46857953
30201647
6012852
18897831
40025776
42831007
62523083
63129578
52718337
49073990
28631172
27207896
71824168
63145400
75224818
26214264
137286606
21695947
34050300
48302295
19256979
14332159
45565446
40049680
81578629
42741077
48713549
21846143
218910852
44983912
14419378
39490510
307306463
47134635
241959982
312035247
33467543
277162590
10810102
25803631
39811941
14214281
19659689
228694077
122072320
101758086
221822662
47974057
17188157
24951032
20329566
287413569
216881337
20144046
33236436
16542861
20659166
29908667
46081160
19450673
34941106
27834369
19067312
16813552
24426957
214153705
110866560
313244095
19236875
63132666
30759351
39095088
17813010
16432083
19962340
38282491
267403905
188417619
178915141
204289537
110419445
121402638
241065455
26488494
130064773
28323152
31386412
30084341
135462216
20796069
62266883
44997376
19234278
317240118
93604188
17898461
16718406
76292859
37665779
19784844
33497800
45594856
24143353
27317182
75060420
21391879
24154098
27105229
22988843
20301193
81844094
21574473
23849809
21905404
22415635
14340875
20989035
44098080
41785808
31976183
61250638
195848365
115441879
96993423
64742113
189051125
59548897
92489022
34898791
19388863
33832676
167092490
26885200
19700322
33472622
18714976
24716445
24153920
20672548
26231053
10112552
295778692
273612344
15402946
262164620
70894200
265421680
44999519
148885292
57283989
207234194
273741206
58448544
148797101
18609590
30481139
28952277
125957117
36059230
120867553
45830915
38822086
90448119
