3004163369
149177956
91137260
437525465
1496776232708550656
1484642214714224640
6134882
1462548977367359490
1242358474568347648
144611647
1222773302441148416
1146329871418843136
630995607
2885493519
1312028370088144896
1364845405
720139699
297100174
1359532099
3031094073
751283435382067202
55487998
56380020
4869028191
88001109
55551293
826018603468210176
844182547
3457292777
873153435813785601
68352264
3141702094
1172538422134808578
718453592336834560
229270836
1233565816186114048
1088058279324991488
1361402594774691850
482307888
1236387147285962753
864724196
2400294041
1722670962
18045536
422628082
1444012141669978129
29800686
1349354546766737408
533259165
1431237613592141829
746943120
1232317844819341323
23084212
170479337
1414494862204936196
1125479276336308225
18874097
3314289248
251821643
30739418
159158744
1392898153402228741
426327631
878731328988082176
619050616
1231961448630321153
861976100
2419515702
72637884
36774962
1373724230873927689
1628668224
88411679
1849882476
2395935036
787968408059019264
2615899284
1166762183763615744
102780687
390115172
1361309706841714698
1186560733238255616
416511546
1355069198695862273
217708411
527859827
47979303
2222403780
29759248
705375114829889536
1272453346067189760
724481654
885444640127823873
243284086
19533559
42143633
64422514
33099288
495208281
2181866944
194289644
1212473040790966274
480660806
173587074
827799606
1469359106
216796248
554793321
1243122802355560450
33208145
917683048782503937
81572408
2781897857
866580994530435077
1094561385223241728
738477858214010880
196982811
45321236
939091
2654269769
1228419612645175296
1262780683057053696
19654407
148529707
1219283935865266178
572867654
3182718009
1133781622485135361
19017103
961132338
4068347835
873668542893355008
4747973338
111349115
955937550732062720
1173622041112719362
93370588
3256475848
46974565
3393618425
68937023
2431547652
1116099107372851200
982337379942809601
2168214089
289480964
292640545
20675211
1412275207
927783252
190741481
732663243831922688
49034649
117904341
20668369
1112748963130679310
357534980
1880725393
19906029
916945628
3017412700
1239644065160986636
503250806
80024060
1179383574
990009265
3311286493
189868631
3179621871
1116021582621757446
60880381
907922546523295745
12588712
604840570
84364416
101848693
1978155560
1963312058
219435822
18020612
518660800
7847192
319268829
19224439
332617373
993794672144330752
247206957
2973043509
56676419
440780306
394060363
116784503
30011100
3361079735
2433648180
221476163
834477572222251008
1099689470876635137
769924813611757568
948869413314416640
4872021784
821110070
20708761
20000725
94701778
222748037
3056307455
320683924
2969845907
1964246702
296184039
733738224166768641
1040502531795951616
234264341
191807697
63082578
300872531
1097908154594148352
1044647459581038594
845157941292380161
14810076
27134161
4503520823
1173373987726008321
2670726740
62958331
2329066872
923859120276541440
19058613
30825849
47350606
885800909581815808
1081190760987480064
891754482
40860336
748629170759077888
1288773914
750511978041470977
2380016595
722711599367254016
3092676707
22754724
2415957962
19921092
24509011
1108345508916092930
19180789
296159942
20231161
204368725
2741162614
765456692
63707684
33990201
120152296
1096036075808657408
1070815303779713029
282532238
190768996
410236677
555170718
1019974187975430144
1006419421244678144
188793260
26637348
30354991
868923554
426386269
2853761805
1240805844
38739623
274479870
601148365
186851624
340409720
4155492063
1861366753
751341165081980928
68352710
25346891
793497818
21388301
398187587
42844683
271844563
67299508
1018213765614055424
118147297
415910519
245275910
214918055
91316796
574335359
2743177440
2586939154
2388731275
111971247
2351340198
624892540
1951333489
1381465423
626612446
148319829
397411698
29039174
2511142274
493370166
2286056016
876779682171170816
301668630
18724369
962741839
466487550
998966159545335809
948556376116260864
55337743
137346158
82617511
3873668207
224740201
553535387
138203134
43638469
355591226
4842843378
245002556
21023618
20150850
21695321
24913773
108524355
1855109353
20209023
748129052880437248
37928643
1598119512
4360080437
737876050487709696
319675272
77943803
634562226
269948342
3198010973
18686907
119360445
307940450
270917817
968884050969718784
31291389
211948211
45511355
95139347
118062152
98077302
2565321288
2775998016
2425571623
31756041
385306338
545081356
3307929149
3751450582
107722321
19150701
65033270
375702956
3094453874
162121633
454862443
1139936972
39063731
464568399
922902201512710144
491343921
112103858
3023497329
882586464462270465
858041350494793728
864527846227759104
857153285190537220
864595354578300928
832246158391144448
2370188558
247895631
311601642
250323361
829088222307303428
1070792418
44869490
1911009578
264129295
62783326
49385850
3297802504
109591967
20982023
826712997221502976
873592891
1732386876
114020483
14311109
42011088
21804132
2739842735
807514201753272320
253457075
219304959
343978868
317865220
72720525
164226176
19667095
3306382221
4885437689
4897361049
77234984
153810216
3298393134
2958673925
477001149
1143360360
64053637
14700117
1541364193
351655589
841058717105868803
19908335
87818409
2560618001
731520737220153344
597386446
137776972
781212088228249600
1108291645
757502288
1138355514
69583586
3129875193
14389177
405113967
745263968822919168
865124514
542059826
24564251
537370399
81824632
483896814
14135426
2410945122
2743330251
1557584240
856530146475601921
3130965951
1219309794
3228339718
38213979
106365487
231784929
102428526
36924726
1890469999
430877049
416486744
1246951472
319677725
2383460564
878716590
494612269
841344943742472193
178049177
24891866
469334956
522268751
1668599256
504549971
826723242824052736
753623149929869312
2391958126
296706062
390348359
3176081885
402656653
4528789294
812431372174454786
588234393
240177708
3424568505
796982572018528256
21347246
790610273442881536
216677591
1343071
779341733347885056
887115338
701239488
304442336
2466389076
74868526
724857631173664768
69255422
193597488
105892945
1259150329
425114628
1239366985
90354449
31423389
727936824
3072399537
49567113
937480386
17470253
798650851673931776
215448057
516048585
634436555
401940558
357606935
970207298
924061034
338557070
3176516824
32149336
1386419118
354232346
60849522
416612196
608974536
908572230
862825794
1356910440
40936532
4210008022
766620143032135684
72104061
1586216377
64941264
4000589427
1173020353
729986479615791105
211862856
1167061771
34564269
382746967
221088311
733996300694355969
588174156
22767441
111216929
404165469
2991817601
4867120059
821019811
702840516
566256621
425293315
14657578
216666956
230649466
987038060
2317558679
252800692
461877129
350360379
258345629
490126636
18814998
217749896
427722034
2584158192
268531822
297580782
34756284
31068551
44101254
23247176
2367454717
44578328
6436902
301355849
764124031
1127641760
2718593403
76313795
2986456258
3131144855
4179613355
33300246
16780632
1535102756
1270983427
719555092911931392
89156207
990882253
404110448
489648507
475037236
332182627
82689705
482389606
619282123
245754053
198584761
733029904565080064
3761322683
3354083716
3320886334
3695647695
2841872817
14138143
2727209505
726408395067133952
2385250820
1536791610
822215679726100480
4001989702
29404918
135037235
1339835893
21786618
170023589
32016073
538829524
3619841296
39245720
3666388277
111702288
28066013
47375691
16316226
423510239
1253587333
2308659371
155188856
478026444
3169146755
352408058
4845326044
268272104
164282355
845789455
25729216
462799987
33986268
2373406198
1366830344
4129696702
2228755269
93842519
14284443
48815812
20580713
471709113
88806866
76264443
106494754
517571655
1204019070
815275524
325681174
3948769235
124270074
14190551
18725283
78413555
40322305
1403553835
271394926
707856426094436352
1457077928
704419545046519808
23022687
1057312441
3025661698
273437662
56331217
38146999
243236419
17463923
856349048
2548131272
2754777701
705737787530727424
603025587
3066849217
548739265
956335147
1112088564
2399141631
56767899
4745787226
385932062
70059712
416186526
155947599
477080572
93937118
3294171827
4904752558
620310197
552642571
14700316
4023469463
17672825
61731614
17839398
328799911
239513034
216420012
387677880
221446163
266551116
632973000
701555077
3004078828
2987097574
181067411
858120066
434203999
4516255048
446209289
3972342441
4824918605
2778059227
39210456
2603577001
4824833980
29158479
490545410
15876845
19811190
47636400
35492226
405410286
2288138575
11904592
18374326
34223671
2874398938
2812762495
152982996
340577078
26462362
1477365528
2871480967
113593247
3163284887
81556255
27187343
1501067394
2851960793
947601090
13298072
44196397
63663333
606776750
2916305152
593900882
44331626
14694707
734478434
119879630
1206108030
17508660
23341062
23339387
520449734
78085410
17710206
897581580
3096483250
2310502713
4216927337
1146141373
18934005
618118376
87640380
117777690
31080756
156348820
1382814794
26474538
1329866688
414663792
30856351
408511415
2415646176
3880231547
1069180514
100596104
462208067
582673525
17183306
275932698
27742256
2976644129
411498136
477990395
863176093
216776631
29442313
11518832
1726299720
240252388
3391710796
612972910
14400454
2235175809
247372905
132135349
2611654956
18451200
27953603
24352252
588621200
2434268346
1878721232
181692935
2485538606
47624589
17120510
1548075236
419821939
516773751
33612928
140381204
15673229
72370342
3499129157
2589920084
18608709
3033471021
58849343
236827326
3343784579
2863431553
1608393710
2794025188
27315140
2612468600
5119381
954092150
20915104
846252907
309334506
1419077491
526727334
2163779684
3403299357
196569190
599541873
200468381
204986403
215037068
1550183576
757469286
250722978
25488427
464052044
238580873
33586342
1359797515
492524541
91833088
520670946
300787044
2177906808
2367854543
327355997
2418978379
16596200
160952087
65045121
629155400
11888752
80802900
1920645602
83567424
426503872
1356297846
2590058264
1433395334
3322761904
2745407243
3104286371
3339770415
19021488
1450906933
1692369811
2832085559
236441306
34013960
492175764
2573504599
52662909
3328924415
65662020
2772002093
1183630219
2361550276
50336259
341725644
114270782
3248051097
68440549
42497567
164680457
14344925
2913866038
1226039742
62089927
346773770
1141852772
32344564
3241840365
2980999175
1153779570
2518143973
28545288
61264905
14260387
3043865109
526440831
239787434
124690469
414211400
92747619
23908002
43383705
592072716
69806167
38265914
510164923
1257831918
3190936805
2597742035
2406773702
33830895
2379405302
239541918
3090278567
2744350054
25969618
861400639
1033212776
455892107
2420232620
3176412777
95617258
1394313524
2270651757
1207665110
102052998
437373893
1598333058
158400170
2849482877
451611186
1885944998
3118980028
275505184
453912287
1697400068
1420264670
1880776908
925838856
2934007485
26214264
1487007523
193260702
3151708071
61489446
2777970646
405775140
967888616
75214773
136392057
30266226
82172048
65804220
3087527897
36879994
479344036
1532954144
561110484
2747436220
70374852
2987943713
1901046649
372173666
2219046069
3093079390
90870093
271902473
273837228
28825205
298642682
20226248
83795099
36193651
3058781563
2472379300
205622130
2840329546
153810519
353919680
125960653
831494114
76884233
924331344
579817568
248613788
114216901
329046585
14930764
124477890
2869055849
181491457
611076925
35877137
497641923
3036606328
932726724
66091860
2400327069
366201496
2989401941
1421505042
374176832
205858510
2463948885
47453114
341962652
2834757525
170254080
288695161
513023167
534355984
2966028785
2985854230
534675241
782934
250276346
2991119034
2180532753
16815724
473185962
158342368
188282409
2924816561
2285421987
2914250309
2951198781
707946508
2885909854
420258992
494429348
19413167
836334348
40187767
447261381
455785588
2669405904
398916864
151563790
249635137
1262478278
517566043
49589959
368554765
436592526
488852222
197465571
40833884
1450680715
42259002
422746606
433247367
140539347
64261666
201653163
244045939
1579883156
359281870
18074976
1392741032
87398620
1453024098
1322229337
577249224
2489138732
1731175884
848824298
274099629
275197183
61429870
62574870
562714668
2372055922
51228973
1409729430
191831082
28099901
419553326
49653494
269777232
821419
20424463
2855343141
227240280
619863166
255961843
223812019
462893360
501086052
122318779
217119115
96117742
2803595268
31091894
596422929
78706973
423550651
236162205
177501009
226541566
21648257
239833417
307429326
2483931236
2647503608
28139449
1889970836
2849682119
1174885878
36174803
1665677412
99376470
26026699
28524344
446285253
32347467
27720360
823719428
2219254012
113940820
18213483
403320517
515838635
69231187
426515141
1182390182
46003622
2444534352
257593
1328154901
606448747
2477802067
2794113334
2289382613
18356105
212149324
612458528
1518809059
163844242
1934579060
16958346
932927287
422251258
1964643900
140878985
78379927
356740432
346035066
1541746825
237036551
26880289
500753985
21052022
1167091542
26284499
353608121
525138736
415655016
623560628
1490541247
105855561
2483231006
171178842
103097873
59157393
918901868
2344930361
2185062985
258289147
448457262
1650340477
116191489
2749117682
754862167
25873460
37489318
53425446
24044383
1897274095
2637549407
305455284
440702018
19609697
83545658
119344327
226159916
827523758
34925517
370013002
64949809
15872682
65533777
68391443
352306584
47361819
931590480
1407525890
470233975
39036079
2770742737
28202335
368972590
516455269
2242814225
54881725
165738588
462948640
2367748527
66666538
2458002611
40340459
471117306
276453605
2760004465
1359291686
22471399
816993776
1372764241
21857414
2742671437
72226945
184635024
19113307
2196570545
483251833
244688535
93882460
98772794
59816811
1319993263
217223573
2680268393
18124359
2467689584
277133724
94210419
23077161
46678624
253035662
30823468
289504219
343555306
216290594
106711093
15203904
899461658
1086635948
109374678
33152235
2633018244
267838936
20053610
22637827
1515824094
317034318
1329038221
269953381
928219752
407186117
102439972
53167507
358969925
2720666903
1238448962
238308510
494403305
1348623194
1416102336
51987179
187461322
254537691
271461410
17689864
206452431
237524449
575252095
134172743
263774154
96993423
461105934
1633259659
325405501
129382723
105915404
31114386
22843167
266635682
1137986071
75819926
85913912
28949430
248670810
1546896846
14291292
816653
14342564
14377796
20938464
2338201185
257895805
151856844
42604302
2447034603
2720493627
18156456
207474521
254873869
23833547
33646571
18014005
23838094
524311768
223908195
2349494639
31079917
95004718
2380367223
1432977446
23588075
168689839
481195571
488773740
380840701
258498441
63620444
92578044
130936280
636535064
2289930074
2611650650
499968955
188670053
737483582
54881058
64397695
331630751
365656064
2320382981
552172745
102954117
64995313
1850382462
2605255273
98576755
272507554
19586160
51403907
595614225
22159078
1347109550
853191601
19126271
1673125279
886647943
1706528556
29664163
2583457518
87551769
467225373
20608644
340401252
464498780
578241849
420464033
902149578
31362764
917430428
96010420
11936452
601367747
18732505
82683712
223211749
488838043
14285591
24943512
1515992594
434271175
45519191
56987723
245320407
1189889046
15484198
83875973
408839294
1849411176
1322169571
212358813
1853865344
552608827
72349507
1347621906
409542094
33865690
108998843
587690348
2517255476
384332212
23573509
149661724
23178602
75619755
116491357
482439377
114801341
86600419
404124016
36033821
429794044
214809052
157967254
2152803979
372735335
280019924
1394118853
358676812
394247646
2352358348
2213073166
2445050869
1459560242
190961093
333290214
634884806
706596405
425290183
320426129
1509713220
1657411891
2345765649
99354329
254710359
417977566
1680240810
84842549
290200220
2436000534
574636700
702723412
557212920
2345094797
35747305
82825318
14824411
2169216274
26759538
868404072
30834778
2408767963
49399604
88688551
1412455375
134425466
318638270
75266708
18334306
17675072
36172605
395239374
2456146819
2189929965
477923742
2407753855
283450137
236829256
186423716
103549910
299517976
237767804
1501937744
33622624
471287735
38135837
957311533
259402505
69803572
841732586
560992315
2343100761
2433957752
599714022
136600161
27438286
27817693
97883743
2398597992
2417944144
1119507482
2467169979
408399126
2322374534
2292454922
304331315
868594087
105890449
469668671
240173436
2279086547
546254893
2222360488
700133471
65025162
1273339802
494341270
137255314
36329597
1129039813
95169910
21253940
161277831
866957533
45635770
15144122
999590419
610768131
634367581
1662687974
26550867
2396884027
2250607685
27611351
62346830
724268130
255138168
294017258
2164375333
21670880
62755088
274897846
1409688163
31371709
127613778
91968833
491724659
410731663
1229826619
549232373
319228928
19740854
18079528
538103404
413098410
192922199
340377361
223406872
38741412
26079499
132101779
353029255
172329064
250157673
776047027
1437488456
23244604
27845109
304041005
602626619
630970037
1732780548
2354120915
416999344
38414239
1851009649
1371657408
125617191
543441229
2298255953
2326532206
293586346
870270265
2344280238
34252926
27457788
168085175
1457348606
366058034
307879177
87677961
373268253
269951402
187113841
443156042
2264840661
1875018320
19650826
1129236186
18096145
488298018
51383987
1338522338
2323984415
103669529
156398977
522541240
35056248
1380474619
238179356
18676741
25336045
878279930
1189193760
2294337954
619257326
2306042956
43759969
46222626
35022597
74539103
32095550
1482525636
584193137
1551402828
48980951
1534655556
300044003
2168879532
2291403408
99734015
1426248200
2279941701
104857771
1705451886
484601222
1083987980
2274712672
1423966596
483923486
2272819298
2271186381
1316642946
1360123975
601796318
1176599502
768179443
219593416
32816797
2269214782
113586621
2265544407
1551459979
142613436
251034857
111554559
63266077
731479130
38185615
1615444519
2257365785
400122152
2163957100
574728584
24693269
121704404
625895597
1042800931
223557646
525804482
25828859
490759275
88896130
192627266
58477132
787489478
757216850
125000234
1375411740
231118152
252527513
377270903
27714681
436538933
142786019
263847903
247574859
1541130644
735780246
365527509
1037031822
1180305138
1513333748
237938196
766398116
1964521274
29035601
102682139
1526143579
238945097
20582802
449588356
382265175
30352096
138535158
411858209
157697895
94820433
69788387
2157467733
75784227
402180477
478793471
24161411
353652117
1668818786
102976177
295361148
221119581
1382743280
19157451
40280064
1298319782
28580182
18377085
293113971
1149075133
434323933
103065157
15010349
560669277
216639000
19017675
950556500
95238065
175452855
2149508661
73735072
243267023
92234881
1314801468
532666723
161616513
87699418
757303975
1070745218
15776713
21638168
297973239
67120772
61375366
34456552
44852484
898143270
513691739
30647094
86303990
511707320
529334746
16076032
394633725
470499608
34558133
1122920306
24214229
32017455
16831793
1208941832
434111231
24714910
18724292
30288756
299168641
523471082
1346611350
1451456810
10058212
14291645
21078664
105480586
358394494
365604680
977151931
26122522
833391229
1683115626
82465557
28952277
322531105
1076088475
1858063040
1959103621
967670978
1340224394
510524379
1468302512
33888220
602201119
189492004
21301081
195827347
33954545
28966621
891481866
561299273
423662733
1894480675
1430162592
56999355
32994886
716830208
156956367
1675188020
15056887
26296624
130147435
19654850
18771830
115388535
123856487
1329274597
375854632
190551552
33310582
332914784
345423477
477106155
1326961987
483685598
81063496
468355110
477958087
1464466166
288941704
413623048
451018761
99347701
372336800
74213915
433746320
31782603
624011689
432803627
191776640
36915509
1049031192
575752665
1732542980
501171764
379148749
863308099
456952793
324109286
559709759
247770035
312196746
1192873944
1172794578
117220255
545813324
14492421
838545979
72840952
62574827
997809048
301107280
1153445618
140386534
550072889
355756622
198245771
1685812314
538255425
40215521
830650993
14353621
120183536
309008112
388936007
464621111
340421478
100043287
21579741
161806534
30627598
23984181
39728900
68389453
30249703
169025980
1672526953
529278592
792605850
21649090
38249863
14384653
150771231
26751836
79168131
29552613
55450664
217452451
29660732
48515911
251274532
18802631
399643306
578847589
85666077
16237223
108547622
81112551
33993399
34708622
843169339
905595618
412207194
340556238
114430200
30145831
256625759
44194848
27692462
29684064
39468561
37410927
1655222276
1655201196
21844478
33013018
43174028
404354070
34569945
248205281
315450755
515431540
34556256
319216129
596741488
364495543
794739570
1640059214
61781451
135462216
66217612
20240015
568305378
85457858
137292619
478808828
223442298
563220669
1039725918
1495154216
228823899
19190875
180505807
40062854
474816244
457637817
365006457
69785963
59285702
230864549
607401511
19016236
318977179
478019023
587462706
424467702
320175794
319143595
139368882
730334082
28312988
97690374
156455133
56044169
490194418
324082436
430934724
24292549
494404599
1367274648
1363081567
142777789
25660561
19131821
965114857
18563178
93861596
41400023
481201192
58881747
289805482
422771991
376747336
52692898
307306463
87903823
249586430
799696837
129939483
31440884
1601065406
1468194888
337332303
204277480
367929127
416153842
39280929
45909797
265414216
743402995
74778874
1586807708
30647855
42843759
1005990247
40196836
23438083
1560253969
226678652
18408218
1551563708
299758995
28090915
787493827
102390704
468416373
39599815
749077188
889949257
19868115
21290360
63052025
23810227
519885607
507882293
34605064
29715510
66693790
19361192
176058756
25137672
239484275
369414102
531237951
531628725
862125384
54665977
22469809
42492798
97914471
42891395
193207281
473733565
51473040
90855234
1290951109
211839867
291277159
864348236
247251231
34002725
1281745435
45391213
324273038
383921834
558062353
82146768
509164710
283543285
1469416674
538250385
154456153
14389922
159487734
64668831
198848582
50974272
46599128
17247568
1460541030
1450893258
884539826
265565067
18895648
266202775
826043166
851734532
383876356
228338988
1432735376
14283530
312070015
328513508
1432993051
332847359
34049755
290506667
83411987
296209786
14395282
149790147
14283057
19917840
125982552
340401330
177177776
124149022
529360281
217570201
468227229
60868457
192889718
1224171498
424467236
37437735
130804139
24153510
296156896
54903471
1348418760
63670539
388838716
57602886
481932428
545394515
555289000
20729743
20191164
24475435
838033909
531287475
256220513
191572021
243094490
304608466
126089832
1269317226
35235493
27314433
203710059
193210016
67268011
78864889
371126084
355426186
468221491
47600311
1360095104
25985482
272108905
385038970
282211586
374402229
1198189740
74143933
418152332
181130452
273421901
26018502
432553631
286750097
296748793
23352761
93914726
41896037
1107372186
113087150
1289841606
137101867
177911444
24157592
58511405
92993245
31367759
218874134
371711418
27515852
452932725
20432556
334520234
140392065
224240042
23187207
23500723
33609198
29437847
20270952
41793828
259349275
76706618
73725881
756881286
609414457
72513495
17648646
37191918
19018191
549998522
24145833
1060352586
47909519
59686920
20613689
409227653
776672437
1233763124
759459811
32397331
421784387
951333086
388132833
513505501
130241363
518713006
218884515
626637603
836301836
262191989
404981052
153220375
36148979
376173916
417823326
331290171
359573726
14547495
82733955
18387289
37487417
23774503
893830214
1139453720
18715702
66987835
133243832
255628022
362477091
36025548
193437014
51900256
42615788
538977624
35183264
90267622
96164499
477122511
226624229
258471477
86290053
14548906
431042106
403684289
623297631
227294412
198797029
38824745
472851432
67249533
188855653
435854067
413528095
819633517
1174980612
91312736
559845193
224614992
607360571
217520524
23606104
45519320
488584741
425708396
833922331
317101757
402655240
20271819
63425851
306644885
350263365
25683251
26720210
44317501
1151410694
93247303
404006630
34112258
274431757
23798120
220457046
50269720
17079776
500001295
456490306
415701368
21132563
22809353
17183233
882065598
895029930
25049947
96768880
263610232
388474833
24177970
392646284
759970688
71456208
14286035
33617409
355346476
35192448
253643463
34334830
304049189
74703373
472854985
29697649
49072458
472831385
28535253
278925644
23499901
325470794
1049119500
211794894
747854977
72870819
470981143
38532678
1095033931
110998155
90116669
37750230
239561620
1091492726
20229175
601856361
615571421
866841624
546636791
193311364
223085732
899800400
1019443562
40873211
138855525
495004140
273080101
252512857
341564433
474286442
900392084
784452517
931595317
23236043
254236003
26710373
479155183
16648730
60996511
7024192
185959241
525504998
19906615
31662242
584831220
59159771
149955780
232623507
913488324
118857835
22172506
23434430
555056295
247488242
9624742
29082795
495098648
36039755
14291795
64385966
469585545
34285054
497959904
988547942
987578581
390301340
487429328
25255918
299518621
271606257
776597503
35558776
47702049
464728329
152987026
17873227
62780688
618152442
600914208
301448046
234881454
24441301
224691234
890460648
467608135
810439669
628215097
923679078
7707062
193410519
353803829
35888541
873304134
24661842
33033900
115513510
74131074
818053116
337299890
187197395
161072088
901917122
187629581
14296042
103555738
745034532
219093490
36960333
18576537
141744721
869795347
82670042
43084246
775781846
932148577
218539871
363200798
421145965
228337738
41878492
503245246
34910028
330240968
187600454
31225628
387842834
28312022
364908445
282229433
859518872
30236460
42460799
497068566
184136149
482851295
154906061
14723606
96861734
632165452
732815658
5798452
26507844
411791624
574673266
19078925
121382681
341039855
353916079
402048293
905717060
913125264
33237600
31391886
41458403
349132087
128008311
44098253
33292641
33317904
70622590
28545693
17898461
456537246
67903239
23320712
240464454
37677256
54869011
22011813
53015487
185092268
28555795
28361527
378876132
264463212
17867888
125412442
753578594
248838333
364760634
276675433
473815358
874162122
330671624
14116807
42419494
630401007
28079017
91842388
226686741
151960903
510363846
13261352
271417783
55842681
495768920
28427713
737075138
73760208
409876464
24716445
28533825
474452457
154896119
28330830
14286342
53373138
256679516
9398682
87666695
17499801
343983889
855547885
24856705
329004156
316525445
522531461
14294610
817362085
339532308
308938225
224947053
84310420
19744711
577308650
199751812
19962340
34218423
28759439
38632472
19977718
24882415
741479168
56328067
34231784
847066238
30691617
226895603
42867495
148872468
33008891
387695722
214845100
156390474
428611213
596605682
406892131
408444085
376161226
514816981
331184960
19584064
382598137
35997388
390856590
408454349
326877449
53921742
29465388
93162635
107475104
65599042
190194315
65189455
474413147
474735430
302563512
102334339
74983700
15022445
29417866
23181952
815284470
821143603
148456623
71625725
107410000
242902729
14282570
24422735
451815451
36023933
551095035
402831465
126325202
352520910
478906441
6467332
50604877
510199884
84944278
817643168
533613258
804597968
36160400
17189741
391069498
20662498
814881518
747205759
122072637
53356243
408710028
808594566
560965705
470275521
29944820
536325617
419197802
51200901
113002313
374473407
62508465
280925842
133798612
34247120
55561119
480253925
396618124
430180591
228694077
338651001
211452911
318271193
520658632
517978250
239063731
454112906
20140230
14434063
152172439
31444149
19901715
381502681
115441879
342861306
466342611
28796677
777988428
577472022
37620393
421368016
354516475
81801121
398606542
403272223
420951546
18043746
259379883
381446233
156580448
249253255
627260227
759961964
142199485
360023817
17867748
286267446
183960282
244951837
599279253
247185936
232789036
26588415
21106898
717610795
402377699
349872308
274033171
165751308
55821919
202305713
31372873
169201702
141917008
62744996
411847231
110462718
714901412
31749659
516671992
728519228
728586499
397154449
21853001
23418810
16904159
18655567
22790147
135173461
24857319
37876601
617422083
32017322
26232645
18900473
31737709
604422506
473914976
477714161
26554415
412580413
338369157
289598487
38405053
135917823
454191471
134221985
45901207
14584834
70372722
529320577
643443
353664792
52785255
62523083
20609518
475172955
460550274
500885877
291291580
313845197
25498771
72643118
62060746
21423985
422901718
60907043
14287208
317658479
35562489
19249741
21031962
41814169
14691953
255980422
58180860
523332501
87418276
476895713
25996040
26850290
500635122
25968803
20479813
23700852
50374439
436515416
28397965
14114267
381725864
83443196
317640263
20280065
188078681
270525535
233501327
373298847
76746844
480793402
85978778
29435492
24864138
462372547
387858839
306713113
353569626
34342871
35186651
257379193
80248689
495013259
156944270
320829399
84538257
477040058
455709392
505714971
401613697
37621862
37388458
520329893
80820758
477076265
221110729
38885139
17958927
422611664
388445581
34715201
18425625
230547000
268357486
218910852
486909817
20839964
248436358
89484734
14482115
21607678
86274433
195802870
216008028
44457911
187807253
481539254
324844301
421125838
196994616
25327701
445895031
355659961
24605727
139349049
190544369
188478027
188278859
166350461
487764211
396010685
28088939
474922504
346023707
18725408
421886192
481223533
26491964
818910970567344128
325830217
23641557
35795414
15168776
86081265
26601441
28571625
38229056
125930580
256665194
28631172
196409507
119786274
18461311
14379246
76319586
31085474
80596164
246559875
18725815
385590527
47974276
94147874
45396246
110731700
45645330
71884109
78099370
373890791
14155285
237687835
63115140
414300093
157616270
111013267
46886574
324417600
351744384
64697682
403001521
235115700
33917045
261354493
311886739
273575122
355702635
132468849
65447476
19110119
14420387
28610772
69667396
18878967
28546058
41211009
267180999
75978786
358382685
14131410
359569481
395536473
26287322
46338044
1031051
166767883
37448176
239151126
7638452
17385637
96327394
14941840
14287243
234359794
28770320
57064417
81650053
28100442
1652541
356063063
72925636
54528857
47601462
202766955
30439759
375643526
276937133
34381428
62732754
10600192
161774882
62272179
20701231
234132789
17897666
29166561
46753257
123504602
181476245
183768751
20453579
216478751
337858424
281522749
27834249
22282690
68516106
271367322
28692401
342400292
143061537
48062303
252274010
33916529
327484803
335972576
54242627
237696843
233511917
308398829
91346968
428989145
40192961
52662899
19646280
426604298
422571853
220739751
63938155
21178085
21575813
270248672
14612614
34415902
46330251
19334577
27831257
299887614
14398302
94721506
186404031
32535843
205742346
15439395
247181605
360105352
21449205
402983524
43452513
226730010
84709356
202108342
360447111
357011498
402952461
337652975
397169704
77806310
23481859
51396153
75823713
31087581
32866277
30886191
20910861
179870512
36624824
28776654
347513252
33899569
141255641
336176794
34590806
88389298
52703034
83839799
295784895
19836880
341851685
277496292
312544868
51241574
21502529
271080643
14275129
188279806
138336392
20037413
18981070
26979187
31107157
69858942
39980374
249375205
117043974
14698968
29170587
29000770
66985635
14286387
21155271
19704794
20504947
78326026
136542096
216634872
91394261
28085805
19241520
48350211
273946732
69835350
20920040
34703909
15328118
260308246
195674640
49808014
43187396
28957526
146422421
64366720
65313321
40930861
25534912
336089601
72292202
355348269
259523529
217042504
97715377
22475991
321486794
106170759
122039883
24522482
46089649
14291654
142280276
10810102
22940219
50393960
19644592
339055436
172896557
34891363
25129970
30679029
38392595
19122024
19963243
267848594
285332860
30437855
118415180
327266952
92728547
55370705
101546101
42018126
14266385
18672039
151044755
33217838
66204249
388150853
307776899
271415458
45430410
125990428
25333609
16813012
6417362
14282937
113462757
14230524
132298643
49462894
28142174
49372138
18865672
293112350
14687162
14282581
19017582
202203320
263248969
112408379
44423487
14351105
34611720
130267435
235102132
350954507
210039481
141084952
31383680
18854564
34259771
66685540
20506248
19263240
18016823
14350556
121712336
19902938
340393654
14417779
74384068
17442326
294478106
52104623
122012907
32360648
27474775
48327947
22975747
267410607
85545437
343401619
84163086
236839814
115003484
17654206
81837587
13657662
14277275
15932227
277623015
13496142
93899982
358736053
25051303
31380965
18773541
90398634
14449797
60156109
232821385
349672556
292904816
70380300
39811941
184727475
343597316
56125230
352230918
213252048
35248084
234035533
100976814
292876349
31499866
135184399
18443986
31090806
52003215
32671410
348950810
37905264
14369057
17220934
44710412
41556663
26200047
223807855
178920668
133738109
110861340
19237012
42637781
37350044
27707673
352534464
17465186
19915842
35612924
28872687
42233416
19659689
24143353
20515269
271045372
37943909
31840286
16708655
113597700
26606802
35522806
45818077
30991641
265679880
26879208
34675555
248620934
314542260
62531588
31994651
14159875
428333
2123641
14284370
307456888
31976183
14118604
342699473
37189736
19233560
14284305
18360037
37682821
61594707
41119959
20183521
60891099
12471892
341458127
21386801
49063460
74273625
236078395
23608172
23587179
39764029
30311534
56048102
19965881
203047673
74418848
187441247
106367656
28757140
23937836
246816735
18800818
37509974
18851640
18955891
305596173
279131939
19905010
14310788
33479607
151556941
18167583
18632003
56199360
115488878
240331489
312207412
277524259
46604765
20969268
36026626
19708641
145337107
47606328
116700803
63738666
17383707
16935292
19543062
219268128
40220998
39745276
37468448
36627161
30042013
807095
14407392
55355654
9300262
15723290
85822252
198809288
44344421
70225982
192351986
38643660
20329566
38137120
43907682
30526537
49695150
277446833
25663580
277363304
7697902
2583581
127872604
31195903
27737368
47301143
20441820
29256720
229424805
56524489
215993689
289437437
17744272
90264586
18718423
208025676
135153110
14567968
34867203
14293310
21850674
18322104
18504902
14598781
268773500
267403905
7027112
31898483
132255549
33950311
191423267
234517620
97406478
38646590
21982720
139711581
69312627
221064860
14332159
18907026
49720422
27877065
61150625
78673473
14284361
234099091
277482902
184722739
25272654
92347355
85825719
14287018
71526098
35246361
238282279
153020294
276565825
32368777
23503272
271094740
37722071
20236785
40842941
40233148
205122089
195848365
18988667
18549724
34928067
64714060
45144731
14284139
193611372
61239779
273091632
42198971
28324711
227613352
28827724
241959982
10451602
28304157
35716908
19827241
31210522
251769222
19061855
244983461
236942711
57093175
14274693
17780015
67557660
18680691
63132954
222209875
69091963
106769293
14300646
29494092
76585270
84289595
30911018
38737084
37416154
174762419
99184676
17082153
221691737
222470208
123526696
215423375
194874746
18016691
27021630
36806703
79415729
74423205
82761720
35262030
44101578
26620484
23761908
32409886
22628924
79173926
15529670
146006944
61781260
33885891
77211534
19769863
38493594
69396214
19705628
16017859
63451448
18670845
29028155
25962645
155976053
28093496
60896067
84868803
152612686
201633096
95605924
25264859
177446880
18304213
14615934
217530764
76602809
235743135
27963906
26215195
15711290
213275019
121148176
29965778
47965074
19293899
14314495
33467543
31373378
27000473
38897276
14300452
44941300
14529929
7713202
822215673812119553
30313925
20818801
14224719
26792275
13393052
17454769
189376144
35692903
14349636
14999417
18292862
34599188
20176513
22834808
216357534
26820072
23211282
28865987
20008618
25063945
80668551
35276169
18561093
34228196
142282484
33832676
181199293
65939229
21863587
16229491
140350532
18503146
220840127
33598086
18560876
84933396
49370357
14877389
39216634
231770396
200076369
60983
16153562
90818945
221822662
122448174
20859418
18869697
72277469
91894424
16698195
40116773
38696507
26344613
21905404
76292859
788524
61290495
110551297
21258476
125924658
106101843
19762987
39566140
18769714
14322280
135625150
14854634
15736199
127301343
14291684
18448607
19179740
193199064
139790215
90448119
160920285
37488920
31821927
18760790
155567542
164196106
186801942
18171257
14274835
87080308
33497800
18627984
125097498
31421204
180704610
21391879
20596281
22050872
74382346
214049275
28726577
17710058
42857269
27405283
174178926
19450673
55487753
13768302
33006109
19061712
71569464
88200293
186840534
18948063
210604625
58445078
29168612
14669645
211808263
14291504
19233252
19236875
157907219
188256896
14290848
14224622
28092347
17425802
38745028
90848755
30662875
20374992
63132666
97698129
30923509
38631842
20425675
55496543
65460298
210463171
130779267
16945575
191836749
20431436
36360434
29675467
126290143
189051125
16777566
14277840
14196264
19067312
70977551
46688502
70762972
18970504
22613875
34859489
93898199
38870922
14243708
17099847
42956403
14117127
145208733
4384251
31695284
74406096
175314530
193625565
202131844
14474607
18194164
19784844
126065948
26229790
47326041
16589206
45514644
60752645
150228833
40850801
21030513
19147731
53491631
18607997
183739202
31512292
35431540
180097938
78330513
19256979
30242115
132852018
162799227
30828490
15179268
24046713
192840548
25986491
14159148
12044602
7259302
1947301
17006157
18791763
2467791
62442994
19394188
15416505
144540536
47317899
53058964
57653188
7981922
149996791
30141211
115099953
191849753
48966732
191766527
38842425
96179821
13486222
44174373
28087473
36705949
36061408
97665784
35533049
61250638
20308122
37643369
153374624
26526361
19107588
135064105
22631307
41816215
33468680
57133595
101834804
26491223
57331150
14770636
32482854
40885516
46900402
183195957
75831988
103833985
180511678
29440997
29659136
81578629
28323152
34601836
43531203
81150483
116697719
19182501
34038925
18489116
23236589
14285283
24426957
17987852
42741077
31386412
82067621
39014421
42583891
53039671
47795669
86461778
53834107
24458702
17687363
13220602
72109328
34891481
27429524
6526412
29023898
38282491
149046826
172694845
32352556
17877056
82705598
65334576
25966747
92962860
14368179
39965455
101758086
48702842
19063658
16974865
17681916
135568131
180323715
147463192
39219035
34308569
18394995
22988843
28411908
33538992
29761438
23925022
18475198
40482226
33852061
38624201
21645552
84294470
38632570
28094274
21440126
87104811
31117053
84164033
27105229
18029265
19386796
31394950
78252885
72228773
26213840
26787463
148642486
20523971
71283764
784582
32341477
66485074
707813
51223521
11372152
29089118
138376196
64356208
30494954
21087831
82044584
37241107
76924325
20542429
6743162
25289729
88660961
73091029
14401080
114493529
14511951
135097529
20679951
119136840
36015085
646163
27845999
36041901
19067283
92133001
72360203
113280933
38010448
132410309
26243189
120116242
14481535
125284155
39982489
86924063
15630065
98746288
82353528
31680257
44381117
15438647
54598652
18334076
109041434
95174263
18028030
101727020
108675359
47613193
34571164
14998206
109271750
22120893
109660265
28361716
110455341
67029589
110115791
44646979
74725721
109483327
108594815
109293948
14777166
18558708
34971679
14287081
109945500
110244016
123270869
26589165
108558103
110699603
79992803
22904104
110235065
30873513
107095895
95406831
20876088
33249368
28202958
110373654
33260668
28409779
14234810
34465472
22509417
62200005
11940332
18916605
32899184
18629239
21746816
17168052
109525851
110461623
33457626
91382711
88528296
22922217
9328002
83921709
42709793
73100052
70997118
39949133
39744646
14320705
28801640
14335560
14576431
34034031
20672548
34922204
39587862
54899077
90602219
43087336
14164805
18508363
17102269
31544675
111574467
92401180
17233273
109063235
111596771
109522591
104589157
111664259
109809470
28817511
19899477
90469340
20909086
61015036
28566984
84323582
26747063
112137900
26228369
108927579
57600302
28167725
31687026
106087558
24419430
112428297
101745483
111636698
42688326
35815595
14476187
40873247
59400002
112792597
21863377
112976272
40192863
6012852
112798632
64777319
30492286
113305502
1037351
41567705
21864336
113325957
18650692
113365250
90026224
105952017
28870473
19389900
18239882
113583741
14283805
71848377
24160589
23588607
113755024
113920921
41777935
113306156
26831775
114018407
31558049
26198739
34672797
101234957
45649112
17096233
14641711
114270788
76450358
15027785
112390204
30227010
114002309
111542745
110333
75502555
43067138
114604642
114825611
48514346
114928205
108612621
114680005
19854330
114830148
14340561
109518865
54890109
43940023
24970303
115497676
114030566
92948821
44333209
30192160
24010664
59595316
85353286
16337637
64369494
17188157
24411670
39559134
113307238
89660415
114698188
25110102
22915264
90430148
116705006
14284093
116730454
23419566
45732660
116161449
93682180
23576790
26754399
34052135
117096298
117075999
15808016
20245296
117485664
43512689
110634185
115413664
95433733
116271742
46613574
52386128
85391913
29051047
35444091
62829226
102616697
44880177
114528351
14269483
19775860
111107965
15317564
17868367
17742136
69579495
64433955
40511962
74246838
19972884
118983069
50283196
51373527
118997079
29709706
116423497
108740098
21805544
112813136
19143048
14286212
29255044
95464695
23423780
120036979
27601390
38903854
35714927
28075384
81662116
36652533
36323582
20674482
49746926
33885551
19643623
19107846
118666550
54141593
21401177
66317845
14284559
119382814
112971782
117834105
18804374
71926236
65607830
55377371
112418376
25707195
44969407
118351047
121155400
70912308
116405080
48448443
17438026
60258711
18886395
35382270
111400519
121389991
75323526
51413250
96725246
44574872
86487713
19283437
87642705
34723438
102687990
45810524
19764533
122046588
66735435
67261115
122072320
39276871
18762214
113129471
23582636
122057224
20145056
122466688
66141629
22258408
32213118
106840945
122222135
35195523
122924679
53213766
51997943
122381610
104127350
26327579
18531868
28114870
123446677
123295415
42496665
94538562
43069576
95158395
63516205
18668157
17962730
26238429
124236292
106714708
121053477
124408626
31368001
124414877
124541415
124548248
46607118
20143588
28338371
125112597
27438589
125175849
31728646
125149089
95165086
26207844
125169622
50743244
18982509
123855114
9550672
125933257
126022959
38931982
126407170
126428689
72880522
17229830
60034200
87179667
94070650
65051514
15009495
77346169
124197690
27836738
27470182
68489300
113564884
43855402
22481584
47400045
82037562
14349782
44251546
127871320
122195535
93829537
106407261
128220859
47570946
6440032
22779314
34299686
18426185
68529875
14282307
130100793
63145400
55193024
87914223
1149081
127074628
121446985
45673798
37509434
25502745
102688411
17404231
70352757
88387895
16876549
104238037
102672793
131515864
27216472
27912314
131801058
132183701
104504930
96982213
15065712
35456283
47318453
14723355
34033684
38882731
112457485
129421647
29315301
30443134
14906581
77731885
133374444
133028255
26060665
28763756
133683225
133859814
127794184
134040238
133842767
103642725
23413376
112671903
58166411
64818133
15849612
19103
16779119
43091419
14301223
59505711
70919331
14878711
38260259
44865727
69007602
31723557
18293645
39456398
20425557
14340875
5402612
41327260
61735082
52718337
65924567
41820304
14378181
21188337
14763346
34229862
22363451
21022281
23480387
53949942
58469412
16718406
17960721
63155239
36107577
47298919
41554173
19758906
84570744
75060420
46641481
66078185
62271664
63442375
65493023
92043674
21179460
33236436
19234278
73872184
14284273
23436442
32352209
62522258
34725952
14487288
55221853
35758259
28818351
33483219
19975445
22028192
20223894
20934285
21694107
64969939
39743376
53504967
28101138
17079400
25984993
18101457
23759065
25262480
20431031
45548997
18557271
90831134
74217252
14340921
73210956
20451618
21817685
96090970
20325237
54892735
3801501
25544152
24188676
39466358
20170408
67127608
38387097
66696236
18714976
72843859
46626720
18802022
70429498
70919209
35587592
30952976
20555875
86154361
19414413
34050300
10069612
63421719
34575407
85146182
2797701
22670768
29949027
36028993
17289752
19391273
25619794
31709436
61724625
24149604
33853827
29928571
15736172
63421565
16362310
26818369
62777967
40935476
25803631
64735000
18428772
64742113
18519026
28822089
45565440
55537558
34559946
15017575
65579522
19319985
28092056
56202063
63418858
66601062
29440550
19897898
19062821
21689226
39506065
31452966
17650380
67916847
28128082
68679842
66664753
26470805
69361035
53290662
41566304
14606990
44435209
36067300
31087500
67845970
72268080
17756047
26849508
44371342
47093635
41544679
54594697
21210229
31101381
74378200
18633093
74474647
23427209
57592947
21872638
55541718
36031332
46081160
25482639
73469585
68801651
75388843
14277722
58712179
31394873
6592852
75996103
63262403
76377979
76628881
73366922
76620190
78086900
23574285
47023262
15857285
75130201
47607262
78261142
43062590
34357825
14283756
19395055
15109045
81381193
66737250
81844094
22920732
24154098
38693061
23616999
81873660
78539685
33307967
20195297
80936241
82325555
21232952
67707084
23607334
40049680
82564959
35698721
68741204
48333044
80931910
38769939
38623117
41604453
37387091
32864014
28074404
14872799
83844559
26761938
63075432
24687109
33892809
61450363
67565293
49674652
83583364
29251764
39554261
82845533
84064240
27848098
25062146
46869791
84639315
85068151
75742264
83917825
85561443
33933259
53367893
86180543
86260789
34585876
23986190
86753464
82359917
39756646
62804695
56783320
34443564
17673981
88753421
39811362
76296106
82617553
89538885
89425108
61714730
17230800
90610284
29695026
67561158
18016543
24015311
19881538
90659457
70398696
68630474
92722440
92740110
89700115
92489022
53876028
93852440
26451164
34893214
9792302
26522603
43525582
96203019
21393069
94434788
25752134
47666288
48709777
71813915
49100964
28184374
34391099
39581053
54874871
93027337
49774380
36997039
49045199
19813523
52047329
14597933
81592397
789580
41596374
29182651
66824929
61012500
68413635
38033026
77686957
20625292
33505825
48290660
19388550
18669139
29691032
14605569
17761660
62778876
45551489
7677252
71486388
31382140
29709627
67900711
32403187
14581396
14234290
28148610
21288315
21288039
17233550
22915842
27704856
18938626
4898091
17685876
14487318
16813552
22338298
31518766
36059230
813286
37182603
22898618
14276602
48974071
41337693
17471820
24506246
19058275
7724452
19077517
34898791
45179583
21846143
5988062
20853361
17268742
28189211
65677060
62078352
63118794
38163216
63523733
63684001
19611964
19119226
64148350
33562987
31397933
63673742
30548911
63129578
47423946
45806348
26719548
57001113
44430030
33444084
21872749
42854868
34573200
34554456
41666866
24509430
30183766
35760489
37174426
46408319
62101460
62266883
61481011
48713549
14287326
48812440
44577324
31100600
49850292
44851079
50292289
50051699
25380560
50082153
19232861
32131150
26564673
15848266
20868447
30469536
47446813
19962261
44877593
36510958
34714893
19331958
28305009
45919516
54577364
19186642
54917900
28085228
47569796
55203329
52359472
41368771
22989809
14316154
17704539
34972320
21337100
33109812
18476547
21082438
42698033
56342547
38906865
36440078
32660698
19150945
21862201
57573634
34358574
58189198
22361149
34378939
20778180
14490887
59083291
30891457
48302295
53751724
18971165
35217477
14093978
59548897
39727872
60889124
18937302
33899446
58812456
44850238
14617551
24169740
36029584
21875834
47974057
39695456
20044495
39726707
24250540
26839190
32961236
45086329
41088499
22521284
37855033
27762615
27603445
14341247
16978019
6090132
16095034
17775647
16432083
18332222
18020127
18213346
14496474
16557956
17585265
19062199
19188289
19042668
19099958
19529605
19902907
20366788
20451813
20144046
15016081
20659166
20587233
17929243
14997025
14237373
20238626
19928658
21426923
17527559
14498572
20611702
14291842
20301193
20667905
23740299
22821558
24854369
25365007
25344115
25144335
25346201
25998113
18628277
14282840
29486083
29495546
21695947
27207896
33482265
27513352
21865625
15895694
22415635
35789212
37665779
14285785
47005158
49073990
4970411
18424289
18443889
6721522
18584932
34672923
47737455
34612342
33166646
25118559
14365312
17247765
15916841
22638711
23104499
27317182
30241775
29277321
21092382
29172172
39329263
21590690
28319144
41218317
20440081
17950863
36110222
37911247
17113249
33038410
19766036
29447307
9990932
30230228
19782206
19901366
46397919
18897831
29716556
14659667
17525882
32630253
18061771
47437767
47591044
25313658
37034439
19059674
28110788
39963302
40531923
41093382
39091525
22677425
15015340
40635374
20362683
34696385
31111153
29676819
14214281
16668912
45845636
45565446
34258228
36027595
46099447
36378384
42040871
25344165
47134635
39966546
46384158
41813695
28103763
16542861
37165324
14724983
34402309
9695912
36307732
14687587
38451208
26269762
38638278
14619739
33542102
14736025
34863049
31409120
7723532
14206252
16717811
42844817
42851485
19337187
14712588
28292641
14315789
26022773
17187058
38730168
14732524
20854544
44872685
15484698
17924723
37904694
14283877
45536239
14125317
45594856
18609590
39974570
37631582
14298855
27834369
36346345
39052549
31150189
37620087
28303450
14225413
15353365
17813010
18716146
16510479
20249814
36423190
14320899
20191034
20642087
20796069
29908667
35932271
16997941
23559428
36099106
21574473
27062533
35718632
23115403
18682262
23849809
18186419
22674099
22014140
29679005
27691169
28659193
19734035
34376640
33714133
17066475
23651070
