4216927337
3224344629
473733565
96861734
430233250
176355998
3844259681
3707177055
37971791
32051342
36330373
1536791610
822215679726100480
390115409
41312208
1207162982
20140230
729127914
36775945
390673690
69227108
329815445
199767329
19965480
538043125
18948340
1979575620
1092796387
14777166
2966028785
62523083
20934285
17969007
19157451
14252686
407634764
2909886951
24950478
436592526
72943459
20238626
23236043
478526242
2398597992
63145400
471425301
596422929
32533284
2285421987
1239366985
513589540
256444076
1322351731
43759969
22670411
20105447
232867304
21866798
48350211
26611789
40011206
2483770033
87398107
134208679
471815654
1512763884
907401613
113439411
2397494994
491112050
787022528
1842844484
873200750
446505294
399670596
464661883
66693790
32613716
920783642
28315929
467493685
926041021
1488840763
54479468
19282440
21649090
14353621
470928211
31890680
2433526820
2363506767
40209152
59083291
67278465
885161887
2710600032
106769293
249262359
364157227
1698834463
28092347
1238170286
18079528
290144168
82683712
27513352
144442545
387896537
19234771
20152971
19259873
19189208
17957492
19928658
19263240
23419566
46626720
21590690
31215429
32017455
2701183771
22901292
401389006
16978332
221064860
20329566
432598512
567915703
255198886
419553326
277496292
735780246
37665779
241959982
2265591029
28304157
319228928
138376196
34888013
743060426
30873513
24687109
231118152
27848098
18293645
92962860
18292862
1107372186
67707084
34599188
351650159
279250117
133798612
1219309794
26818369
47346825
18970504
30840835
110244016
62271664
19769863
30241775
57039876
56220775
707927607
445549311
70953641
33165939
31963968
2336438769
634401382
33171890
2197989887
858496435
44344421
792605850
24010664
43062590
389941495
341062077
22028192
32113690
500885877
1076088475
50604877
1669736581
64366720
22017469
210463171
410731663
27021630
28726577
18717184
29447307
60896067
22834808
930456918
374473407
18988667
1005990247
39974570
1329274597
24575979
19077517
47606328
40196836
354516475
28818351
135462216
18669139
20144046
17187058
66998183
2637258154
16904159
198625434
2672784822
409420607
22488324
410276467
333290214
399026911
39456398
514591995
17410350
89484734
109271750
562745251
293950010
1860024589
1702622119
2264840661
25707195
162577634
24523390
454232244
291630537
193554972
83199512
38399452
72840952
1557584240
25660561
722398609
38265914
215359615
30759351
2580682589
976284373
1875018320
252800692
512225491
278941952
2192058508
66485074
25129391
377427650
487429328
20583186
296118811
34013960
18274363
394836017
632165452
255961843
2292779365
789985159
1898190944
44423487
1901046649
126256491
34247309
27692462
19386796
19642213
550085442
238308510
32867404
356330071
45342108
44317501
489716972
19145951
101727020
18387289
46869791
1534655556
14417779
74143933
269976159
40070270
562714668
130160241
1218988039
49755218
6626182
78326026
41183221
19145380
32467248
233511339
31372873
26761938
30266226
112813136
18558708
63266077
134425466
227613352
67557660
68741204
23830152
221119581
22677425
56636606
27704856
1083987980
426486458
92043674
31675312
222867271
53672706
744702211
349042271
2236337098
29715510
61781451
806429330
31397933
588234393
78385619
205742346
34334830
1691130469
23590619
19659689
223442298
33954545
993417457
1365496092
193597488
34440940
1520268428
199670339
90448119
18520064
20555875
862125384
221000907
40215521
33033900
17756100
368975894
28090915
432396256
18797981
532576506
349262757
44320971
555519656
88396298
112436228
63080961
33506248
18777708
11372152
277623015
112981132
18550977
18381317
143061537
60891099
84709356
291277159
49965653
623560628
135820177
847066238
193311364
134172743
477106155
87237306
29691032
23436442
185302516
311886739
14906581
20183521
419197802
44872685
17425802
19331958
28094274
28822089
30311534
238945097
28093496
16671869
35067421
37677256
266111353
76927088
19385216
951333086
43671722
36067300
70093215
1074400866
14284436
415866479
395593188
18724292
19337187
37631582
29928571
14763346
85545437
17650380
33008891
34556256
1426289635
38163216
38260259
1860429764
61735082
261840015
849790598
248706024
9550672
19261863
48291718
1442188742
32844394
86154361
20969268
19017582
14395000
35739895
21689226
21022281
1667208978
252468595
65533777
982442894
1416056570
1032862448
27819964
29659136
38646590
324844301
14282565
20165293
631313695
63442375
65924567
157907219
148686363
1675188020
29435492
37448176
17230800
353664792
21426923
45565440
38451208
390115172
18461311
35248084
60104634
317034318
19762987
32397331
34569505
138174242
140423271
516671992
19962340
211129938
1039725918
1139453720
26588415
25294402
14118604
14224622
36320315
20585062
62569436
17616430
18334306
390856590
21942750
196409507
420951546
42843759
838545979
34928067
32647633
30927768
19042668
26470805
313845197
115441879
20667905
84639315
36423190
57653188
45818077
226678330
82825318
22363451
28148610
36027595
23937836
67560511
233580495
45614100
501744819
26539162
34859489
454191471
31499866
239833417
23798120
130267435
14214281
23115403
7677252
32482854
317100875
55541718
21853001
78099370
25380560
37876601
46746424
17506823
934294806
33497345
25813743
81578629
169274601
7027112
133738109
14286624
475172955
1317357973
21423985
30923509
436515416
496100055
95640962
215993689
370103895
1290951109
28075839
93247303
25171315
34229862
37904694
14276602
41093559
619152353
18272787
172697137
122072320
40482226
43106281
20223894
33307967
33892809
19414413
32671410
18377085
22604909
28110788
63262403
41554173
29792081
19188289
154456153
14237373
14125317
37174426
18761632
66985635
189051125
17685876
40869450
44869490
26719548
76292859
66737250
17691530
33464295
741479168
221452480
453758064
86577305
47318453
42920657
105897061
36015085
491140593
28103763
36041901
92253146
509172472
20431436
23189168
377965251
215960624
235743135
221674336
1302099541
38282491
196999109
109859732
379128145
18714976
222818835
1239625908
20586070
90848755
31386412
25365007
41112318
46644261
33852061
21645552
34575407
20611702
48702842
19756545
19758906
55496543
28305913
19764533
25966747
16718406
33467543
14659667
48713549
18609590
256504306
246177161
18716146
14997025
40935476
47453114
45565446
27845999
9695912
59548897
6012852
22282690
1577634368
142613436
26720210
66204249
230864549
490191091
401613697
1500371
27429524
19901366
19670805
20868447
58469412
22975747
1339454510
32816797
224156880
22300646
32922138
31087291
53367893
20432556
277954207
1467051680
30270192
510931885
19067283
273638217
28092056
34342871
19256979
20853361
34601836
27317182
15848266
26248712
31737709
19236875
455709392
18907026
17066475
29428864
10451602
31421204
75060420
34285054
172896557
27829732
20176513
82325555
14277722
29343098
37390830
217217458
319216129
41816215
146422421
26719515
609414457
404354070
1204838809
51998462
1091642166
464621111
885816277
503245246
23499901
19646280
18335499
492217594
728175350
148377611
113315985
1263977958
402013643
497641923
59741574
504335911
603766307
78385212
20778180
111555996
94397645
1175238181
305496121
102390704
62574827
493574718
41780439
12471892
49720422
831435757
20513866
275686656
249837295
73405963
17648646
1312860912
97088244
1347765812
573535964
34357825
1357561580
32991016
1360081058
92728547
16388996
139070760
33348473
1339168716
27105229
713347176
196802368
34355018
47140741
14314495
28957526
473337160
543609207
1150520342
290784277
307045519
593900882
1009813400
66834399
52103766
1007279654
169456864
42460799
27405283
20170408
29226551
247488242
14274835
59180070
32660698
198809288
129497287
291864495
549877273
84282572
133201357
577472022
30536570
564822076
395286665
563732826
273474403
14712588
563582975
607586872
613211024
89172908
135510076
27082826
396490970
145337107
61450363
105265572
434518122
14407392
722373439
82035277
23185890
120588952
19287037
48966732
57304596
171438889
809492594
27603445
18767216
737075138
355702635
35825746
541406680
472017136
18955891
863188267
33190359
32977404
169420603
54173721
145650504
33292641
33502071
261852783
102616697
23084212
388202325
918785168
917553307
423298965
104830341
461116121
463121864
40218843
902637180
29027913
886561375
33885551
769434008
29440550
235735515
61215679
27716729
539247839
242491033
14296042
46734983
238070339
21592373
873304134
17960141
808208599
25680365
39240562
407029202
72245600
970449907
19705704
480717685
529320577
30318565
484701381
18016543
18761782
19297030
550797385
68978345
575252095
965762185
160676165
398613166
239561620
14340875
52457173
1211317417
462287332
818053116
1222281936
1217580594
50389557
986502582
25720965
42698033
1243158289
20240015
63129578
41337693
1178565788
1178437964
29716556
101758086
28303450
45919516
33497800
36307732
46081160
20425675
66664753
36389224
14277275
24426957
21695947
32657414
49073990
36028993
33236436
31409120
34898791
62537209
16432083
20796069
495004140
21746816
214049275
47974057
33208145
66217612
46099447
221822662
26229790
17113249
15895694
156580448
33217838
39966546
62266883
27207896
42690697
366113519
188256896
27062533
23822793
291291580
34050300
47423946
40049680
61724625
216357534
373890791
45594856
23320712
19078925
16813552
352534464
17813010
134221985
20195297
22014140
279131939
618118376
29189866
332345626
33192221
18760790
20142758
19119226
34941106
116697719
48302295
36043605
34725952
112667921
241897419
39052549
20430961
425708396
58733138
292220764
347849896
385365440
391900256
54946296
340422479
19234869
22933218
38145897
17527559
19901715
283945270
176381744
429313316
136228120
433635563
133028255
240617726
40340459
417445713
48853524
324417600
399905956
143961616
46335743
150669045
19123323
24544566
77199754
319826670
20762563
480821128
482043856
467575780
328988375
251274532
23574285
87320290
222209875
367682528
216666956
22956419
473914976
515264194
485724436
498712475
235102132
515349639
22920732
36189150
29471954
19978806
513505501
267403905
112428297
25498771
217159886
505714971
42112988
331843180
95238065
30268307
23849809
299614330
28524133
36179458
72504988
382701373
313367201
135557313
527914007
312925796
81381193
18897831
19179740
188078681
247185936
463016653
60939336
42865084
47317899
52718337
14332159
16557956
14114267
396618124
21179460
26850290
38882731
20441820
26837025
59896145
42844817
21391879
29908667
421125838
36510958
25144335
14365312
813286
31840286
6592852
44851079
14287018
25313658
14287326
45845636
22988843
20301193
19529605
24154098
24143353
14340921
135917823
23986190
200097586
20374992
19784844
63155239
16542861
34672923
246816735
24531620
65447476
81844094
102939147
21078664
17960105
21905404
22415635
14284305
