68741204
24890121
63132666
1430848770179227652
98047213
995389733231628289
890179442315624450
2176620248
3026107699
59561900
319228928
37193436
112445679
518951670
109275593
220817359
932646216533504001
2180017225
56363343
92945681
99448420
14694707
1426952707
1137425888
1496447430
912566684
962607038294515712
965291519128342528
19177501
303862998
308373366
26885433
2359926157
15007149
18435641
19766460
475988505
24951032
19119226
18714976
74143933
128218634
453018552
373890791
869606803
611754300
313403883
185142711
333982951
1697159090
261852783
2988033940
40873211
57039876
70898910
1009597094
23480387
34571000
280479812
744792649245200385
806594768
818053116
750511978041470977
23606104
26719515
345842262
322531105
1135357525
31700411
501744819
25996040
193554972
749444851
66433571
24950478
155561448
200150767
2805358944
137017726
624462023
21273807
756073372908331008
2583539371
764384267870670849
835467761857904641
196749708
153810519
269940283
205622130
260132760
27260086
409486555
16409683
21447363
79293791
34972320
3129620044
103555738
114616283
1143076777
232378544
866643061
33180076
631722380
488793759
974548267
27105229
2253148681
143409075
786958314
57948579
3171712086
1153045459
207809313
1447949844
130104041
60937837
1346439824
193186935
304615761
1976143068
217749896
117777690
92906057
19929890
120965579
381949397
37168231
2183816041
1324334436
2655767737
1636590253
137780376
371730289
44196397
97217966
3097503906
14130366
2410755840
14260960
26565946
157903916
425973946
71789740
31869934
19739126
15207668
14344823
73238146
1917731
43963249
51241574
9300262
14377605
818927131883356161
13850422
11134252
818910970567344128
308908526
19190875
18646108
110445334
62513246
3108351
196168350
15846407
807095
282288426
479036064
20733972
113047940
562221369
156959228
128044583
2584146452
784440018328776704
97537762
130159846
2801954304
748999022539599872
4736905815
121573949
475802156
75541946
245963716
108471631
759251
39349894
39344374
41634520
471672239
1367531
20713061
22203756
155976053
17673981
72292202
19107588
792605850
52544275
61272088
308502637
192328753
339055436
193663947
78191269
332188446
188717566
310239584
613321095
769727912
101727020
20868447
44317501
53778858
575188047
59425706
513067381
1412455375
20008618
589802929
59830355
356398393
18916432
216881337
1074480192
29442313
1180379185
15745368
23022687
216776631
113130846
1081
168857946
317101757
4575856758
4573405572
4039761447
459436333
2344667580
15903076
27195114
3146171871
454191471
19529605
30941476
33497800
20210193
21905404
75060420
529334746
18293645
38265914
116417668
108235614
84625371
103865125
94816809
97611573
68399705
103603559
53790896
79402995
116677732
118201804
66075817
15044593
171117515
79708561
183230911
87118217
597301440
64049044
102594253
70179948
213956693
1339835893
314870520
22049212
309559389
373617611
3222473034
529320577
345811633
267844771
312230865
390860562
400770714
487736815
1869985748
270106571
482289653
523588327
355741893
91441874
31206614
126881128
18045028
66092787
490442018
1978851349
27602673
1391566592
2915766225
14118604
247786109
61724625
372839416
1093090866
818876014390603776
1536791610
822215679726100480
636163817
216247727
105710210
1021419306
381674024
42573217
108252113
14120922
61755650
468479147
302630502
950165300
366947884
110025421
68497896
2999523815
239267224
41552881
114785416
38403110
251521725
283916211
947192262
1139649950
1652526218
1492538024
317034396
2469605695
1683077954
28535253
655093
34928067
1176135546
30873513
2280917435
1198189740
21288315
113707226
22363451
500885877
18016543
19962340
28323152
40935476
241959982
20195297
27317182
18970504
66306024
35927341
70903729
56913467
291557277
75854417
26053643
220228167
142722336
57024049
123774113
65659343
16542861
352534464
560669277
23061619
138822469
48702842
39219035
373416209
87174678
33868638
92726549
115290697
57879889
102382667
118024094
121044171
78941611
108936259
90628174
84554399
586361294
14277722
34050300
30923509
24177024
74402167
43017766
66334209
155151279
20223894
74217252
36028993
488834363
1482525636
21982720
15485441
1330457336
500042487
14353392
20479813
17187058
19697415
36015085
74418848
63442375
158414847
237524449
14824849
16303106
115485051
18948541
16581604
7713202
266991549
62442994
50055701
15764644
287413569
490126636
16832632
939091
14159148
36042554
30313925
822215673812119553
131574396
44335525
20221159
62591681
38536306
27457788
62290422
398092540
24929621
75974281
19397785
50374439
19058681
48410093
436266454
25365536
130649891
10228272
5120691
4898091
91478624
34197952
15208246
42226885
20536157
783214
414869890
15588657
353664792
346483428
53556894
17710740
42606652
39240673
240649814
15093629
29958928
230140702
33801019
45786456
473914976
261090708
37034483
6509832
134758540
61781451
716473897
38647512
132817648
124258971
122928781
20751449
36423190
54829997
63262403
20301193
66664753
203864281
27207896
47607262
135462216
287156977
48713549
522531461
5402612
471741741
172057857
516671992
221064860
18213346
113352671
219617448
221822662
109241992
33467543
36092118
27845999
107318424
6592852
195703895
68977380
31348594
57998991
56631494
279131939
405427035
18839785
18292862
18716146
17685876
34599188
20329566
16718406
76292859
426092635
20144046
20860169
70111948
160817572
29005156
277455229
61126132
19917840
204832963
29704091
390856590
341564433
1243488368
323795324
1195765214
520329893
44207761
14420211
923818974
33609198
235284658
44959207
1160204432
1073140170
539379222
21588799
45919516
96839614
387678079
392773603
188256896
55496543
52339151
20989035
47423946
53555106
381502681
246816735
14349636
75224818
112871323
52551600
15693493
6173842
22461427
36686415
30364057
336116660
20015311
90420314
14075928
19562228
44039298
21506437
23375688
14224622
500704345
45531571
366819312
153164011
36307732
14997025
82325555
122072320
22172506
31461297
39811941
46098040
189051125
39695456
34703909
107795399
33236436
21695947
30287258
44865727
6012852
23937836
53355887
27848098
76294950
99376470
20609518
80018213
25313658
81844094
87170183
17987852
28101138
57928790
305242092
19067312
122995784
242710578
142282484
218910852
135421739
47974057
50393960
428333
195848365
97865628
62523083
113419517
18897831
86254626
132385468
138134771
19764533
18760790
26719548
5988062
56304605
51376979
17066475
101695592
85458166
14291795
55390614
42042554
2467791
131204770
107125748
164213375
23970102
34601836
45918672
42741077
461040407
71029886
311006957
57029446
25352133
29036391
295880911
355407054
33750207
243107115
37921321
64700866
120895262
18681139
149198901
101311381
102364880
451586190
339600819
61167094
389974129
361848817
57463701
94833341
115341081
92332298
44588485
10810102
347257032
92594089
33464913
24705126
60737306
417632438
92708272
19895282
88147848
59808841
92724677
60627223
277434037
128155589
15962096
2884771
14230524
184647530
55520719
14293310
184648622
249749513
36327407
71201743
245687754
138387944
11348282
113278275
145125358
42691072
461516580
41554173
42712551
14224719
250633394
14310995
307306463
267403905
46644261
14340921
16813552
28110788
45565446
132928477
180864082
113002313
39965455
110244016
203496736
53032573
19256979
45594856
19236875
22014140
115441879
41337693
26229790
259379883
16557956
28952277
40049680
14332159
8161232
36412963
23849809
81578629
65628806
25144335
67557660
47134635
46081160
34672923
92489022
96993423
14687587
21846143
16432083
40025776
813286
41785808
62266883
22415635
26066874
37665779
18609590
49073990
39731347
25803631
35250069
20642087
39966546
34229862
24426957
44098080
59548897
19901366
14340875
61250638
58477132
17687363
45416867
19188289
37904694
31093617
138376196
34941106
29908667
42844817
48302295
26515744
28303450
64742113
19067283
17813010
63129578
20796069
30759351
52086113
44983912
31386412
38628986
40203852
33880430
41119959
27462848
18897215
12044602
14237373
18791763
14291713
31976183
38822086
37416154
30201647
14402059
17865618
19394188
16681542
23088711
34898791
36059230
18630876
