4850156121
34972320
2339370609
26719515
30287258
75060420
2457941148
115441879
32347467
151444950
3082292922
66485074
25803887
241959982
31499866
421368016
56328067
22475991
43062590
34231784
42843759
453338587
200261662
77990661
45872558
276032287
216288282
33497800
33467543
929412942
19967593
899800400
1103808170
924875222
41337693
479341887
20868447
35183264
66204249
15439395
25974063
74125850
21859509
17484539
85383269
18470331
73469705
63425851
21859700
19340799
18550407
75224818
20143588
140392065
20582802
73472737
225501811
524326247
29040562
276010468
269937776
95605924
1323173095
415866479
83839799
18334306
1181561850
1243861916
42698033
415528001
1234574132
112976272
1278469316
519707372
860378791
1007279654
14525309
14277275
145650504
24687109
61450363
90448119
28101138
310120071
44869490
20914689
965762185
46746424
926188446
1058955836
477643223
864391304
340393077
349970652
218781670
42100413
463006120
463005332
71000082
39505274
270092321
371939579
179050190
465912646
19388166
80931910
358963818
32467248
37880184
24583512
279250117
308565504
454799703
529360281
172571624
19405748
82176038
338209422
49072458
778087093
21776475
1032277627
23439822
865365792
951333086
403973682
965972486
1089238542
28097104
895029930
855487898
490191091
294556162
20432556
1112707694
1091841482
937698158
570763281
177177776
1103749050
339294690
1082967332
372735335
186351796
429313316
107354968
440175885
20853361
18293645
23104499
46081160
41554173
15895694
47423946
23651070
34672923
332250939
157616270
37623914
25289729
32660698
90848755
67903239
18631916
117834105
428854213
30873513
172896557
499211936
34229862
188256896
62266883
96861734
82299404
103280252
224240042
277496292
110333
65306306
68801651
328445838
605217413
18387289
472815522
524216210
143061537
19764533
22363451
374402229
437803905
247668060
569848320
355353869
307279398
891820236
13486222
188670053
46613574
394247646
952592922
19762987
19784844
45565446
20513866
38421714
606854606
34376640
737516430
21179460
471986660
203032271
7027112
411052847
70801139
34556256
23418810
19712127
614621262
382598137
68392051
31359475
238308510
18213346
18560876
835499540
20696268
403636945
373890791
63262403
25313658
132506283
136218318
14407392
17625169
748903356
744702211
219268128
28659193
425844959
353652117
573643334
61735082
398606542
6012852
352534464
18760790
116697719
27845999
293113971
235633582
26307856
117205563
272433538
382701373
482971150
29704091
76603432
563046788
98721723
38632121
576636673
24757494
553408981
579757656
588296539
507541495
334852211
19282777
459237590
606224410
360025453
90116669
70987513
612664952
19237550
89172908
619842733
619883626
38392595
461388002
86577305
39219035
39722908
148112377
45531571
48702842
17187058
59548897
34703909
40049680
18633093
160920285
20195297
21695947
21689226
306916140
329004156
31085474
267403905
26798240
175357776
80848887
14332159
225849977
31409120
7087422
18970504
413194368
49938792
209745326
259401551
511735749
48980951
518492992
323106443
309126789
55528242
225950399
36025548
38646590
270779278
19758906
25498771
43187396
38451208
18907026
21905404
353664792
19256979
36028993
44310390
94434788
23574285
86753464
58712179
19509064
98861157
17673981
112428297
101731558
114455635
75742264
74539103
80380345
80668551
73101257
61150625
23115403
45845636
49808014
59285702
31386412
29168612
70511279
64741168
42375137
45551489
64385966
74802451
16777566
40935476
45594856
49073990
50292289
52021374
19775860
17650380
59546919
63421565
23830152
16017859
68959691
21393069
45565440
71231659
70977551
41544679
73998226
35894125
74474647
73086372
53066986
62916317
31087291
46641481
19962340
48302295
61724625
40635374
26512324
21862201
58511405
59781836
54917900
52703034
37876601
52104623
31117053
30077419
17508156
45396246
53504967
18318675
52718337
36330373
56202063
63418858
36510958
39506065
66985635
66685540
25118559
34358574
68679842
66664753
68668134
68446493
33853827
50743244
67900711
65612797
42084636
21288315
55541718
26507167
48827549
25264859
63118794
37624901
28301693
55496543
45919516
32539537
33008891
14287326
44840489
38402978
19642213
44577324
48713549
47974057
18425097
25477368
37189736
46366593
22665308
36038368
19529605
46099447
35718632
38163216
20144046
28303450
42857269
14186437
21864336
34402309
27062533
21645552
26839190
18332222
21853001
19899477
38146999
23413376
36668138
20007237
28094274
45614100
26022773
20666996
33906813
25144335
17862883
39052549
34898791
20301193
42844817
16511394
27207896
28092347
38531177
34696385
21846143
24153920
29170587
14997025
26719548
20642087
29908667
18609590
17017973
17685876
16432083
16718406
14349636
16557956
34562193
38260259
14154562
19387302
14701201
39966546
39581053
10451602
18087674
16484731
14274835
27515852
26344613
26761938
28524344
17572399
17093235
18627984
17085853
20667905
17654206
14125317
19975445
22902910
14224622
19067283
29251764
20238626
19901366
20183521
19188289
14998206
23434430
35789212
34580764
18124359
14487318
37903343
28092056
22920732
19646280
20675372
19388863
38643436
14237373
16777876
19450673
14284273
20042586
20659166
22014140
20055298
20537465
22028192
24010664
20223894
37886173
18406149
28726577
36099106
29028155
19337187
32352556
36423190
37190586
21022281
21080164
38152646
38229056
28067981
38889145
39236154
39569606
39974570
20083729
18628277
18610189
3796501
14340921
17813010
16542861
18716146
27837029
26818369
20796069
14340875
19583956
17929243
34599188
19067312
18981070
19350045
19827241
36385093
29928571
37219643
36307732
20425675
23849809
19902938
20934285
27834369
34941106
37904694
25063945
22988843
18426185
22415635
35834118
17066475
24149604
18897831
29716556
18975916
