220190265
220401758
475007947
74418848
258471477
106052275
523686937
393254524
461787716
179258767
244253622
738849781
595305196
438559414
26249582
386188837
423751597
196749708
36015085
46427961
341459800
437427976
423583540
325758295
42741077
280925842
35462739
63442375
81605238
53215565
78990553
27008101
363352400
188135850
178731143
134657917
314001796
67356360
221766332
218628844
207570972
208423569
17560096
68906708
42401673
71076821
69416565
