2932460195
1331528215899344896
1192449662592208896
1489164711652466688
1120633726478823425
234132789
40209152
28587006
2185062985
29942355
18868070
156201907
71636877
2412324578
281589495
571656776
367688927
52078900
30195176
1454459718391541762
4896400911
1244790386
419788091
471084733
138535158
1252819496
58511405
44196397
70046515
188021130
2326177498
26923995
14529929
822215673812119553
759251
1975003459
56334116
35720552
818159135527227393
27704856
856010760
454097455
337332303
33609198
180295902
113002313
66664753
320683924
15644592
14114267
14487318
14332159
14224622
3648353960
818910970567344128
1100177462867185666
107398834
988573326376427520
118756393
138203134
279131939
46081160
127268367
14293310
3108351
807095
13850422
1917731
2467791
1130860704
17061263
85796380
18576537
816993776
67557660
17873227
54917900
39599815
237524449
86154361
810585577519190016
2720666903
11134252
20713061
818876014390603776
1330457336
939091
970207298
29442313
409486555
357606935
263036648
29928571
250435513
3907371563
37416154
9300262
41554173
19256979
36307732
81578629
19107588
430180591
19762987
1037031822
136029854
407952439
89186965
401412091
1222887908
2382362786
294073504
2765409615
901696081
23480387
755425
189888665
45919516
31499866
813286
37921321
3107069429
32959253
23613479
157140968
236699098
23617610
25365536
216776631
1339835893
16589206
2352264009
954462930
22194908
241959982
41337693
1412455375
461105934
1068382032
3414509159
22415635
17650380
384786873
238125536
1691130469
21695947
18716146
34898791
55496543
17685876
356095156
3026568364
26719548
24010664
151593788
131280612
498167278
193186935
76292859
44997376
329773925
31898483
31689568
398660979
70372722
467424406
36747640
47317899
14420387
72814742
233511339
1338591570
90855234
37509434
799696837
14340921
26837025
16557956
1193158483
2801247624
2199440324
545394515
40104646
389941495
534048230
42903387
107397950
409883337
385978534
61215679
503245246
472620321
21904772
232936540
26080640
347378361
71885961
408778031
811213892
487970420
464559351
33864543
24509661
10810102
125960653
287858376
59548897
425708396
57696728
48302295
531531833
527719505
157295717
487763909
282976656
396618124
277537805
338369157
353664792
14510255
45594856
252118230
307456888
14296031
15178951
14291217
36510958
33852061
92489022
56160258
490545410
33217838
504538443
570781063
571525565
432830615
221822662
36397395
49774380
477145943
69396214
340587515
355643629
270919194
59827474
4384251
33480619
34972320
22011813
30704824
371715518
454191471
81605238
18475198
356398393
316563842
199665432
319228928
66985635
409367244
39357407
268327245
515894787
461116121
236839814
491541589
27317182
39037184
138882946
39484150
242861232
18002106
359513242
40463751
541126774
29284952
60061108
353573924
381070421
33988509
532759452
469638160
141744721
191165723
23785168
63129578
159845559
364488011
66737250
25416669
385406348
236108456
515528815
132298643
122072320
106808348
38646590
304073937
506536523
23115403
26228369
46644261
500885877
153374624
18760790
55516088
208053246
27845999
62266883
20796069
20223894
387309747
18609590
24119198
101727020
58224806
82430415
23937836
188256896
241636550
201690715
28957526
196749708
24746466
259924515
45342108
509374404
267403905
65907870
47974057
42625724
32542763
19766036
141709158
216992344
32550110
47783655
75033041
32535843
30941476
116715920
44203664
482956505
321486794
481134190
61250638
36039059
28178236
20611702
204525639
76450358
62523083
34941106
31518766
14288037
19764533
294856682
381502681
350133432
418289672
50055701
61562843
292904816
20329566
19337187
341034605
140344329
31687026
289867594
34656014
44317501
38643660
63073258
142282484
127965206
289572997
217058717
246860579
19566644
166384225
140118545
36015085
44865727
36041901
99568146
28101138
14237373
45565446
14687587
6173842
58557419
14615934
32416211
30961548
16409683
40837096
27778893
24929621
40829810
23924588
25999435
26714725
23935475
30201647
39478117
37665779
36903670
37193436
33236436
18293645
20301193
14287712
16718406
18955836
18669139
14353621
14997025
20974015
14617551
22172506
14340875
16432083
20210193
