1155847045384740864
3237741079
28587006
839121821899304960
1497280599706460160
1188329290162675713
1260515654811242498
193186935
3005931631
2247018338
335788997
1377719672582381571
116579971
4336705833
333903537
66696236
991020044992696322
1199005500769128448
57041360
14113766
989039195963449344
27966935
1051066584100429824
1371618385
292885014
784487643979640832
1404590618
47813521
25058787
2185138828
48974071
314622895
3082854989
2590058264
726408395067133952
17732002
3305705511
57047491
56792300
522268751
17187058
55857123
2596016185
1527945780
813286
818927131883356161
822215679726100480
819321642711207936
819304288182738944
34504853
47317899
78058188
14288037
366899672
782867094627028992
20503192
245462664
2850661948
111702288
32353861
2801694979
19764533
1323104856
2741907000
2316753940
748826964669108224
3684970637
3326797414
18377085
2198351896
119786274
199674833
3768871043
55487753
297028127
1702830144
397387856
3336480731
17963196
54541837
46078438
23480387
62060746
2477051986
70641452
173587074
34296797
32051342
464620194
2163374389
16432083
1575937554
792605850
3244791291
1075005146
28110788
192627266
2310295012
30421352
19140661
3308954619
825040897
21695947
24458702
223879744
81578629
69835350
17066475
14243708
22282690
40873211
9550672
32352209
37685197
139823781
2801247624
246492252
19178884
19307442
39966546
180281123
506527461
82353528
14894302
188453212
2596324495
2264840661
825676782
4440335014
84709356
188021130
28148610
626637603
457004487
34015750
940056397
126333585
3940169489
1632430874
72792429
15609064
2410945122
398147125
56380373
23438083
45818077
28765398
488298018
33348473
19061712
142169813
3054967820
4205759254
340636985
15643631
307456888
3075844655
18609590
135568131
27845999
41793828
22677425
