3001691374
2862277108
2307898220
204256266
1103676719767187456
2952084729
31821927
381502681
24913773
1352242287267483649
1455128680666173442
279067744
872343314149855236
429994276
19646280
47974057
1429749271050530822
4789896694
19259397
1114126902724366337
789771547
83250378
813329441489375232
62156156
17241866
939818513472114688
2996731568
62522258
982999003
14606990
1514380375
241959982
161223163
21864336
4353260675
38504187
141744721
292162091
1330892617903726593
4286398343
743060426
16955917
1551459979
1313734151535722496
1305816338267549696
117399820
796071165894725636
966113328
64522546
40209152
250435513
2311510516
340976159
37665779
2670519938
114216901
1173977789340573698
294073504
3536107937
1222257521764851714
1210303910944137222
33474859
25353273
603656625
532981570
291277159
878646098910474240
1029415540694179841
130537734
31399492
2979752603
1063065543173988352
19980499
1209230166855180289
486051040
377578254
423343032
495208281
258026952
516391385
106153156
275686563
333903537
24044383
33307967
1336133174
1090600361348472833
1551596570
14933304
41908037
280183942
29982942
3291156819
895911947987808257
278067850
155694288
1126476597853401089
3986622629
133432379
161636396
20584472
1929693895
1972948940
169201702
29111431
294090631
875498788005310464
816420058624880640
170737259
1111602924197683201
1139291470609952774
3129620044
257023773
18043746
37633590
17761062
319677725
143482316
1125770563782311937
3223777383
1111299641222545408
4579554879
21890520
991825280
2899489589
138465489
744792649245200385
139120137
46359538
24890121
1089098266027933696
17944210
475172955
374473354
112666537
2601641730
1093912132729692160
706126872724316162
33689664
3001367301
28336221
68757451
981500950581039111
18310891
205634152
148112377
27857190
67561158
339055436
32149336
105265572
1049292996649336832
348742019
3404099488
414899044
35781487
998565889384558592
3365983395
1048974300
150799752
400027307
22628348
85153005
28412591
343249229
2180390898
798982279
446209289
154183852
224578108
149109065
338369157
560669277
74128420
346035066
717003549054525440
929032679143723010
1053563220366110720
612460104
1683115626
20301193
153540072
2775997221
78654169
81878239
19990938
70632318
39326936
36124905
3843873311
722711599367254016
2382519944
902471529715433474
703182858786045953
440209308
1029105931467071492
15126663
14687587
463302310
593708630
200268496
2341253739
992974249
19263926
27317182
189492004
78880631
253583993
128176155
3707177055
388815555
217530764
35880536
3000193079
1195765214
167755963
943555551425892355
61618106
2834194600
101834804
4163466755
20282006
23350656
14549178
729044071856144385
788101289901260801
311886739
819487748
845895418068307968
34696385
420164640
2439407862
66664753
45565440
139670833
3308599215
19232649
1167061771
2367811108
467704840
840198864665772032
728743549
170661467
34013960
273437662
790274762400563202
90847585
2917537671
903158854413946880
460163041
249635137
40505648
29660732
3092914035
322531105
196749708
18435641
31423389
2298151468
4104980415
704194771821195264
1934416759
57832321
18725815
1398990798
128586415
873304134
374417128
21846143
48328236
32916686
500754575
2974764892
407869459
756147681697890304
132506283
318977179
63266077
34972320
482416102
78874906
24722242
818053116
14360050
17137497
37416154
20425675
39052549
44344421
31662242
99515710
107023340
419788091
19291823
79163086
4877919190
14260960
153374624
193207281
37509434
90855234
38632472
1372552416
17776788
47698699
1935225229
405775140
307456888
1527864668
31090806
4895629912
171697811
733096626
35425570
177306892
20210193
62981377
20859418
18897831
2175605512
288121107
31499866
14351028
2633018244
77781661
576217704
78326026
2579750740
2421917250
510593678
368335899
14584834
25289729
319143595
1421609964
764884
255628022
2264840661
31206435
198549401
3620299997
20868447
112428297
219416031
3352409470
3364199409
112409312
228791637
1617493670
156944270
2438176110
18292862
16718406
3058719389
3308440337
64366720
3175807619
56792300
515057552
19659689
39599815
534522968
36307732
850749608
33250655
31189481
580064293
3097251287
36050996
248569306
50303955
21853001
493533293
292863414
17471820
21022281
27704856
80937568
3180373702
318610374
816993776
3101481549
29944820
2872128454
3044872858
36705949
364465119
18387289
2326177498
430180591
54917900
33852061
1519675345
381430471
385881449
30941476
17575371
262178051
524437359
518581730
493503538
122168031
768400561
19145380
32319337
1849430029
20859090
31770436
1586216377
38265914
29251764
20679622
466391733
473031101
344327156
421389045
177032814
475024774
2766336177
426127419
343911150
42378378
340852718
68391443
529334746
2508853643
45155843
30739418
15857285
51489886
374067244
74742835
354863063
105824487
33609198
5636412
1354038852
96861734
22415635
214049275
105897061
80916493
19784844
74143933
32991016
36025548
1227221124
140392065
473023295
45531571
73862642
352230918
219267576
223442298
57333511
1208941832
27905486
57780054
587664664
188256896
42730936
30858021
57510423
1092087300
520670946
28101138
867615488
34703909
18760790
22172506
65447476
53147958
184064055
235941182
572582902
14114267
278305898
72087059
761146014
14340921
716217420
16432083
702505142
42460799
82325555
66762275
112150185
313845197
66485074
48099139
21423985
32535843
601367747
478534853
46081160
473914976
14340875
274431757
454232244
44207761
28848504
256625759
94381948
26584409
49073990
61724625
63129578
29908667
10451602
17813010
14237373
43525582
222818835
20667905
148301172
14349636
19764533
20796069
21695947
33188722
31447626
18213346
14997025
