857917855576272897
927783252
76333291
197309990
357090058
307562004
1489164711652466688
630995607
144611647
156225054
732521058507620356
311899155
2885493519
855954907433766912
163018653
21867628
2467139606
82299300
514365260
49550736
1462548977367359490
14258257
142230413
1120633726478823425
2307898220
424181600
919354350
1492117480755576833
2825899037
1557583021
907517876973834241
40505648
24522035
2986407094
1483757875847643137
227100587
52560766
232936540
405113967
851714244026544129
1029415540694179841
237696843
340784943
571656776
510968482
541522566
234132789
148716118
2863523277
3684083357
4440335014
148831635
20675495
20133778
60176652
587503886
386467121
2364895444
732912102713765889
440780306
120048506
1586991967
824160598103588871
108856784
18328973
1004355111265689600
126307605
723426481376894980
1250394005453537282
455777292
196566583
1367831859648987136
4023469463
45430410
72346274
76884233
1410711565
593800653
986324570
66687136
364761686
274483058
817554637
876576338
279250117
24531620
1315437751710486529
1440244241528098830
1071398514389909504
542697658
1232317844819341323
269685189
1174938412047945733
899408035
565418442
2341253739
553671921
2862227193
339264965
1273766098316464131
1164065309772451840
3458195901
91394261
1347109550
802514070
529334746
2540280546
709448322499657728
1324347995303936000
60655988
793593704
154852059
3345794651
1954913234
43199178
875804461087805441
917663680220852224
875498788005310464
806963350643101696
528990386
497291858
1949497680
786330217
1867843520
76099002
1419239296838639618
1243054812
36379597
612027066
786618270
1373597254678945793
1231161090660282368
2181866944
31379089
3169080518
266698643
2600974059
393387610
1362708435415019526
1308536319354777603
2737484361
122090844
997758038
16729453
4856541173
93963992
1347493617091432449
2910596133
268257499
597643381
1209777222321614848
14293310
13850422
1323730225067339784
430250670
3687322943
354869233
532981570
455781519
2288850755
418085745
1349149096909668363
575311068
22533453
82872579
18228898
61263431
59569015
1300042307673128967
220624198
1179383574
821978730
1189839428312805376
821110070
90354449
817507481454841861
180107694
88001109
119082909
15126599
440175885
1031447001672478722
159845559
453303839
419788091
204525639
471084733
1208042953404497921
1201786712227233792
34896383
1286294355020521473
409486555
15764644
803694179079458816
30354991
939091
59130586
28822089
1063172008597487622
1310587637842010115
49388141
831044085679009792
872837084926627843
1168968080690749441
961002152582885377
1736890974
1084883473037447171
1225220966
3421790302
906025199186804736
5201311
1248201913696387072
111008620
71238590
68352710
3305796659
559667504
855239257
73862642
1150356183095685121
19764948
69273072
47613193
960533857
16904159
2180608131
3445004655
366510286
510667520
199196447
36329597
818837224003289088
2786900559
1391776140
1146329871418843136
19232649
2472445567
150339379
39209161
2895850659
193301414
205315827
199729835
4898989569
66135214
740881243835883520
1179321863081738240
3953996175
808959401449111552
30553574
90381110
47983058
2407085583
730299936563200000
19017103
16036960
84351228
1588068188
129613658
616353890
576675214
1093845472815517696
1093846311034601472
1100413591327363074
850361341823119365
923246690
39274589
207888226
19496771
951540713564536833
861580997317603329
198261897
182351403
864406880092909572
19279947
901539204978679808
875644641827110914
718003722945753089
706935165168324608
185983448
819121643696123904
224006070
296454291
1380479166
25158349
1146733089739149312
475534646
793733880012570624
249152749
2299069779
2216431196
2456836131
37141924
983679052430106624
26279151
1007253534767812609
108977933
1673270983
986599884341080066
139127710
1115568007185616897
981668744920535040
277471504
14304253
16810559
2920897087
2242578240
1119257389
909849581592154113
925126025658368000
715999018330034177
908862349
2870088052
407349748
2995600167
1115903867403763714
278941952
489383444
401980857
357638642
1636590253
20571756
14130366
34940114
1014790536149061632
333443465
127794429
338868528
3225031929
103021125
152640690
4290134416
715834782
400117907
33999642
239117320
1179521676
1034450495128133633
2162942852
2803587655
711868786845093888
892718685927944194
899729325162942470
2386368674
117720276
460042429
857920268181921794
254191357
724976869385342978
1115288993711763456
1129112765912834049
2322621070
311914629
2793906988
800737356
20710975
14118487
216321863
1543192765
267717159
255146067
108725893
42722464
429844913
3154670134
793077224731734016
26975323
364459695
851811500
3211863971
86390252
966704392568295425
3072860014
331376105
541065603
1158941809
1072020391
907545477868130304
280183942
1019443562
2527019682
2765838286
241490028
2985994372
2439579021
900803557510742017
33909965
969950301502484480
213162575
1125312823221944320
1115360708
63450360
704194771821195264
35826355
242861232
67668487
212162287
17187914
45335955
218424203
745920099610202113
576379030
3317093613
281948176
93888165
759079896
2389794373
1681192452
1073544833648738305
56676419
44455957
751230526938165248
1070979968551784448
48947275
36627798
1519383824
474719536
623010694
34232243
73886458
595496516
1108345508916092930
891931843435651073
912080150
14705513
174738845
20672798
32366490
943389062
936526525129740288
87956365
34240927
1180331610
361855290
51403907
44132347
1098087875307028480
1109026390278578176
1001183497065771008
49436056
1113157792125386752
2394186206
2865341710
20594881
4133370832
787574425
2467791
742143
430164437
856939650
1060876818117509121
24727891
1034793461143269376
1143081932
199293990
41155540
37605443
862065416
400019273
460163041
61436716
1076534673478729728
177518868
1180316755
1094886697043718144
88874208
1392935011
136980577
1524288752
845418678
56208812
1062621413788581888
25472190
1082981282890608640
153504217
24735785
581715767
3587995992
15142752
3291134541
903169011185319936
733349812070973440
915516061444866048
357586500
2816636104
81830504
95623227
80384055
3878743828
170663515
132053738
977843364027658242
6130612
947115811080163328
923598114488975360
207643011
4240044333
341132281
149832362
2613311413
151801342
85888679
14321290
63452516
2587640300
113336059
15444256
15287037
699647174754361344
916263247
3190027553
150960124
203032271
68816078
372741260
2789600185
1691130469
31109465
83922793
7705412
23845897
173841132
138457253
1656913327
169312819
1598709350
19721574
845508591641550848
248637894
362771820
141744721
2770485943
622673189
15083490
1234906554
43859169
14118302
11919552
153146109
404656324
722711599367254016
791469577
745250330
2884642541
1427940258
472192365
17672509
29552387
75241142
89808242
2362707904
1866997843
384522129
2955603321
21325120
35062787
194643654
770650559699386369
950824252562903040
723043406511935488
970160951142973440
178736506
74816832
600957788
2437792460
948191659
117797591
226137180
159110713
2207572973
202983067
30961223
2279424897
1045626124833820672
2984437755
22606723
21890520
30916080
518338623
1373958516
30919482
2764238603
70225982
515267370
1379124170
2470676468
773769458
583607156
788731156388773888
2816947704
949583790
223085732
327484443
302999231
229079918
1369611265
621906591
715796256002547712
55829145
369419700
120873575
1551459979
1045657500551434241
87237306
340439394
1026418955479597056
14242271
32403116
255471329
1896738200
2925842572
19389900
18686907
60783724
504899447
2308377457
1064718810572251141
79836807
18672768
47934276
31689419
41908037
1082674824114290688
3039999798
31359870
3117838067
271902473
3023502893
2216333572
88236209
35483071
579295585
1094508829
365635604
18611983
63118086
3058663791
789045727
794216540321288192
846637725038137344
799543504544419844
715706491773325312
784351656355897344
194132774
2714349168
4821435801
745600340
3169963433
2362846236
26205565
89266393
218063694
820204081
3466668496
3096920505
355360703
1057428702
2433089773
3084311656
14565360
525184347
2537680387
827400285135925253
1004681701644091392
929911838
1391268974
1514537366
25387183
36670025
56891751
377946810
97443520
747745419887783936
3166735540
299049418
74100531
470073947
3302638540
893125986
758303211925020673
3318587537
1308869006
2804594152
838143568896274435
2212681386
16933019
744792649245200385
33300246
25994696
19825835
329905577
73054784
19624688
35832132
860761097338589189
898142765921566722
474342307
955456516659859457
2577916955
69960202
970749338
322508230
51991671
792605850
3353383450
2519407104
596192833
16435408
14291795
1055953920344944643
3194309830
883746512660025345
355696940
172325520
82607949
51022697
22486381
768822010596233216
705846235400376320
24913773
188368109
974262519593349120
372895128
104485530
754047794722275329
340827440
1449685573
43085486
65689463
71310291
358158544
1037262350
256199589
65399317
183762983
86260789
1251776179
2995631530
1427957959
2851817656
1775312905
32429400
138465489
87413491
990694586
36939467
836902358303010817
3300842027
44478866
324495485
49625246
481484437
715129952228806656
862935307565416450
9309912
245054048
621925745
778478150
1042260782937989121
845206152615002112
302039567
3094649957
2738951837
2923724679
1126671
421242809
18629460
19223644
105144171
1512468600
49678761
81112551
303097961
2479883252
49760807
529006007
236111720
39500950
4120332556
3638422932
2876797595
2821274061
487701267
2427889093
999451826
232511465
1024408351449522178
915175551706464256
343148096
2307893040
3330226552
3077698764
809377920242319360
219081096
25353273
2481844412
63175736
248772914
529360281
77990661
399591808
68391443
3037604063
3246079155
2444028215
450438608
601514135
847757344666791937
90167515
1016875595857387520
808402402248429568
23793288
283947133
26710373
510593678
3179621871
41463263
34162602
833022867822481408
950661807676579840
2438275574
849690297848279043
4894519049
2216722538
304331315
241621347
1375044577
362360582
2812762495
3028061187
145972665
998551000557506562
21184471
2470664540
35047833
127268367
376438213
62092544
306164588
1144935463
429313316
115011998
259925559
1337785291
3309389086
618948710
37911247
488352093
768556495176892416
981089334349754368
495698911
717686709983424513
61022424
151395708
34197952
22959763
1426952707
417796510
1001794746258546689
78867475
3791332162
3608877580
2893296315
2751705472
2777336179
993746123578855425
1334986801
786850363055935488
122320328
192814350
180112438
61016265
21285216
356096614
409862184
423481345
1343895074
959354214899208192
1972987489
482353209
216274281
820319312
846726126596755457
734721025955401729
88701588
250844472
1305778674
823474928922005504
17650854
196213234
45961660
550306976
140252240
737745692576370688
274899271
1477964898
803348108428066816
36924745
204698478
399113269
934338110
16145473
92263845
281098482
260928758
266423380
2414812230
3191500397
234826260
194980168
912922132325203968
1003960531
77732185
910671891580452865
988318398475128832
3696479717
388194886
787182156
1424697198
2858673641
2189970192
796272129226534912
76588981
2885525452
1715109985
14360050
455694563
250778644
737876050487709696
139009915
1338987937
1856727097
543993719
1374214734
525893577
30324031
587701522
988722019792556032
917510713131888642
869456351000449025
1496447430
1850382462
2593584241
3645415702
819702318
446601320
4876636583
2882733429
34893859
53903601
845137104
988964190139318274
222474759
27292246
38822086
720242106611073025
470427979
942303380
1093074956
15084430
3012371014
498829765
3027577229
18161370
122087197
25657401
827392406467141632
2796422286
1154178612
38704343
2469606308
317139568
109224937
2375167334
249677516
145746533
515838635
56723973
21303235
2978526405
3232924232
2770140101
933973531968397312
75896448
1408341811
275217162
1091886498
2417351493
331128065
364377121
27916865
150193413
2181200086
305554262
2812472208
20927518
14797716
75069067
1364930179
56420936
876328173297954820
232193350
69091913
427900496
1344951
18839785
747807250819981312
937499232
271505240
14260960
133880286
538043125
2842556200
833321647
189868631
57076623
737590507866488835
735764197380759552
1462231837
1137425888
862930146
840198864665772032
38265914
92993245
886608697
51987179
540485502
2334193741
33305235
329046585
522230146
832829532
1099428445
14350767
491894895
780466988342796288
2545552873
2835736254
925645722
102603307
18867533
907907450199830529
39085195
803701763756986369
100037680
348447678
54311364
295262229
123109597
826694238368886785
2612248771
1329274597
291040290
3123649973
325192851
102058386
20432337
727069075541745664
54832098
634617338
18871874
2778917545
1265270066
710480672272621568
23500723
20504947
22475991
356063063
90299585
4502049395
2991853505
4349609841
2438169080
534446587
932603165781962753
579308102
310626575
2589214998
380824639
98853413
193116688
147512019
33898911
20646711
85289376
143367954
85412093
1586216377
441307591
210195477
3457564396
4869125758
2917537671
4578729617
2204279255
2831551063
756895303
3421915379
968440621
3420148205
388856034
382733325
470233975
1525110841
243868592
898107901725855745
373353117
3020433573
67153318
911471588
3056313446
308645470
403093403
1260176245
346750647
50101725
19722343
20586381
383794308
462856853
2491175774
292934458
1467082177
34570810
12594872
19177501
93115683
34889448
97219875
3114313702
11695472
36050996
22972898
115099953
39511166
14361155
16348549
27830610
14499829
36683668
17899109
19915362
309907190
337728682
895931990
849082886
1447206637
153004670
532247573
571072597
537304238
15770654
2460381038
1667994464
271959750
1177200942
2998929442
60889058
460364759
46408217
249700990
4814928135
793036886
843360326724829184
3246299927
2942978628
953248862
138369105
145935897
96735431
34082810
372755940
1421379786
3239192692
8065692
20170408
353652117
2742671437
130453512
312882833
20424463
1223042233
67407712
328590120
270043709
3585870989
2787907820
42011088
239320809
2728902307
4839610204
986241085
28334899
3433931391
20433173
125316960
3770197515
2203804504
64391993
28877969
3747320115
800220115
88170821
3302126463
2829211841
61123324
26201346
2864003393
545000826
1189532996
14700316
33933259
17137628
46003622
104277809
3066095291
148517828
1976143068
164263382
811229675758505984
293586346
111298157
1407525890
408511415
296748793
82323571
59209825
29075277
65598146
610994783
617570842
175433523
30679029
2180677298
4852419195
20708202
416135072
492301404
1662687974
3307039066
17947003
718425617860075524
1356943026
243149588
111084191
902169719385587712
217530764
2798835449
1272109884
851212650168147968
1725220909
577028010
892090896635883520
202741167
4887555507
204276552
1001458994
718349821153832960
33099288
27603417
3014155199
890588293
18916432
808626631048839169
4876338963
542059826
426654779
479028155
2564597449
818927131883356161
818876014390603776
3036386950
59447358
2772619142
824939181864517632
1112583870
14353202
2653613168
30955482
19394188
19901715
3439157530
233935888
226656465
360442824
1390473391
106094793
234126305
42205444
2934007485
259725229
27002910
2966397556
544915456
18670265
449588356
32095550
3173542017
364984576
811592755281620996
141521060
119753058
92727851
38281180
236786367
117777690
160952087
19397942
532241033
2797521996
3131144855
804678572870930432
133909495
2975386328
38135837
886683678
2401735978
36006119
23116875
517527227
410070653
73760208
28533825
137101867
153455906
1346784234
2744754948
1203946340
373239963
2339370609
227013679
293651576
191121168
35582313
2369652488
872533308
2748398647
2863714984
461315151
580896972
419103833
15396365
220991343
2938843271
788928967
27844732
81082963
459647071
4163255236
729044071856144385
707537488672395264
471672239
22203756
15650636
103097873
784455210907398144
4023822982
2197079705
705356007527022593
1972165123
64004084
3036304210
2577021888
3438944877
3417731314
445445034
942304814
62310014
3014759117
717774036877623296
2858411747
26207988
1536791610
822215679726100480
2228458421
4836141321
4782608471
2800575035
25272654
1332194846
275528788
744579124241498114
222867271
19147731
26470805
35248084
761113697720729600
294073504
1241383956
63388693
3153357197
36334731
993417457
3367511429
4263130319
20974015
7587032
53911325
2470504356
67661938
121527548
18898153
2789399330
46369364
3574875675
554607672
2398401932
155562455
30076976
3342929843
871668595
220802067
810640513
1145042425
2168251759
117027371
469141441
18264009
64785613
2969760609
1647573157
560285215
1923047580
471709113
1228605192
70622590
2184893193
3216525615
1868074651
553880577
22070492
1225199370
606254216
4804448313
26189309
338209422
1106598750
3256148879
303070254
235431242
94551083
859407446
543464953
493504114
242653461
140118545
34059177
469585545
42181243
106480756
724003260
2979752603
36038368
2848224713
272339822
971843630
494868696
9786032
4426568543
69032746
1342246146
219640976
2276554473
2643041117
1640415517
748903356
197430637
2562963566
16250929
617422636
214388524
4276048481
957581503
952228332
3429865683
4215615434
2354120915
84164033
68432294
1668215035
4209052965
24413839
271367322
83440337
856148305
22362552
366037745
356185142
66185884
2976097415
229531168
3165755015
711094341
70385068
1886301368
1326696127
28361716
15285829
2332068544
23444629
124800656
20150850
3387267375
15903076
78099370
66073037
573666420
62791747
171000782
347139303
177177776
65460298
1878721232
2349845856
14304692
3822448575
1139453720
2418870260
334543679
320679176
2148623089
35714927
340557925
185043343
1070829493
1637786347
3058510913
3028705073
621274127
3609098973
186919554
2909249201
78849855
2883889676
21643721
233253956
273316546
55221781
210463171
27021630
628810304
33288975
2782221005
236108456
3108351
85883333
161801527
596893898
22872308
1581289837
19673700
223554780
68999404
426459840
73084909
18006431
1141824350
107354968
2289262212
632769259
31109467
433247367
90534982
187517597
404165469
3114792983
2775779241
471986660
804153798
2355140175
929427672
1285872902
1707095305
3060165490
3004095825
2868785181
740057864
531294024
1261462266
106769293
259712905
2868525504
403973682
461363481
91884351
3312913972
2347049341
3343713159
572871250
2484535351
1357278818
1625128381
335190285
758960563
818777893
714997362
3334377035
775314242
309559389
386391360
3414509159
367302518
3433381282
3432728453
407186117
3406944178
38154268
288644101
128830142
95482576
21393770
27593396
3431120265
3362245235
95238065
422746606
314556210
19968386
17060015
1876367312
2253620400
1926360631
339567848
520670946
3005768578
1675141489
460257666
2537682190
3344349220
464235372
3329935768
1469757426
131141468
3402615569
37620087
3097251287
203047673
2298151468
131969061
85303977
1358852383
3389590474
3410122983
16342984
3406117366
3079733085
1241396178
2228333039
3402488433
246124829
26777387
2223025391
2714041116
1676490450
37433988
2910548418
15048424
28114129
304961449
1608351758
219093490
21406106
42379815
28069007
1388964392
2814868657
1686051110
133859814
3190273851
82593401
2444581330
40619063
1855109353
912746546
806594768
46207429
49568072
35567741
2923160211
31901944
3369903107
405428469
2770081590
793271413
3153894861
595840587
510756857
287805833
349464721
2368749483
2661296458
26978944
523532092
2320739733
3241861565
1399330512
220230037
216881337
15745368
388555493
733751245
113047940
40953465
10756682
46128580
378643551
246229422
216633730
29191432
1670204485
35716544
473951923
3315670816
21293785
2174494947
293998964
50596266
1648024394
596773805
28152504
2927205058
522739053
41476394
31413260
600149703
174287141
1405843212
2474568630
3247642671
143397784
861628183
34042766
37676072
113023747
3186671975
24943512
384241739
1074776647
60087311
23193568
69645702
3181037484
172473788
95740980
20386897
1119542262
35117516
17026589
2445652957
355433330
2360109091
2196228910
269179259
714758284
1855696700
961135976
14284142
137956904
230288373
218571797
3012259169
3223838657
361880536
2425244766
2840684086
776212818
3143460437
33552736
910169940
28170408
38662407
487894124
970754438
268665178
917290092
536316090
78678879
2895183699
19918353
14615871
28657802
267449695
78361556
14266598
15088481
15942016
27911608
16684773
24898621
45171924
52784106
31039892
141764283
1060578475
14073664
45747659
3028252336
46391393
3039530680
413355878
69666615
66323839
278417916
3292989653
340454624
3045826022
3119966597
315989316
59386332
2438273430
116692211
79320096
14235246
23752466
28535253
1479703394
1941185760
1282992704
178738098
3193964471
87241834
16167957
185718976
245901589
2618403776
384358944
211862856
2548131272
14284697
61449690
1906998888
858008472
326766879
456561158
254242153
3172673691
19234872
219215577
230822715
3175938238
2978062816
223839730
3076779896
271339478
363282607
20627309
56670898
393919035
31702254
97905534
87052267
239371600
197167810
1322351731
56328067
140488453
38897276
473336187
373612898
50604877
308345846
31510168
3165982823
2447364927
245306197
2873711309
3149320858
475987826
3047785524
3092735992
3121464491
299269647
532091441
3063468116
427734625
2188661927
221041703
384923143
163844242
2617471956
2909286802
22428439
1618112851
2974764892
324834917
210228562
3100554823
6336092
2863905945
291339156
1176780199
2810327434
801860694
994705938
2731281726
2308094750
442711232
29509160
3101397515
613295770
2929586027
3074042874
11256132
2203043936
3086358023
105897061
70665468
712311927
200553940
1076581284
925544952
2951063026
2961895227
2487054532
2969845907
3065605516
1693439736
85457858
20859090
855947869
3063290968
2846867474
540631636
309528199
1285757959
2984092924
296103946
94101350
3011929838
2580986466
299223576
1488840763
353825394
3029842806
17929243
20440081
338456775
20582802
33609198
7677252
221726495
48974071
350360379
1125144056
21426923
218910852
42042554
140386534
514596967
134172743
1640414335
1519675345
1269692077
1238254548
573535964
532576506
455709392
430998262
333903537
404354070
369395471
243206115
156944270
133887945
110971491
63266077
58733138
37168047
25294402
16388996
54577364
746943120
560669277
2306042956
14290726
838545979
1652575946
358969925
59083291
20625292
46869791
287785714
52680590
471913331
623560628
388815555
2796153404
356794586
1548093824
33146532
343593839
226741217
2999343023
570744394
36067300
67256912
20140230
22324844
167374553
2844858997
2978001779
72268215
38407430
2788016486
509931474
75214773
198683022
295579767
2250673858
24567084
158414847
14677919
397858543
397855949
558630986
2870661437
2376108436
494404599
18036488
1536052176
72516829
2775412947
38162820
245887065
19977718
67358777
1959103621
581273253
1087176427
151768781
15308469
31526298
348659640
30313925
822215673812119553
323190649
36912144
28317108
1205100582
307306463
714056642
64498695
153810519
244655353
18791763
59157393
19644592
1688099400
25091128
314698088
140524094
912566684
29178136
1328841756
47600311
226624229
1339835893
17675072
24150634
206717989
1400804851
1948966477
19224327
524477060
34996930
83795099
15007149
9300262
169426475
253167239
214821759
1707321486
1329887666
2918416437
2924816561
1929957962
337332303
37509434
1510235358
76891850
2232228754
165411483
2433423134
18897215
49634211
112666537
2779921017
480779420
16574706
1248842304
19386796
273592219
1704511728
332187547
2436746448
916811958
1553046133
2304544134
606227271
2180017225
2311789131
1919276130
58793497
15646547
14559745
20237824
84679163
17766403
39086606
57111966
865732788
423763921
124139003
2879290480
57916104
64986997
624913111
1292594382
350813063
2391609793
138401284
87551769
66335860
26659703
730745780
374402229
82683712
162869238
27068569
31368630
70350949
50964126
2864493395
17404231
2829544234
15507433
1069336507
98873754
2874877141
1165125324
960928411
470626351
39511237
944451830
1482223524
152959711
568942180
365428529
1934010163
432567482
40873211
390007799
1518809059
2641487535
1606873896
356272231
1702830144
103843960
35852829
1927007911
317034318
236905206
2311775230
859841922
626950953
2393913912
2320778191
270332507
236468226
1181561850
400864184
287340563
1330040112
87666695
263036648
28308000
44148101
107115758
40104646
382714881
237330861
21868875
84928688
2828745901
1114174489
2676503930
192890534
273521535
21863942
20503192
317640263
1254407246
116715920
188286404
500754575
479457379
145371775
2785325614
64444932
153220375
29676425
33623709
158710489
99734015
97883743
1653771666
400057194
171314974
2776705306
2790126458
140392065
34972320
359573726
2748646057
2580682589
191849753
815289800
564527554
277589524
2097571
866169078
29946020
68942913
2545474842
180392912
127074628
2801247624
1668354516
701211308
276634306
1091565582
95982652
2389682486
236349835
329628561
304651235
1117043418
123006717
350509998
572609848
160589263
273552883
125767077
5120691
40833884
2788190167
116763916
111416652
15173291
43071761
36048418
1566120518
2526970598
107086919
992759557
1265324029
33667547
853602805
404003796
477964537
38432365
84796534
1061007776
71526098
15101278
22062371
1219638049
66980019
95961353
306901590
31420598
479330647
289253819
777792996
2191031939
438277443
1320925746
14511951
172054878
21191494
247185936
1107372186
112204442
1278794138
214064340
85331879
2183551648
2289430543
37685197
117040167
484203569
2536921019
602877723
2494196874
58631768
41545547
41088499
55390614
53032573
126574272
41785808
47921019
53019992
61781451
85332603
137286606
138134771
51243315
18713552
3554721
220036735
17596622
34113439
321522551
1086635948
214809052
339795822
17773720
280925842
381502681
18462205
19081813
70423313
452896048
331184960
52785255
735780246
966113328
891754482
82705598
199751812
38439143
14549178
83199512
72880522
255628022
106367656
39764029
62537209
886561375
33916529
23748315
15332594
347849896
28128082
92033007
229640435
74128420
19283437
15829003
20663500
36918193
192889718
223812019
40209152
46192518
61216579
16548243
920783642
206205469
281057003
141137711
51241574
51200901
26880289
35795414
19263240
65161873
138163749
25171315
48390963
53879771
24668361
469280888
65357795
14567968
191066432
84538257
40093078
112871323
2736614327
44911377
358134245
403320517
395239374
945996066
18443986
33208145
609414457
24575979
17471820
31381810
577472022
200097586
421125838
247488242
28114871
110994325
463005332
33659151
23449774
393434433
464621111
2297754898
2722785782
2710600032
477649020
33008891
537062754
96748114
247251231
510524379
23785168
1655512332
308565504
24536705
33689651
26837025
42908429
24955372
38901591
81094902
203669147
214049275
201201906
237283714
27054706
122029522
31401267
307456888
7027112
14808226
599541873
130864185
23320712
140423271
22032260
212679277
66998183
20989035
179624992
154135291
14279103
518934246
74778874
81801121
318977179
8161232
20840441
69126614
93260475
217217458
28087473
135173461
171464256
40903144
464483229
200155533
53015487
386294253
251769222
106428909
366113519
850749608
64668831
252800692
19917840
1007279654
979213423
38154652
21786618
1901046649
241109011
31946596
126256491
103792291
230457924
34027223
932927287
235313649
34243437
14285050
23925022
21948879
14285785
19180789
19182955
19297030
19354318
19795290
22915842
27059901
30886191
33524191
33872705
34258228
36347776
37387091
39599815
43759969
44869490
88896130
89479176
166242269
191088146
198625434
206640289
237767804
267373808
272457158
356793262
364758589
381063195
382701373
392266891
413041610
458665448
798432768
818053116
1267930682
2195398155
2404437771
2643639213
19343254
193186935
225341716
819168234
1382743280
1859727049
2240680102
32539537
33988509
1546846512
310438027
22379431
415701368
184727475
452470861
2567153270
21746816
2213108150
342631869
25660561
875262109
849203695
23082924
55940991
19332967
29479859
55595685
17072739
1943614650
1288773914
32347467
2427304238
60880381
2735993530
69538062
103555738
505001235
41339030
1135357525
1643647968
2471204396
31403641
134551793
2301319069
856010760
19590009
43317911
56999787
2672784822
2563018520
2669405904
35373988
2645220702
390728521
413528095
2586939154
21018044
23250443
374473407
387325278
606392778
49798977
618383107
1375278470
39974570
267739743
350786174
2485294956
188078681
226700783
2614246221
603178464
2527476228
120036979
324844301
190229245
37395949
18769714
2166507523
2512551217
95636887
166252256
26885200
72840952
29676207
69400458
40322305
15894774
1575918264
2188448497
77421606
13298072
44196397
223416400
28646364
17463660
95315665
216446411
15585039
16826617
20832496
51432494
51556497
31549974
24092833
28171980
60629481
103390989
106168626
345864624
43204641
231209687
66517904
17824922
19671234
460596968
310460634
29548333
163685219
29273543
83678036
123290555
135618949
29797190
44425296
37728789
980582593
115798248
126863447
271069523
250709925
139715762
82901380
263706477
250395496
16423158
64997681
49910635
40496256
33522957
331703548
456326093
43286102
1901320784
22063481
99472726
2395855238
612356542
885099464
973014943
473185962
38908382
138760970
14342057
531531833
873304134
122318779
1200547406
20044495
462257071
459090010
35728867
1007318888
978286423
69059420
460267802
456230845
198618575
1157965518
1204838809
199767329
102390704
32397331
612631568
2467169979
125750601
1136554878
2462457455
66320386
974935634
19261863
4898091
183356975
44983912
1709458747
34713362
28139873
18610234
32657414
2264840661
55168497
413098410
220744695
302024897
2264322676
1514223224
237330688
191852684
148732231
14974079
183756884
33166646
410731663
1953565296
121707181
1069355101
18642445
611749406
634008527
2247215917
480747337
106209480
939108715
1664356976
1355260628
2383751275
454191471
961256174
44478488
1410617617
2369854828
1721797544
2363028609
2168216173
296159942
109521678
2208974598
94318315
550085442
2322272361
1875018320
551819324
1416156026
28397965
23438083
78236065
326932218
33491493
358712965
1534655556
61781260
14700117
103065157
16708655
15010349
1225696320
315736333
69231187
14159148
20596281
25390350
25098482
83466368
188736341
239767060
233978509
634496564
18587157
964035774
2182865641
1854204901
70212596
19237550
42193858
23481859
421368016
309126789
519707372
23700852
39108656
1706528556
568832237
269216440
26576066
1083987980
20280065
36160117
302054577
602626619
2228363243
624650855
1564700617
93395265
117859085
2203806496
513584555
17487476
477121031
1379783245
16343974
115615024
385822718
1545641202
1842716472
238308510
598826043
135462216
221691737
36048614
1330457336
63421565
34231784
22012466
43092107
2188473756
813477602
621812792
88008243
110679937
607912970
15848071
19282777
459181574
1089428802
835499540
48154045
26278467
91173739
26601441
26798240
419553326
551730401
1397661872
224607883
87699418
18022037
193554972
917421961
53347647
59394443
93687642
577930442
82856826
526634228
91836565
2188281660
30287258
22011813
2176309548
324275766
22159580
26839190
120181944
17683482
36959762
17463923
14050550
16029780
45577446
20582958
59460397
16958346
21866534
38146999
243236419
376848945
84100924
138108708
330267303
528515036
743060426
47331384
50069007
1920214520
1903996194
499776536
41167959
1076088475
90929317
41077970
15644592
34614092
461105934
571123006
269777232
50269720
28094255
223442298
20278170
340393654
408710028
45786456
744702211
23244050
165785868
14407392
34032735
41339186
16824078
237524449
19061893
236403619
85403705
14502885
1178437964
345842262
154673517
390719961
703140685
27113674
33173363
532666723
1281077874
269992892
58309379
32375771
66700763
68780681
28525763
28533131
42936179
52662899
34246864
89172908
20240015
43674570
28099901
37189736
157907219
23185890
49574722
136392057
222949555
31195903
36330373
149084317
25295208
108659088
44877593
24177970
230864549
64735000
171438889
42843759
78539685
221000907
95169910
220935113
82836701
83839799
320829399
862655899
1600935918
208623146
1566612524
1637375130
515431540
64818133
66985635
27860681
50393960
352306584
31367759
116388856
209745326
80803819
32671410
33993612
27844742
29440550
1329038221
1482525636
749444851
20696268
68503817
205268022
38901264
27515852
212226645
491269777
1100427314
527164895
67845970
849900457
311626781
22604909
55516088
39339357
34556256
138855525
24152177
71885961
14584834
1198189740
266111353
87080308
390856590
19650826
23419312
1005990247
30842514
233511339
65612797
240793406
74143933
22366268
607586872
231571986
312641664
759251
621533
457640845
47636400
14275129
87818409
1039725918
47909519
1339168716
906059119
1379236308
468221491
911345070
613526259
40010267
97406478
79163086
58477132
142613436
1129039813
18724292
22915264
1326262614
185754287
1350303073
39960683
19643874
256902793
551738866
920840732
14406719
21423985
182777714
28361527
607016620
359273326
22194908
157295717
883921728
869606803
231118152
126020491
454799703
804597968
14379246
315450755
606224410
42920657
374459845
87436086
14525309
90116669
45548997
96962343
48667326
25984993
132516923
157616270
17654206
37267532
419437291
932148577
1196497765
1157078581
873200750
1167061771
40869450
209479569
17648646
28952277
193633906
605452104
339055436
33993399
21253940
524216210
28093496
211846670
181525668
25532316
66217612
161616513
58224806
25968803
126065948
475999502
108417952
65447476
30759351
18550977
136218318
66204249
89484734
917060502
428333
425844959
192328753
26719515
1047769484
34599188
438379241
15027331
39251897
34888013
22481098
157981564
486346035
219268128
714812948
224240042
259323371
18814998
159950527
177179008
869894239
304909941
196994616
389625719
951333086
66931009
976018034
899800400
562745251
224691234
351432408
42690697
122994639
209968839
740526594
34456552
66485074
304876789
376819013
376173916
30981678
25344461
418152332
77808402
567915703
270779278
198549401
917193356
14351028
32017455
482971150
341564433
74217252
529320577
46099447
49372138
26850290
378433833
103280252
332250939
115003484
18475198
143061537
319228928
19962261
14417779
276172272
107821135
127871320
236829256
117834105
63684001
38665554
563046788
573095990
38769939
272433538
256509674
268357486
216008028
28806730
23582217
24143353
20432556
26725154
552685184
560456229
227611752
28659193
372735335
134221985
544675899
64046841
14402173
526401874
520329893
148112377
499211936
529472395
477040058
37633922
545267920
306916140
31499866
13479052
65924567
123504602
44588224
14498305
39478117
74418848
36624824
46106058
396618124
20329566
64247948
28865987
12044602
28571625
42494407
110244016
37677256
14419378
29273536
525514579
14461501
41112318
525615891
19224025
28827724
58511405
43918746
31690214
201182471
37623914
84271489
47315949
142093182
226737127
56677701
317240118
516868198
198809288
481932428
15027785
27877065
210526095
28524344
356398393
44098080
18489116
19145951
25817863
333333116
20843822
17220934
19241520
401613697
14286387
31737709
39695456
64385966
420951546
28726577
19899477
56467191
469638160
35542768
501744819
212149324
99708447
31267211
509084624
508719841
514916424
500885877
40187767
25861301
436515416
34703909
18988667
33482265
40196836
485686519
329004156
447354797
484181868
108969861
61450363
41325780
340587515
19332655
55204617
354516475
145337107
10451602
19904252
353664792
17873227
1652541
36412963
340860829
18949452
16581604
17006157
409188546
90855234
310458941
479460539
15439395
169201702
172694845
29660732
21084631
80916493
15015340
143156459
38632472
67268011
205189443
260132760
333527792
250435513
14075928
384786873
338651001
29294824
345535314
438549718
462893360
430180591
473914976
20676292
19490312
413804411
21759024
478553827
121887978
28757140
21864336
807095
398606542
41181933
86154361
18292862
38451208
277496292
111239198
87920219
21574473
45818077
10810102
26606802
373890791
156580448
25051303
38693061
47606328
42857269
19361192
20515269
44344421
17039630
35834118
201690715
457504774
19509064
450774120
322531105
64441266
457322532
108594815
33152235
14296042
21648257
431907522
62508465
422876335
455771753
430789067
459316218
252361852
459995006
15179268
29082795
143582713
428854213
30927768
60891099
292904816
311886739
317101757
33885891
403636945
403272223
381446233
410038024
337299890
403627091
163382169
19902938
20679622
23608172
389688491
364157227
38421714
45788612
352534464
151593788
32954988
376747336
397143347
221119581
17650380
99376470
44317501
195848365
5225991
9624742
108631068
152402698
361483018
47895003
33483219
84269150
72503877
34224699
352362282
19975445
31085474
36378384
20223894
18554686
279131939
172896557
61735082
47301143
62574827
21391879
47298919
19529605
46098040
19013895
17113249
31821927
19067283
267403905
19042668
17685876
20238626
20934285
22028192
23576790
11193982
142664262
229763503
291291580
313845197
24119198
74166185
314687021
74187220
313242570
39581053
45550876
19546211
44203664
263842791
14365312
39091525
14277275
68801651
14274693
646163
38646590
44941300
14332159
24010664
27207896
25346891
270309146
135153110
53884021
115044695
79958798
17898461
220003304
270254146
33281373
269726795
22625405
85822252
39743376
22481463
21588799
19233560
84639315
19646280
67561158
14287018
19319985
227613352
96861734
18549724
14290848
67557660
19764533
19775860
112813136
28324711
76319586
19107588
19099958
28304157
155976053
20152971
19705628
160676165
80668551
246816735
36039059
14118604
142199485
30941476
29991041
38643660
216357534
70380300
66078185
60896067
22677425
37488920
19972884
38163216
63451448
77573428
22834808
234818239
32467248
243676189
23582636
24154098
23574285
46641481
18934005
228694077
241959982
29437847
17756047
19157451
23575466
53623348
21643972
98012615
201653163
22613875
17425802
19125743
19962340
30840835
33307967
36015085
32352209
29676819
132255549
49674652
60752645
14206252
189051125
63118794
61250638
54917900
20145056
24686706
34402309
24149604
39233845
231725978
228823899
17710058
204441330
213252048
32816797
57093175
175357776
44877359
18948340
9543842
47317899
221064860
215942678
221822662
18332222
31101381
19058275
62522258
33497800
82564959
20667905
68741204
70919209
34859489
34228196
62442994
28818351
210516754
46746424
84309055
23830152
142282484
18628277
189481032
188021130
47570946
27980075
24169740
17958927
188256896
84709356
14243708
29928571
14659667
19337187
27062533
43062590
44863256
122072320
38745028
37631582
37034439
29716556
66696236
30923509
31518766
67707084
25063945
33892809
14912551
69396214
83917825
161381301
20039505
28861781
20366788
168996263
21689226
34034031
28178236
6592852
20425675
38624201
46688502
14291504
18633093
33885551
23651070
36041901
14234290
45810524
19067312
43531203
33467543
22363451
14276602
15895694
14283530
35444091
20460398
185343614
37788958
20611702
107082533
37416154
180704610
80848887
17189741
39965455
140344329
65306306
31739402
36059230
33832676
30662875
48702842
126290143
65313321
34601836
101758086
14763346
116697719
20210193
40049680
78330513
36510958
20301193
36027595
25144335
40935476
61429870
75060420
26719548
34050300
34575407
38282491
92489022
31687026
63442375
38260259
18714976
44865727
74474647
17673981
28148610
17099847
19234278
34898791
75742264
16542861
26229790
92962860
36423190
21645552
17230800
37174426
39052549
18029265
18716146
119136840
42741077
15736172
20555875
27692462
148642486
17776788
130064773
23420124
25289729
63425851
21695947
43076608
21384899
17066475
20366512
20450116
49353130
100757842
28323152
44207761
18045072
17187058
164660376
47326041
171454308
90671524
34585876
158351997
45514644
20583186
153403272
136184787
40463751
136029854
129664885
28139246
25488220
149046826
22638711
138376196
47699912
41793828
115441879
76450358
23418810
135568131
19233252
54478971
31745482
30110233
128383412
93374199
19003991
64369494
15083847
60517852
102616697
91527367
20374992
23743186
33852061
49072458
27704856
17987852
44466367
50671843
17893932
119032148
80280246
116171465
111107965
110333
55541718
19414413
34696385
21290360
19659689
23115403
25813743
23104499
31405598
18387289
18627984
92234881
112428297
82353528
28101138
15093579
18864959
101727020
92043674
102321893
49100964
96993423
72892934
90448119
94434788
67903239
43525582
29251764
33874207
28999244
90610284
29486083
18016543
46338044
18293645
90848755
53367893
27259029
88928882
35070516
47706751
26588415
86577305
18955891
27835924
52382110
31544675
38031287
45396043
73101257
27105229
34928067
16921883
14432054
80821148
63132666
81844094
26214264
82325555
34357825
34910028
85269944
17499801
85301639
34254163
81837587
30991641
81578629
77795018
78385212
78596503
76292859
29659136
21288315
14283877
68948640
69056665
20431436
36361415
75996103
75029911
71824168
31378326
35696974
25996040
35286490
59387855
22637827
29202154
19331958
41544679
14125317
45573406
40482226
47305738
20441820
41554173
47423946
37231899
63262403
28103763
49370357
14360897
44872685
62523083
28109832
45396246
35246361
21486473
21786064
18263152
3796501
32864014
70977551
70762972
65346150
41337693
20513866
55496543
20144046
65392389
33538992
50954442
38033026
24044383
44850238
26022773
22752237
44987423
65939229
66328593
53066986
34679635
68939643
62916317
7448502
66685540
55620803
26515744
67070886
25044370
20859418
21853001
34704691
31736692
69958222
70003741
41566304
21393069
49073990
69007602
69235644
68937503
14712588
68644119
21768852
66664753
48536494
21296047
22687741
40727926
67900711
45519320
16017859
24172080
22049212
13768302
66796168
66433571
56202063
66456903
45565440
49774380
22120893
61481011
27603445
32660698
35612924
64366720
25118559
20642087
52566588
20001209
20718878
34708369
33506248
24950478
36625807
65588447
14330330
65158919
29168612
6012852
23746421
21862201
64697682
57653188
48302295
64742113
33217838
38870922
18797522
18377085
31386412
9695912
1037351
52703034
23937836
37904694
42854868
21919347
42709793
19249741
63129578
64374195
21431301
31397933
19897898
32352556
62266883
56994889
14350556
19734035
25313658
14487318
61724625
46081160
58458828
36028993
39219035
39811941
30873513
45315024
38628986
32542763
59548897
27928931
28085805
31399492
42693240
17704539
57064417
42698033
25152546
42625724
17298409
50572990
46644261
51016385
15848266
48713549
27020456
38016658
32535843
37630783
27691169
53949942
45919516
21232668
55047054
24156016
16601090
32882821
38819360
38152223
24410140
35700374
35733102
14157785
30825670
47974325
29734180
20176513
30183766
19708641
12471892
44577324
47974057
23436442
49350181
48316845
4985141
37876601
33279564
27317182
38493594
41813695
34941106
25344165
25966747
45342108
40340459
45526406
28610772
19978806
18760790
18639301
32416211
28067774
22988843
19784844
18424797
31084859
14281853
31373378
14114267
14237373
20587233
31409120
14997025
23849809
20195297
14214281
34672923
28110788
45845636
20868447
14274835
9720292
14287326
5988062
16557956
14349782
20920040
14349636
27834369
22415635
22014140
29908667
28094274
32873744
20889472
32350318
17756100
24509661
33841934
19226961
33542102
20796069
32351643
37193436
37921321
16813552
41119959
14284273
39731347
42844817
18630272
35501790
20853361
19766036
33874710
22920732
21905404
14340875
18897831
28303450
37485036
45594856
5402612
18213346
20659166
14340921
28114297
23211282
29028155
19017211
31976183
19188289
21022281
14998206
28092056
27746541
15100833
34656014
28079832
25365007
14277722
35789212
28092347
14099695
40215521
24426957
33480259
30306330
22172506
18079528
16718406
18435641
20666996
14287712
30241775
14419039
19901366
31700411
14277840
39966546
25262480
19236875
14224622
4384251
34229862
44851079
20183521
14855334
14687587
19256979
27848098
20008618
18970504
36307732
21846143
33236436
19769863
14353621
19450673
17482669
43784864
14224719
813286
14474607
18669139
29679993
17813010
37665779
38638278
27845999
20662498
18609590
16432083
14617551
23480387
