31210522
2228363243
189051125
76292859
917811243620163590
33217838
474379792
217217458
137776972
513023167
468416373
1057312441
632165452
4216927337
1300341326
58511405
471982458
14473462
385025389
452896048
1451456810
993417457
1950234158
1070337769
32900329
29261734
293541721
132298643
2444913609
307367989
1255194175
1236399974
393624029
2927758254
384770994
35177755
541956755
37513752
1448916583
148377611
31418841
2468198215
411777918
204794887
111273695
97239386
362688894
469195753
171196182
238945097
47974057
146422421
42920657
307456888
19758906
30322601
19659689
29435492
377965251
27062533
196409507
369395471
66217612
54479468
66801323
37443725
64714060
502841774
21179460
26837025
50604877
64489186
31985912
24531620
138174242
18955891
176381744
34342871
422871079
17813010
17410350
246177161
45594856
28303450
7677252
2264840661
27405283
43531203
221064860
19867810
20611702
517328759
502068718
34285054
35888541
367808812
442739980
1361485590
17113249
18334306
1726299720
455709392
19901715
38882731
21391879
19179740
16557956
20195297
81578629
19650826
17873227
22915842
20555875
67557660
29343098
575252095
32844394
58733138
23185890
46099447
545498511
23574285
45845636
19078925
26588415
15848266
26719515
29440550
74143933
47600311
31499866
18016543
24687109
25498771
291277159
92962226
18213346
112813136
1743782190
22834808
324844301
33502071
65447476
51998462
1178437964
349262757
57304596
23236043
18761782
40340459
609414457
1698834463
63129578
52103766
36067300
61450363
38842425
319216129
21746816
562745251
47453114
31421204
53367893
81844094
149046826
135917823
221119581
92043674
16542861
25144335
352534464
291291580
6592852
36307732
20301193
14287018
30311534
22975747
14296042
25051303
32866277
473914976
32660698
22988843
36389224
25313658
34672923
279131939
32657414
838545979
33497800
31737709
21905404
196802368
19529605
14365312
63155239
421125838
34941106
44851079
42690697
95238065
366113519
20240015
165119205
425708396
22415635
196999109
577472022
495004140
20142758
27716729
19077517
15205606
463855799
41337693
23189168
72797562
111107965
351650159
398124347
116732090
122195535
