3004764783
33609198
17813010
21905404
29908667
899582072
19236875
34898791
19758906
45594856
18213346
68668134
18609590
409367244
342052637
18897831
21391879
105244357
17085853
25144335
33497345
19405748
27834369
20142758
18560876
17572399
21859700
39091525
21288315
59381298
41093382
19764533
26588415
180553528
42920657
23641557
279131939
89453487
85529693
242710578
16718406
376405360
454232244
277952606
299300366
520507576
23084212
477981220
387060103
475541297
41810622
408357191
95705952
481976488
203030107
479459584
145642469
453333341
27207896
45191644
342898782
287950021
47478491
460049232
47476554
40939645
14291217
380800640
236116002
515807138
252673040
78307926
328445838
21746816
33981095
400060778
48980951
18955891
22196778
38402978
138473959
547072694
25974063
57916104
52765131
176164976
421223374
349042271
34672923
22415635
267147990
16557956
20301193
75224818
36189150
41337693
206132663
70987513
18760790
63425851
65586025
74539103
24687109
269882924
28301693
39047002
196409507
196802368
56636606
25313658
385881449
20796069
30739418
19340799
19642213
