28099901
2317558679
24158592
139997002
165940771
177911444
25262480
307240505
77808402
1054287118934200320
1064859732471660544
1466485664741007364
57832321
1479379845859749891
1083680172023447552
3095555487
1462548977367359490
387800504
50676238
1296731627385688064
415701368
992688838987436032
1125686619745472515
1373597254678945793
367047571
1229860293431504902
859407446
81578629
234264341
1210303910944137222
1354354296
492554765
1861366753
1144341867900940293
40505648
793593704
1527864668
31976183
14285079
816993776
1972165123
939818513472114688
26470805
237524449
228791637
333903537
3175807619
83858081
39599815
962997877
1179383574
1029415540694179841
31662242
192273401
1333715688976953344
29182651
1181690018773049344
2509929174
1071398514389909504
30183766
47413994
2764238603
1209777222321614848
1215914436
204256266
236827326
66340772
16904159
503245246
1400777804
27844732
52765131
44174373
17425802
728743549
1208042953404497921
1125479276336308225
538491906
337332303
907517876973834241
30941476
66681098
62522258
5628242
447536883
2329033481
88001109
1070979968551784448
822215673812119553
1349149096909668363
939091
30354991
183770525
1464466166
916215618612973568
3314634789
979213423
2949699064
18948340
162689371
2873711309
25938285
62156156
48980951
338209422
2889698867
571762248
34656014
1456563074
20462416
22151193
72767373
54917900
64697682
1374430261
230864956
835504832
239921383
116249881
2412042233
3387892282
3352409470
2446743776
422500531
40209152
39465048
140118545
107505490
101859937
22608196
142588201
583114172
822215679726100480
1536791610
28865987
18642445
2312144515
60655988
101727020
53949942
32347467
470246996
469397876
1513811304
3180373702
356740432
197167810
358969925
112981132
319228928
2415646176
511025175
1288773914
30281571
359257472
31709436
2841211420
33281373
401881369
22172506
340852718
28870473
614621262
372817334
304651235
1375278470
255507339
25264938
886683678
3094305801
78864889
3160206087
62806889
821110070
1167061771
17471820
155694288
373612898
18447095
37892208
91894424
95617258
2563018520
176351205
3097251287
37193436
14549178
21469670
248569306
262178051
1849430029
496861871
156455133
356794586
3004068407
3017633795
601775338
50079902
37416154
33307967
22915264
29659136
36025548
2580986466
32539537
2858411747
1363081567
285628825
280019924
1598116872
814181377
184357902
388815555
96861734
28090915
66985635
1611324854
19705628
2978119762
55184137
19337187
317101757
2465468423
2723100389
307456888
304543204
82872579
65313321
245454199
1894480675
33993399
2577916955
524437359
55496543
26719548
2586939154
761135604
14659667
2228333039
518581730
35880536
16813552
64247948
22604909
68668134
378433833
31090806
567915703
818053116
277496292
580896972
219640976
580064293
740526594
633303672
343911150
42845459
51200901
58511405
78880631
749850007
2264840661
93395265
41796727
554409511
410731663
2297754898
2785445996
949583790
16465385
251523398
67153318
47331384
26978944
31444149
2280909989
49464697
219093490
28536583
2250914512
1896734448
1952638056
484859147
440209308
433608736
14340921
33885551
116697719
16542861
16804282
18897831
354516475
142282484
20195297
2468221382
499828502
377270903
701807069
279250117
14277275
67557660
526723478
1662687974
21076906
18475198
22049212
459980638
28952277
577036118
247251231
306138490
497816113
62266883
42857269
191754155
473185962
64385966
238308510
34285054
289234674
478640244
490650354
39111421
46846804
942304814
157907219
550012234
44206834
2296352710
835499540
2164375333
303064687
18459365
33236436
465800882
27601663
17179368
70372722
46359538
21868875
36624824
9550672
624650855
31189481
1314801468
2177706409
340225521
18470331
17484539
30494954
137310893
75069067
19744711
1736578286
1280969856
381430471
71069347
529334746
276172272
24950478
743060426
1482525636
500885877
44983912
1126198074
44869490
1076088475
412590376
1959103621
711451225
1582853809
17066475
1691130469
770296968
1519675345
744702211
219416031
14687587
369472252
115441879
18016543
269937776
45191644
1639816483
291692496
1860429764
61735082
45919516
20679622
1514380375
119672633
1198189740
1313453989
1731973704
5636412
19827241
383680734
1568450005
89962226
513584555
74816832
155976053
319072924
322531105
16789970
31356997
22470299
17137497
1665894013
158823917
18629226
66099246
78552862
47318453
14290726
84314543
244561582
421389045
346790075
27494431
1477123380
1240247868
29437847
467760220
84538257
507541495
899800400
132255549
84289595
237767804
85403705
426153152
461949135
902402563
792605850
473031101
929412942
19067312
99620052
1326712711
14336123
29675467
39219035
398606542
1397661872
74474647
1342246146
16668912
33598805
21695321
380447911
198549401
62508465
41878492
24746466
374402229
310519153
10451602
20503192
515467135
56341511
17187058
234881454
634008527
304608466
192889718
27844742
292869733
144442545
31499866
24575979
34933098
542053860
532666723
39339357
1007279654
224240042
161616513
475024774
24687109
199751812
102355493
1200631555
24508944
243236419
27439876
395439921
32153805
1178437964
53001850
29660732
34941106
403276851
14559745
735780246
234410676
369974342
59406272
452896048
112491930
1093090866
818876014390603776
156580448
611671076
28097104
1080792794
520670946
194225757
135064105
61012500
18387289
82653721
275977585
89484734
1026308156
18988667
118415180
270779278
23176823
494384645
607586872
908397026
15277043
605217413
473023295
38504187
499776536
19388802
574581293
20280065
38265914
411319649
504834362
61250638
815964140
932148577
35704210
737516430
495417796
14400454
79163086
299517976
21859700
35834118
375109526
110235065
45818077
406949320
576277605
29153118
817469095
483148198
367141524
498318691
184722739
241691973
341564433
20936956
471986660
22415635
246956918
377662553
432598512
49711640
330398843
481932428
175148931
714812948
411052847
28370132
38145897
19388166
20920040
33892809
244225925
66998183
739198430
363282607
36664869
19644592
720635576
31372910
732891373
103555738
746943120
76610050
63262403
457640845
214592598
374407462
609562767
41325780
49570820
85635457
15667802
60891099
714901412
31821927
143582713
216044994
14406719
109374678
49068924
28827724
495857622
19769863
536750163
37620087
25974063
437022832
600758713
65586025
385881449
113087150
18609590
140423271
570673648
20431436
590756443
22926471
34246567
287725396
441063530
196749708
518367199
344327156
86154361
25477368
392847346
409367244
516671992
452940934
14379246
205971390
219268128
20611702
117456179
31392015
34886808
47646874
77722927
258445122
13241742
28364125
50303955
16432083
18669139
28094274
317692735
66696236
371715518
43383705
364488011
382598137
43528884
100009493
38451208
74969374
450058466
501923483
349645412
84796534
46857953
138376196
503456777
43781449
62523083
16362310
184438790
354863063
436919415
222209875
30873513
22774935
388143806
19319985
36705949
27879900
327881602
22920732
48536494
492569862
33609198
466342611
25288198
226167775
107516611
482971150
17085853
44869631
486559617
360447111
493155179
408444085
30739418
307465602
357011498
358963818
359573726
18714976
352534464
403001521
453236818
426642590
481976488
479459584
470502387
19107881
477083567
211306835
207888226
190013936
34972320
381446233
176164976
307854601
52566588
81605238
454191471
228694077
39811941
61450363
33173582
311886739
436515416
17220934
142326694
241959982
184485805
149634821
240320823
387309747
337299890
24426957
95036315
274431757
400060778
243094490
18549724
33030734
380549956
23582217
105897061
15015340
280925842
48660856
240741194
35736185
369360878
13763992
172896557
90818945
18529878
49270551
156944270
44714439
349113373
28103763
175357776
31690214
15353365
17867748
15894774
26798240
14340875
33981095
27845999
70423313
28800712
14353621
35834084
257129193
20859090
63266077
20143588
45673798
23503272
22070492
21689226
37904694
136223880
221822662
231770396
18428772
92962860
125988498
24010664
14349636
49674652
22363451
14354733
16110506
34696385
39581053
49370357
93914726
28801448
37267532
121148176
169201702
38282491
46688502
65306306
14291504
36170969
14349782
156058914
48702842
52386128
21859509
33467543
41890150
65460298
89466599
153810519
101758086
34910028
18675926
25289729
21854256
20007237
64441266
135159040
27848098
123796114
14581396
27704856
31700411
16477126
17673981
19766036
47282349
34032735
28726577
18970504
63153616
18167583
68801651
75742264
19081813
14340561
82353528
16945575
20044495
73870810
29716556
36027595
39966546
28110788
63129578
20970878
42844817
21853001
23418810
42741077
46081160
19145380
27437465
15027785
80380345
112428297
26196253
36307732
49569644
23040265
34050300
25813743
31736692
7981922
95456557
85529693
27938849
14883885
28142174
20796069
85550128
20013086
36028993
34561301
34859489
14294610
39969553
73469705
85383269
28101138
14785316
36627161
39460973
7087422
82172048
19901366
45872558
80931910
42143633
74539103
25313658
40049680
65633646
77990661
16017859
19107588
37631582
14214281
6466662
66664753
14277722
68503817
19254732
34575407
19256979
14330330
35235493
45565440
47974057
65334576
68935169
14360897
15895694
55541718
45594856
31381810
25966747
14312379
18682262
19361192
57653188
63155239
23849809
38260259
20853361
45565446
20868447
61724625
59548897
48713549
17187914
813286
19405748
22014140
21695947
18213346
21423985
19188289
14997025
18332222
32467248
39091525
34579307
18550407
18633093
19340799
38402978
19764533
14455058
63118794
18560876
23104499
19236875
21022281
17813010
29928571
