516464106
1414494862204936196
1826971
1357630163459198977
262230432
169201702
35890178
603775254
534201338
159064970
3345563439
1311296533720072197
1356328327842308099
30322601
25380560
18761782
600779680
95731075
1335604188064206849
56044169
842787134612344833
421125838
214413743
108247668
226087776
69008563
371988073
2812776498
217419152
177695685
552236475
339055436
330262748
565710092
169686021
33475651
2785194610
8302532
81844094
1182358025165836288
333903537
177917586
725925007
933687579769221120
59569015
14420387
2992981499
20868447
14291684
61450363
14310315
14360897
3009953967
29792081
347849896
1177607350867415040
97925972
351650159
87320290
28232768
3294204010
376753962
18982509
45845636
2228363243
34285054
14365312
955805444
4179613355
25144335
221812405
30354991
357606935
970207298
14377605
409486555
29442313
939091
1076401089585528832
138203134
293624877
66664753
31499866
25346891
838111239750447104
2881425149
750511978041470977
26744973
818876014390603776
185827887
1030711922
19867810
58263050
20769446
20094138
2251977161
17074440
1051396218
41814169
86514464
2161424113
1972948940
44606764
52726195
2464733534
163424424
1267452992
41335076
3207380837
41312208
715927714855837696
1426289635
117777690
216776631
41554173
19151976
4216927337
105925524
4257078317
1731766176
2420746373
3409591569
1037031822
470937613
44344421
2264840661
19725644
2317351705
46335511
951333086
822215679726100480
1536791610
1330457336
606259427
34672923
1162633626
3258412097
282763384
463269100
3185933105
3094698927
3186664906
3151845492
1339835893
160952087
95238065
187510623
52668925
390856590
923679078
25313658
267403905
20301193
47453114
182424552
307821261
1119089342
1351487371
2303715102
2336438769
2477906185
2911036978
319216129
21695947
22014140
24046713
17066475
27845999
17650380
14125317
26719548
17685876
76292859
55496543
18292862
34599188
14349636
20329566
20144046
16718406
27207896
2935203605
146422421
85640142
39147187
42727505
38745273
338475079
253566383
789950486
1148631428
19058613
30934541
19764533
39219035
45565446
60891099
2180532753
45919516
64366720
316389142
19562228
158414847
19697415
14114267
18087674
63129578
516671992
17813010
36307732
705893306
20675372
343627165
29908667
63262403
61724625
160676165
2470611336
1656508795
41597325
2346469263
314635115
2657103611
2284226135
37020771
257604903
30955482
2284280579
83200416
37904694
20155652
36015085
1092464137
22415635
31386412
988264968
255198886
41337693
473914976
18609590
15895694
34928067
19188289
279131939
776507161
365442260
6480682
19279990
25084660
65804220
527526077
32827431
16432083
365414589
242679899
1412391013
20796069
20976857
291291580
6592852
62569436
19901715
1162456974
46071066
195802870
36028993
14340875
14340921
16557956
500042487
18948541
48815812
1260564978
22910295
140750163
378751785
366592246
139092348
344801362
394581283
122072320
80522478
56342547
95640962
93247303
97210423
14763346
356705892
20015311
1259492071
1259730024
1347143065
16303106
17020962
522040889
31195822
459244326
318966907
35815863
37611963
215410325
65406218
67577128
407728192
45869298
197100857
239412660
262383422
225215474
423911998
406582236
290641831
143942849
235621922
327478008
50034335
417852783
32143944
348397001
19730882
57341308
26464920
143394862
27457788
166767883
813286
19058681
