68352264
2825899037
471084733
612631568
4866608398
1275457709702348800
1060636928264024065
1112977345
1352643012262850563
393387610
2326177498
217906148
494989824
237524449
1551459979
221812405
1208042953404497921
3179684110
3617957237
33480259
315450755
1255234986887860224
2881057294
66793968
25977779
2499892070
414125900
217530764
169201702
156944270
456490306
19389900
1103954374550872066
208192338
20679622
66985635
101758086
912566684
2933938679
831524237584297984
382817467
30877536
49746926
1259245140
47974057
18716146
189051125
17756100
125950855
36747640
86154361
204525639
19108766
2910548418
389983752
28361716
19762987
20195297
14998206
428854213
567915703
183356975
38885139
37416154
135153110
90848755
51200901
135820177
40049680
17425802
18988667
60896067
38493594
462315226
291277159
25171315
39599815
54917900
18332222
313845197
23830152
46869791
45565440
96861734
277496292
64385966
21393069
34696385
473914976
34972320
769871836347850752
740250632049807360
36021530
32416211
20974015
198625434
1251538416
35483071
228694077
53543908
3165982823
4384251
3029842806
517844607
21846143
82325555
260132760
899408035
3688799601
231118152
43091419
135173461
3165755015
703140685
2863714984
2748398647
43084246
2560749519
356398393
224240042
64697682
20934285
1285491224
33168455
1091989969
338209422
2504754928
1284684080
34898791
294073504
263573443
62266883
48972045
818053116
157295717
499211936
208623146
36039059
69007602
40215521
43071761
732912102713765889
136029854
11909882
134243190
717774036877623296
2583422995
33610589
21022281
20008618
67668487
95238065
4857210784
2404437771
15008449
40935476
20796069
93247303
20425675
461105934
19901366
16813552
3033313764
14502885
19188289
27845999
36378384
19975445
28818351
22028192
20223894
33483219
32352556
25295208
265887867
89172908
220284933
20462416
247185936
414062627
17481478
20453259
25264938
1536856958
425708396
18934005
92962860
38260259
20238626
74217252
378433833
19337187
31085474
37630783
28533825
45342108
112428297
137101867
292904816
14402173
409367244
27844742
17650380
402519011
14304692
38696507
358969925
26344613
30941476
33988509
14407392
354516475
1198189740
33852061
17230800
22920732
972466434
41597644
37285913
431549520
341062077
863308099
35246361
329046585
63129578
31109467
193597488
25966747
41184497
1286728178
308565504
1886530411
107354968
191815634
112813136
1534655556
1225199370
496989250
44344421
607016620
494238670
2580682589
127074628
45315024
920783642
39014421
464559351
17873227
2785883318
212679945
40209152
222251213
2566090581
2391609793
2892899405
255507339
52104623
2545944434
2977875651
2999558261
30955482
44869490
2929586027
68662438
14419039
32873744
3175807619
509374404
1691130469
16823599
17482669
40869450
225273059
37387091
1972165123
15101278
22049212
873304134
63262403
21746816
2336438769
1351487371
23574285
19901715
2228363243
573535964
16388996
63266077
199670339
34285054
54577364
31371709
25144335
61781451
30759351
199767329
120036979
369395471
26837025
81844094
33497800
21905404
21391879
455709392
1204838809
1178437964
150763346
37168047
62574827
133887945
410731663
525514579
135462216
55496543
3334377035
64366720
14214281
241959982
61724625
400009989
66664753
243206115
16542861
27105229
99376470
36028993
57696728
494384645
410038024
58477132
25313658
214049275
23320712
193554972
18016543
19529605
22014140
16718406
26719548
16557956
108417952
14237373
14332159
10451602
14114267
14224622
34656014
246816735
47895003
743060426
14997025
37231899
74143933
45919516
230457924
33659151
322531105
18293645
29928571
26719515
34910028
2240680102
18213346
217217458
707927607
103555738
22172506
319228928
883921728
20210193
29908667
20868447
28303450
1653771666
31499866
66433571
154673517
19256979
34050300
23937836
48713549
19236875
250435513
1076088475
44317501
115441879
37193436
39219035
384786873
32535843
67153318
142282484
18970504
19764533
1219865652
808576236
193186935
19343254
17066475
20301193
24426957
500885877
25416669
41337693
279131939
14340875
22415635
39966546
37904694
233511339
304651235
34229862
42844817
31386412
6012852
14617551
29273536
17813010
28109832
31700411
352534464
138376196
36307732
25996040
24950478
21423985
18948340
26601441
21695947
14340921
81578629
30873513
41554173
18897831
19157451
49073990
18669139
2645220702
26214264
33467543
39974570
317101757
59548897
31267211
21870007
22194908
14118604
33483952
14687587
112871323
42042554
1382743280
1157965518
225341716
333903537
44983912
90448119
221822662
76292859
34941106
62523083
18609590
27848098
46081160
33236436
27317182
45594856
46644261
45565446
23849809
188256896
142613436
38882731
23185890
276172272
20145056
16432083
37665779
101727020
38643660
379043252
