3351725236
2537682190
3293084693
64970203
3432728453
3418853543
3431960303
63129578
3342591807
241959982
214064340
155826733
2466163986
1652883288
1903740866
1314054067
3154859768
2581851269
3092054339
231118152
1452515058
28397024
2888339207
85883333
92618629
20629858
31085474
1329038221
2512551217
2563018520
36624824
305455284
520658632
47317899
2168750031
103555738
179050190
484273177
116697719
901239931
46846804
2501224960
2488560805
40482226
28626588
1590957253
1272762564
2467169979
2425531422
2175439143
14214281
167092490
24153920
1382581741
770296968
19388863
537290850
72121824
22365643
18724292
31499866
14997025
2389682486
18988667
24955372
317101757
2382072622
27515852
88391265
221726495
462056552
2275431609
13473072
2352097972
348397876
31709436
1534655556
63266077
18360037
142613436
41554173
135462216
96833781
19188289
107354968
1306881997
18897831
51224253
141521060
93914726
612631568
148112377
18475198
133563792
419553326
1509713220
61724625
319228928
42042554
225341716
17650380
322531105
1043282406
1729801471
75060420
14340921
235145810
14340875
27317182
45845636
709461322
986502582
481458863
25389682
44851079
500885877
36059230
45416330
1076088475
2179699148
524326247
366015040
486553233
1076581284
421368016
33502071
1876471668
41785808
44098080
908582106
47282349
1878390446
14687587
90831443
1708897405
1381262292
46081160
95605924
381446233
22363451
386423789
80668551
1665189008
328995303
96861734
19646280
20301193
21393069
19764533
612664952
47453114
23185890
1047769484
1704050839
542622412
34696385
20432556
294556162
1488840763
437803905
20240015
42625724
137678609
45531571
40012741
1119507482
27105229
90448119
87387245
47895003
525514579
21033770
111546153
63262403
393992749
1391542884
403973682
36307732
156944270
1513410282
62266883
944616330
279131939
247746206
214049275
187441247
30894828
47974057
50604877
112813136
395306456
23574285
318271193
63425851
26979187
24508944
1486998115
19899477
105092557
64441266
31963968
84709356
1416056570
21179460
402952461
87402180
325150281
133634310
19758906
59285702
313845197
103280252
404234002
902028193
1224638647
347853730
81844094
421125838
21905404
39091525
19529605
436515416
216789562
1239625908
873304134
75224818
1043373894
17929243
21759024
1127641760
495004140
104559488
961280796
26837025
148299936
17590338
185993186
63119470
149046826
24158257
233909537
1225379666
57093175
842396898
1227121567
1286728178
37631582
38882731
1324175449
90269251
25063945
74143933
51870096
18716146
951333086
1138000304
96627090
188256896
16557956
491297741
501637104
24154098
34703909
511735749
215944848
1178437964
26719515
1254670231
313218043
35183264
40825156
338651001
115441879
848949259
1103808170
47301143
106401516
21022281
40935476
403636945
228694077
1181561850
615044048
18609590
411052847
355353869
60891099
48667326
273587097
75256046
28097104
1190182783
75660513
76292859
88979724
291890876
490191091
43531203
952592922
1150972124
74116688
23531137
36705949
720418093
308565504
31362430
478685985
202129436
921362574
20546839
846246444
52386128
19145951
55496543
895029930
112420057
82299404
1021568924
203041512
403272223
1077835411
48980951
245770187
1096247492
1097743663
886572175
1103749050
1127724871
478935066
1123371788
41337693
19901366
352534464
70643948
956857736
33236436
19337187
10451602
18450196
89037145
142282484
20195297
28726577
621318402
24426957
127057123
19827241
45919516
48713549
16813552
26576228
34941106
14224622
26719548
19256979
18213346
418122076
38646590
473914976
59548897
27845999
172694845
279250117
23849809
415866479
28303450
975902922
34672923
66664753
22014140
44577324
33467543
38451208
42844817
20796069
112428297
25313658
29908667
31386412
19236875
373890791
14998206
22415635
39974570
17685876
34580764
460406210
29040562
886513356
19583956
329210216
904566048
21568065
916703766
477643223
334852211
47154016
73483943
456469245
972534738
394247646
281020213
45594856
45565446
16432083
33008891
838570358
38260259
849884281
962140734
74539103
84125859
370593604
39966546
17813010
90607528
466668649
564822076
281418592
29676425
605360420
156582871
319072924
14899503
42375137
491541680
152591353
340753571
289508904
21698000
504548222
156202417
49073990
35834118
154646113
221822662
326165164
56840073
308394496
459237590
19967593
106592036
18669139
501130241
20582802
16542861
92099045
29928571
27000632
404124016
58511405
122072637
31387825
42952731
924875222
20611702
18628277
20707143
24441893
338209422
521544942
507541495
24564251
21695947
14659667
34599188
91756062
49601504
281153090
39342472
14154562
91650532
145970009
113147061
402644147
353652117
353664792
358676812
72840952
86577305
