16432083
55516088
1362544471
1318592060593668096
21850674
60896067
14700316
14125317
63129578
142282484
14114267
241959982
39966546
381502681
2097571
46688502
20301193
951333086
33885551
295361148
18213483
560965705
180704610
1032283572592361472
996778028196925440
23849809
45594856
17066475
34941106
873304134
822215673812119553
62513246
166739404
155659213
50374439
163841304
168986242
792314713090686977
2982570029
811614422103900160
363176064
2305725297
2558588925
2968285901
3794922435
881814130117804032
2965621427
67861527
718403599794089984
845552898335485952
950779871848001537
2314987270
427632261
947245452629594118
62266883
20868447
21695947
29908667
2297137750
18387289
276675433
29442313
516671992
848824298
123504602
14055301
15675138
577249224
15012486
9109712
28785486
20646711
1367531
34231784
63684001
525260372
3079767083
1114734582
20479813
759251
38260259
3380041287
48333044
34672923
373808351
85289376
